Summary
Name,"DCM-T15-9-30-20.rslt"
Start time,2020 сен 30 - 15:40
End time,2020 окт 02 - 19:09
Operator,"Alex"
Results file path,"C:\TAMIII-Results\SUFEX\DCM-T15-9-30-20.rslt"
General Experiment Info
Bath temperature,15°C
,Sample - Ch 1,Sample - Ch 1,Sample - Ch 1
Total mass,800mg,800mg,800mg
Name,"DCM-T15","DCM-T15","DCM-T15"
,Component - DCM,Component - DCM,Component - DCM
Mass,800mg,800mg,800mg
Name,"DCM","DCM","DCM"
Physical shape,"Liquid","Liquid","Liquid"

"Time","Temperature","Heat flow","Heat","Normalized heat flow","Normalized heat","PCB Temperature","Ampoule A Temperature","Ampoule B Temperature","Time markers"
-2050.85031032562,NaN,NaN,NaN,NaN,NaN,NaN,14.9999480053973,15.0000412820792,""
-2050.84966492653,14.9999995321718,NaN,NaN,NaN,NaN,NaN,14.9999480052736,15.0000412819556,""
-2049.88655328751,14.9999995570265,4.12663254807364E-08,NaN,5.15829068509205E-08,NaN,NaN,14.9999478206003,15.0000410976017,""
-2041.58637356758,14.9999997712272,4.03245850021689E-08,NaN,5.04057312527111E-08,NaN,56.5374974447037,14.9999462290705,15.0000395088235,""
-2019.95944070816,15.000000329348,3.78707877606359E-08,NaN,4.73384847007949E-08,NaN,56.5374301754914,14.9999420821832,15.000035369106,""
-2004.51494073868,15.0000002149979,3.77221470156839E-08,NaN,4.71526837696048E-08,NaN,56.5374317779342,14.9999378010287,15.00003108823,""
-1989.0685710907,15.0000001005697,3.76803677561942E-08,NaN,4.71004596952427E-08,NaN,56.5375077589552,14.9999335193561,15.0000268068359,""
-1973.6240708828,15.0000000773824,3.74043517652908E-08,NaN,4.67554397066135E-08,NaN,56.537585179123,14.9999287500296,15.0000220392821,""
-1958.17770147324,15.0000000542113,3.71126716490655E-08,NaN,4.63908395613319E-08,NaN,56.5376647776301,14.9999239801259,15.0000172711512,""
-1942.73320150375,15.0000000786091,3.6998108861429E-08,NaN,4.62476360767863E-08,NaN,56.5377405071783,14.9999174246752,15.0000107116704,""
-1927.28683209419,15.0000001030238,3.68953634637815E-08,NaN,4.61192043297269E-08,NaN,56.5378104692636,14.9999108684309,15.0000041513957,""
-1911.84233212471,14.9999999965156,3.8944725392724E-08,NaN,4.8680906740905E-08,NaN,56.5378029220401,14.9999078977854,15.0000011742646,""
-1896.39596247673,14.9999998899452,4.11383011446063E-08,NaN,5.14228764307579E-08,NaN,56.5376794292742,14.9999049267803,14.9999981967731,""
-1880.95146250725,14.9999999059104,3.8567223651078E-08,NaN,4.82090295638475E-08,NaN,56.5376629591938,14.9999066089654,14.9999998816819,""
-1865.50509285927,14.9999999219339,3.56767212378813E-08,NaN,4.45959015473517E-08,NaN,56.5378064946672,14.9999082913541,15.0000015667946,""
-1850.06059288979,15.000000085668,3.63705274669588E-08,NaN,4.54631593336985E-08,NaN,56.5378908045225,14.9999081116807,15.0000013811458,""
-1834.61422324181,15.0000002495022,3.73047662014739E-08,NaN,4.66309577518424E-08,NaN,56.5378866357264,14.9999079319856,15.0000011954746,""
-1819.16972327232,15.0000001742443,3.72890402550128E-08,NaN,4.6611300318766E-08,NaN,56.5379159955841,14.9999066554518,14.9999999155359,""
-1803.72335362434,15.0000000988273,3.72095340045539E-08,NaN,4.65119175056924E-08,NaN,56.5379954427762,14.9999053787634,14.9999986354423,""
-1788.27885365486,15.0000000793055,3.48823201127279E-08,NaN,4.36029001409099E-08,NaN,56.5380740529129,14.9999006680926,14.9999939321164,""
-1772.83248400688,15.000000059821,3.24037126906839E-08,NaN,4.05046408633548E-08,NaN,56.5381514371747,14.9998959568515,14.9999892282211,""
-1757.3879840374,15.0000000128191,3.09423038672049E-08,NaN,3.86778798340061E-08,NaN,56.538218728385,14.999894451235,14.9999877164,""
-1741.94161438942,14.9999999657897,2.95491679947492E-08,NaN,3.69364599934366E-08,NaN,56.5382709800778,14.9998929454362,14.9999862043959,""
-1726.49711441994,15.0000000804684,3.00615818817256E-08,NaN,3.7576977352157E-08,NaN,56.5382622073784,14.9998960488118,14.9999893076638,""
-1711.05074501038,15.0000001953031,3.07024724181092E-08,NaN,3.83780905226365E-08,NaN,56.5381624235439,14.999899152563,14.9999924113073,""
-1695.60624504089,14.9999999887512,2.89708532990837E-08,NaN,3.62135666238547E-08,NaN,56.5381111603855,14.9999039567056,14.999997215866,""
-1680.15987539291,14.999999781865,2.70789347644587E-08,NaN,3.38486684555733E-08,NaN,56.5381322064533,14.9999087614299,15.0000020210064,""
-1664.71537542343,14.9999998963001,2.63629985178173E-08,NaN,3.29537481472717E-08,NaN,56.5381616713384,14.9999148241043,15.0000080793116,""
-1649.26900577545,15.0000000110852,2.57264125716289E-08,NaN,3.21580157145361E-08,NaN,56.538203687832,14.9999208875126,15.0000141383503,""
-1633.82450580597,14.9999999365879,2.56580996647953E-08,NaN,3.20726245809942E-08,NaN,56.5382262153972,14.999923005943,15.0000162646429,""
-1618.37813615799,14.9999998618677,2.5628214698981E-08,NaN,3.20352683737262E-08,NaN,56.5382197289021,14.9999251246298,15.000018391193,""
-1602.93363595009,14.9999999360996,2.46355697047637E-08,NaN,3.07944621309546E-08,NaN,56.5382281434858,14.9999252160337,15.0000184728733,""
-1587.48726654053,15.0000000105212,2.35775970921432E-08,NaN,2.9471996365179E-08,NaN,56.53825873854,14.9999253074487,15.0000185545635,""
-1572.04276657104,14.9999998581734,2.45027463903024E-08,NaN,3.0628432987878E-08,NaN,56.5382401567695,14.9999245636353,15.0000178127774,""
-1556.59639692307,14.9999997055129,2.55624803213544E-08,NaN,3.19531004016929E-08,NaN,56.5381484142015,14.9999238197318,15.0000170709015,""
-1541.15189695358,14.9999997476338,2.30220093167583E-08,NaN,2.87775116459479E-08,NaN,56.5380567245581,14.9999211706785,15.0000144252022,""
-1525.7055273056,14.9999997900287,2.02367985178696E-08,NaN,2.5295998147337E-08,NaN,56.5379650860018,14.9999185213045,15.0000117791826,""
-1510.26102733612,14.9999997604771,1.87728711611135E-08,NaN,2.34660889513918E-08,NaN,56.537907050123,14.9999188754275,15.0000121314737,""
-1494.81465768814,14.9999997308164,1.73985643559553E-08,NaN,2.17482054449442E-08,NaN,56.5378989336397,14.9999192295933,15.0000124838075,""
-1479.37015748024,14.9999999394298,1.68709436775117E-08,NaN,2.10886795968897E-08,NaN,56.5378932592644,14.999919192044,15.0000124488533,""
-1463.9237883091,15.0000001484375,1.64008761534749E-08,NaN,2.05010951918436E-08,NaN,56.5378912105666,14.9999191544903,15.0000124138949,""
-1448.47928833961,15.0000001256993,1.49449783642441E-08,NaN,1.86812229553052E-08,NaN,56.53790316756,14.9999184566615,15.0000117139548,""
-1433.03291869164,15.0000001025801,1.34217191631847E-08,NaN,1.67771489539808E-08,NaN,56.5379359210319,14.9999177587483,15.0000110139299,""
-1417.58841872215,15.000000180677,1.53240405841884E-08,NaN,1.91550507302355E-08,NaN,56.5379672227307,14.9999154514369,15.0000087006124,""
-1402.14204907417,15.0000002589572,1.74603085502824E-08,NaN,2.1825385687853E-08,NaN,56.5379963796203,14.9999131438463,15.0000063870149,""
-1386.69754910469,15.0000000169811,1.68937200407121E-08,NaN,2.11171500508901E-08,NaN,56.5380181911274,14.9999063893985,14.9999996358155,""
-1371.25117945671,14.9999997743991,1.61424377783578E-08,NaN,2.01780472229473E-08,NaN,56.5380291151903,14.9998996341331,14.9999928837989,""
-1355.80667948723,15.0000000641738,1.48898547325124E-08,NaN,1.86123184156406E-08,NaN,56.5380356704999,14.9998953284702,14.9999885722008,""
-1340.36030983925,15.0000003549868,1.36028261098194E-08,NaN,1.70035326372743E-08,NaN,56.5380357517032,14.999891022286,14.9999842600808,""
-1324.91580986977,15.0000002448152,1.2713367832625E-08,NaN,1.58917097907812E-08,NaN,56.53804599315,14.9998942957939,14.9999875337474,""
-1309.46944022179,15.0000001338409,1.18510172497296E-08,NaN,1.4813771562162E-08,NaN,56.5380712912606,14.9998975696981,14.9999908078102,""
-1294.0249402523,15.0000001274324,1.09097784299425E-08,NaN,1.36372230374281E-08,NaN,56.5380976659812,14.9999007951954,14.9999940366962,""
-1278.57857060432,15.0000001212377,9.96300956473709E-09,NaN,1.24537619559214E-08,NaN,56.5381256429439,14.9999040210832,14.9999972659731,""
-1263.13407063484,14.9999999976161,5.76076173606259E-09,NaN,7.20095217007824E-09,NaN,56.5381711294654,14.9999085064171,15.0000017589424,""
-1247.68770122528,14.9999998737287,1.3345145238084E-09,NaN,1.66814315476049E-09,NaN,56.5382425460082,14.999912992294,15.0000062524555,""
-1232.2432012558,15.0000000022687,1.9045243714646E-09,NaN,2.38065546433074E-09,NaN,56.5382755807718,14.9999158713097,15.0000091275767,""
-1216.79683160782,15.0000001313846,2.81796836419359E-09,NaN,3.52246045524199E-09,NaN,56.5382518441206,14.9999187506739,15.0000120030459,""
-1201.35233163834,14.9999999397038,2.06783222368003E-09,NaN,2.58479027960004E-09,NaN,56.5381834033451,14.9999184653556,15.0000117192116,""
-1185.90596199036,14.9999997472606,1.20313286144181E-09,NaN,1.50391607680226E-09,NaN,56.5380488407972,14.9999181800026,15.000011435343,""
-1170.46146202087,15.0000000426715,1.55204379559667E-09,NaN,1.94005474449583E-09,NaN,56.5379974270793,14.9999149543703,15.0000082087882,""
-1155.01509237289,15.0000003392833,1.98460638383303E-09,NaN,2.48075797979129E-09,NaN,56.5380688831727,14.9999117283474,15.0000049818428,""
-1139.57059216499,15.0000000493322,-1.11603123019119E-09,NaN,-1.39503903773899E-09,NaN,56.5381453979116,14.999910650716,15.0000039104162,""
-1124.12422275543,14.999999757896,-4.46077020863395E-09,NaN,-5.57596276079244E-09,NaN,56.5382294079791,14.9999095729542,15.00000283886,""
-1108.67972278595,14.9999996629912,-3.38268951997006E-09,NaN,-4.22836189996258E-09,NaN,56.5382893720017,14.9999113026502,15.0000045629568,""
-1093.23335313797,14.9999995685772,-1.99903815168654E-09,NaN,-2.49879768960818E-09,NaN,56.5383138521939,14.9999130325556,15.0000062872624,""
-1077.78885316849,15.0000001024689,-1.58921816511397E-09,NaN,-1.98652270639246E-09,NaN,56.5383171230014,14.9999086318634,15.0000018867148,""
-1062.34248352051,15.000000638084,-1.24667746214662E-09,NaN,-1.55834682768327E-09,NaN,56.5382890967969,14.9999042306386,14.9999974856345,""
-1046.89798355103,15.0000002973016,-4.94697226321736E-09,NaN,-6.1837153290217E-09,NaN,56.5382794907528,14.9998986303662,14.9999918956043,""
-1031.45161414146,14.9999999540903,-8.92761259260643E-09,NaN,-1.1159515740758E-08,NaN,56.538297050193,14.999893029416,14.9999863048975,""
-1016.00711417198,14.9999997612406,-1.28724314572491E-08,NaN,-1.60905393215614E-08,NaN,56.5382925698666,14.9998926300056,14.9999859139666,""
-1000.560744524,14.9999995687896,-1.68152782168093E-08,NaN,-2.10190977710117E-08,NaN,56.5382555975198,14.9998922305468,14.9999855229884,""
-985.11624455452,15.0000000184031,-1.70616266374683E-08,NaN,-2.13270332968354E-08,NaN,56.5381746234765,14.9998961434767,14.9999894374986,""
-969.66987490654,15.0000004699282,-1.70514968837528E-08,NaN,-2.13143711046909E-08,NaN,56.5380287911748,14.9999000568804,14.9999933524828,""
-954.225374937058,15.0000004373934,-1.81157883725121E-08,NaN,-2.26447354656402E-08,NaN,56.5379283125351,14.9999029834669,14.9999962793319,""
-938.779005289078,15.0000004034141,-1.92548645967075E-08,NaN,-2.40685807458844E-08,NaN,56.5378945962956,14.9999059104077,14.9999992065355,""
-923.334505319595,15.0000002331671,-2.10906631669489E-08,NaN,-2.63633289586861E-08,NaN,56.5378324833732,14.9999087936423,15.0000021047003,""
-907.888135671616,15.0000000624824,-2.29751635490659E-08,NaN,-2.87189544363323E-08,NaN,56.5377285529935,14.9999116772258,15.0000050032159,""
-892.443635702133,15.0000001350101,-2.34702155183305E-08,NaN,-2.93377693979132E-08,NaN,56.5377323606752,14.9999156712549,15.0000089918948,""
-876.997266054153,15.0000002083113,-2.38685650045468E-08,NaN,-2.98357062556835E-08,NaN,56.5378946762843,14.9999196657675,15.0000129810565,""
-861.552766084671,15.000000096238,-2.40929618327772E-08,NaN,-3.01162022909715E-08,NaN,56.5379414631149,14.9999226507388,15.0000159715298,""
-846.106396436691,14.9999999835527,-2.43052584137762E-08,NaN,-3.03815730172202E-08,NaN,56.5378183806462,14.9999256360715,15.0000189623652,""
-830.661896467209,14.9999999475505,-2.63677845813728E-08,NaN,-3.29597307267161E-08,NaN,56.5376808265789,14.999926461629,15.0000197944343,""
-815.215526819229,14.999999911798,-2.85597449550201E-08,NaN,-3.56996811937752E-08,NaN,56.5375219618115,14.9999272872864,15.0000206266041,""
-799.771026849747,15.0000000580612,-2.6315991912622E-08,NaN,-3.28949898907774E-08,NaN,56.5374649315269,14.9999277761275,15.0000211051552,""
-784.324657440186,15.0000002049604,-2.37619134267127E-08,NaN,-2.97023917833908E-08,NaN,56.5375574798446,14.9999282650278,15.0000215837642,""
-768.880157232285,14.9999998880656,-2.39370578435612E-08,NaN,-2.99213223044515E-08,NaN,56.537616015403,14.9999302203406,15.0000235428185,""
-753.433787822723,14.9999995695178,-2.43032131027817E-08,NaN,-3.03790163784772E-08,NaN,56.5376246285271,14.9999321758901,15.0000255021099,""
-737.989287853241,14.9999998758534,-2.52267701013479E-08,NaN,-3.15334626266849E-08,NaN,56.5375961203942,14.9999319047562,15.0000252262536,""
-722.542918205261,15.000000184454,-2.61894998451513E-08,NaN,-3.27368748064391E-08,NaN,56.5375131270782,14.9999316335895,15.000024950364,""
-707.098418235779,14.9999998985637,-2.63335155649716E-08,NaN,-3.29168944562145E-08,NaN,56.537476970259,14.9999267671229,15.0000200850721,""
-691.652048587799,14.9999996104692,-2.64201199563433E-08,NaN,-3.30251499454291E-08,NaN,56.5375095022313,14.9999219000672,15.0000152191913,""
-676.207548618317,14.9999997503615,-2.54656375802426E-08,NaN,-3.18320469753033E-08,NaN,56.5376044721107,14.9999194278317,15.00001273921,""
-660.761178970337,14.9999998918687,-2.4437915603623E-08,NaN,-3.05473945045287E-08,NaN,56.5377910080374,14.9999169552969,15.0000102589284,""
-645.316678762436,15.0000000904037,-2.4862193642989E-08,NaN,-3.10777420537363E-08,NaN,56.5378822851846,14.999921416817,15.000014716538,""
-629.870309352875,15.0000002891806,-2.53886229063832E-08,NaN,-3.1735778632979E-08,NaN,56.5378340046248,14.9999258788771,15.000019174687,""
-614.425809383392,14.9999998626852,-2.58595394829191E-08,NaN,-3.23244243536488E-08,NaN,56.5378536472234,14.9999316755262,15.0000249679677,""
-598.979439735413,14.9999994336981,-2.63266090936966E-08,NaN,-3.29082613671207E-08,NaN,56.5379727751395,14.9999374728772,15.0000307619497,""
-583.53493976593,14.999999936155,-2.6963801464401E-08,NaN,-3.37047518305013E-08,NaN,56.5380178840161,14.9999390518519,15.0000323401118,""
-568.088570356369,15.0000004423861,-2.7613066981517E-08,NaN,-3.45163337268963E-08,NaN,56.5379546533491,14.9999406310178,15.000033918465,""
-552.644070386887,15.0000001130246,-2.83644027551828E-08,NaN,-3.54555034439786E-08,NaN,56.537971751201,14.9999383982329,15.0000316789724,""
-537.197700738907,14.9999997802216,-2.91230385761704E-08,NaN,-3.6403798220213E-08,NaN,56.538106384295,14.9999361651778,15.0000294392088,""
-521.753200769424,14.9999999918599,-2.91452199535042E-08,NaN,-3.64315249418802E-08,NaN,56.5381246476792,14.9999306554104,15.0000239269449,""
-506.306831121445,15.0000002057859,-2.91153738914583E-08,NaN,-3.63942173643229E-08,NaN,56.5379727392635,14.9999251449761,15.0000184140137,""
-490.862331151962,14.9999999671469,-2.75930462340959E-08,NaN,-3.44913077926199E-08,NaN,56.5379300743235,14.9999213502649,15.0000146134644,""
-475.415961503983,14.9999997265604,-2.59649525960247E-08,NaN,-3.24561907450309E-08,NaN,56.5380470724578,14.9999175550943,15.0000108124551,""
-459.9714615345,14.9999998389381,-2.78804557432097E-08,NaN,-3.48505696790122E-08,NaN,56.5380966503403,14.9999158700643,15.0000091271111,""
-444.52509188652,14.9999999528555,-3.00471560536336E-08,NaN,-3.7558945067042E-08,NaN,56.5380477475865,14.9999141848303,15.0000074415631,""
-429.080591917038,14.9999999006417,-3.16166832046061E-08,NaN,-3.95208540057576E-08,NaN,56.5380294866722,14.999916129527,15.0000093872183,""
-413.634222269058,14.9999998476893,-3.31440733697086E-08,NaN,-4.14300917121357E-08,NaN,56.5380559630519,14.9999180744592,15.0000113331091,""
-398.189722299576,15.0000000828047,-3.59079651093868E-08,NaN,-4.48849563867335E-08,NaN,56.5380747044147,14.9999179197408,15.0000111795795,""
-382.743352651596,15.0000003192428,-3.87599887751693E-08,NaN,-4.84499859689616E-08,NaN,56.5380821624726,14.9999177650036,15.0000110260314,""
-367.298852682114,15.0000003066294,-3.91247491242234E-08,NaN,-4.89059364052792E-08,NaN,56.5380805870959,14.9999174601012,15.0000107189373,""
-351.852483034134,15.0000002928746,-3.93127884785266E-08,NaN,-4.91409855981582E-08,NaN,56.5380658340003,14.9999171551619,15.000010411806,""
-336.407983064651,14.9999999666539,-3.88684094446226E-08,NaN,-4.85855118057782E-08,NaN,56.5380189477866,14.9999206090387,15.0000138607061,""
-320.96161365509,14.9999996389371,-3.83789741031258E-08,NaN,-4.79737176289073E-08,NaN,56.5379251979151,14.9999240633337,15.0000173100236,""
-305.517113685608,14.9999998901892,-3.88932699024305E-08,NaN,-4.86165873780381E-08,NaN,56.5379038079688,14.9999255364745,15.0000187873343,""
-290.070744037628,15.0000001442192,-3.94791355486619E-08,NaN,-4.93489194358274E-08,NaN,56.5379878586801,14.9999270097936,15.0000202648238,""
-289.042553424835,15.0000001452579,-3.95181338098418E-08,NaN,-4.93976672623023E-08,NaN,56.5379934535321,14.9999288926801,15.0000200337839,""
-273.598053216934,15.0000001423093,NaN,NaN,NaN,NaN,56.5380029580713,14.9999571756073,15.0000165633225,""
-258.153553247452,15.0000001462465,NaN,NaN,NaN,NaN,56.537929634173,14.9999841759765,15.0000129311491,""
-242.709053277969,15.000000255148,NaN,NaN,NaN,NaN,56.537877550536,14.9999931584535,15.0000070271805,""
-227.264553308487,15.0000003443473,NaN,NaN,NaN,NaN,56.5378490702267,15.0000011905136,15.0000011603096,""
-211.820053339005,15.0000001321445,NaN,NaN,NaN,NaN,56.5378491149422,14.9999958446266,14.9999958156201,""
-196.375553369522,14.9999999277173,NaN,NaN,NaN,NaN,56.5378808582088,14.9999908024468,14.9999907746324,""
-180.93105340004,14.9999998426625,NaN,NaN,NaN,NaN,56.5378191571109,14.9999900435836,14.999990016882,""
-165.486553430557,14.9999997704125,NaN,NaN,NaN,NaN,56.5376536155784,14.9999892735998,14.9999892480808,""
-150.042053461075,14.9999998954493,NaN,NaN,NaN,NaN,56.537607487412,14.9999883464701,14.9999883231189,""
-134.597553491592,15.0000000083696,NaN,NaN,NaN,NaN,56.5376940578477,14.9999872890978,14.9999872681632,""
-119.15305352211,14.9999999339364,NaN,NaN,NaN,NaN,56.5377829621964,14.999984387638,14.9999843726404,""
-103.708553552628,14.9999998737652,NaN,NaN,NaN,NaN,56.5378744601155,14.9999814351151,14.999981425221,""
-88.2640535831451,15.0000000349161,NaN,NaN,NaN,NaN,56.5379393321097,14.9999777581737,14.9999777415597,""
-72.8195536136627,15.0000001742712,NaN,NaN,NaN,NaN,56.5379746159335,14.9999741790415,14.9999741562565,""
-57.3750536441803,14.9999999741726,NaN,NaN,NaN,NaN,56.5380409072131,14.9999719902376,14.9999719690846,""
-41.9305536746979,14.9999997972441,NaN,NaN,NaN,NaN,56.5381416556596,14.9999736792724,14.9999700771771,""
-26.4860537052155,14.9999999824805,NaN,NaN,NaN,NaN,56.5381604902324,15.0000305995191,14.9999723906563,""
-11.041553735733,15.000000159671,NaN,NaN,NaN,NaN,56.5380882976648,15.0000897843036,14.9999748947012,""
0,15.0000001961118,NaN,NaN,NaN,NaN,56.5380463076605,15.000155200687,14.9999786291482,"Reaction start"
18.8379518985748,15.0000002582834,NaN,NaN,NaN,NaN,56.5380204890204,15.0002668073242,14.9999850004737,""
34.2824518680573,15.0000005910522,NaN,NaN,NaN,NaN,56.5380188386948,15.0002898912788,14.9999872336849,""
49.728821516037,15.0000009254605,NaN,NaN,NaN,NaN,56.538045477005,15.0003129780279,14.9999894671665,""
65.1733214855194,15.0000003972627,NaN,NaN,NaN,NaN,56.5380602053313,15.0003235997288,14.9999889462492,""
80.6196911334991,14.9999998640331,NaN,NaN,NaN,NaN,56.5380576862057,15.0003342227156,14.9999884252688,""
96.0641911029816,14.9999998814734,NaN,NaN,NaN,NaN,56.5380450127884,15.0003406905429,14.9999908132709,""
111.510560512543,14.9999999021336,NaN,NaN,NaN,NaN,56.5380176343165,15.0003471591532,14.999993201562,""
126.955060482025,14.9999996637991,NaN,NaN,NaN,NaN,56.5380413561019,15.0003510902618,14.9999971711283,""
142.401430130005,14.9999994239002,NaN,NaN,NaN,NaN,56.5381390303954,15.0003550218463,15.0000011411751,""
157.845930099487,14.9999997659693,NaN,NaN,NaN,NaN,56.5381596938759,15.0003572890324,15.0000053336378,""
173.292299747467,15.0000001115792,NaN,NaN,NaN,NaN,56.5380689795033,15.000359556493,15.000009526608,""
188.736799955368,15.0000000116336,NaN,NaN,NaN,NaN,56.5379701662898,15.0003589834672,15.0000119031052,""
204.183169364929,14.9999999089592,NaN,NaN,NaN,NaN,56.537859615999,15.000358410372,15.00001427989,""
219.627669334412,15.0000000980165,NaN,NaN,NaN,NaN,56.5377831828544,15.0003546924756,15.0000143425214,""
235.074038982391,15.0000002889003,NaN,NaN,NaN,NaN,56.5377560227491,15.0003509741292,15.0000144051605,""
250.518538951874,14.99999999796,NaN,NaN,NaN,NaN,56.5377087773819,15.0003509127046,15.0000177248253,""
265.964908599854,14.9999997039651,NaN,NaN,NaN,NaN,56.5376325114912,15.0003508512726,15.000021044892,""
281.409408569336,14.9999997381268,NaN,NaN,NaN,NaN,56.537572777979,15.0003511865903,15.0000243477163,""
296.855778217316,14.9999997743769,NaN,NaN,NaN,NaN,56.5375368904193,15.0003515219485,15.0000276509404,""
312.300278425217,14.9999999937594,NaN,NaN,NaN,NaN,56.5374112964697,15.0003466753023,15.0000259087294,""
327.746647834778,15.0000002143472,NaN,NaN,NaN,NaN,56.5371562437316,15.0003418280695,15.0000241663076,""
343.19114780426,15.0000000242866,NaN,NaN,NaN,NaN,56.5370059932821,15.0003346682472,15.0000197767657,""
358.637517213821,14.9999998315252,NaN,NaN,NaN,NaN,56.5370068236349,15.0003275075582,15.0000153866925,""
374.082017183304,14.9999997995792,NaN,NaN,NaN,NaN,56.5369667127183,15.000325736185,15.0000158725092,""
389.528386831284,14.9999997686916,NaN,NaN,NaN,NaN,56.5368675820578,15.0003239645974,15.0000163583847,""
404.972886800766,14.9999999408439,NaN,NaN,NaN,NaN,56.5368136569387,15.0003242141647,15.0000185570828,""
420.419256448746,15.0000001143754,NaN,NaN,NaN,NaN,56.5368248371876,15.0003244637623,15.0000207560471,""
435.863756418228,14.9999999196192,NaN,NaN,NaN,NaN,56.536894251852,15.0003269945258,15.0000248775579,""
451.310126066208,14.9999997223442,NaN,NaN,NaN,NaN,56.5370475352222,15.0003295255957,15.0000289995677,""
466.75462603569,14.9999997047229,NaN,NaN,NaN,NaN,56.5371521076236,15.0003340780799,15.0000350935677,""
482.20099568367,14.9999996883318,NaN,NaN,NaN,NaN,56.5371866100251,15.0003386311152,15.0000411883054,""
497.645495653152,14.9999996997425,NaN,NaN,NaN,NaN,56.5372547567354,15.0003435705699,15.0000472107375,""
513.091865301132,14.9999997113476,NaN,NaN,NaN,NaN,56.5373713175001,15.0003485106226,15.0000532338987,""
528.536365270615,15.0000002010216,NaN,NaN,NaN,NaN,56.5374222967879,15.000344253059,15.000050012157,""
543.982734918594,15.0000006941156,NaN,NaN,NaN,NaN,56.5373790059836,15.0003399949799,15.0000467900253,""
559.427234888077,15.0000003514517,NaN,NaN,NaN,NaN,56.5373996076863,15.0003271143806,15.000034609153,""
574.873604297638,15.0000000028008,NaN,NaN,NaN,NaN,56.5375120264618,15.0003142322222,15.0000224268063,""
590.31810426712,14.9999998912288,NaN,NaN,NaN,NaN,56.5376298658489,15.0003025635047,15.0000111601298,""
605.7644739151,14.9999997813498,NaN,NaN,NaN,NaN,56.5377555252955,15.0002908933745,14.9999998920895,""
621.208973884583,15.000000053248,NaN,NaN,NaN,NaN,56.5378949142668,15.0002879667356,14.9999971946145,""
636.655343532562,15.0000003279599,NaN,NaN,NaN,NaN,56.5380540533888,15.0002850397423,14.999994496813,""
652.099843502045,15.0000003068411,NaN,NaN,NaN,NaN,56.5381137919033,15.0002867922474,14.9999967478642,""
667.546213150024,15.0000002835401,NaN,NaN,NaN,NaN,56.5380309274875,15.0002885449646,14.9999989991879,""
682.990713357925,15.0000002488492,NaN,NaN,NaN,NaN,56.5380182897117,15.0002896574719,15.0000004209741,""
698.437082767487,15.0000002140692,NaN,NaN,NaN,NaN,56.5381063593988,15.0002907701138,15.0000018429324,""
713.881582736969,15.0000000629317,NaN,NaN,NaN,NaN,56.5381472269332,15.0002910486884,15.0000024511465,""
729.327952384949,14.9999999108988,NaN,NaN,NaN,NaN,56.5381204483026,15.0002913272966,15.0000030594341,""
744.772452354431,14.9999999424602,NaN,NaN,NaN,NaN,56.5381524974744,15.000293068988,15.0000051324566,""
760.218822002411,14.999999975425,NaN,NaN,NaN,NaN,56.5382688360002,15.0002948108903,15.00000720573,""
775.663321971893,15.0000000636701,NaN,NaN,NaN,NaN,56.5382756371671,15.0002938507044,15.0000061180726,""
791.109691619873,15.000000152352,NaN,NaN,NaN,NaN,56.5381255895952,15.0002928904022,15.0000050302836,""
806.554191827774,15.0000001372707,NaN,NaN,NaN,NaN,56.5381205429618,15.0002893882984,15.000001234977,""
822.000560998917,15.0000001213789,NaN,NaN,NaN,NaN,56.5383230234552,15.0002858857709,14.9999974392111,""
837.445060968399,14.999999849387,NaN,NaN,NaN,NaN,56.5383180693083,15.0002814154822,14.9999932262528,""
852.891430616379,14.9999995753446,NaN,NaN,NaN,NaN,56.5380163769096,15.0002769446523,14.9999890127845,""
868.335930585861,14.9999998395585,NaN,NaN,NaN,NaN,56.5378363067454,15.0002744072688,14.9999864588032,""
883.782300233841,15.0000001080904,NaN,NaN,NaN,NaN,56.5378300781688,15.0002718695781,14.9999839045127,""
899.226800203323,15.000000019071,NaN,NaN,NaN,NaN,56.5378264750045,15.0002742547273,14.9999861013796,""
914.673169851303,14.9999999271635,NaN,NaN,NaN,NaN,56.5378266226995,15.0002766401654,14.9999882985125,""
930.117669820786,14.9999997793449,NaN,NaN,NaN,NaN,56.537792676426,15.0002803637743,14.999991942975,""
945.564039468765,14.9999996310536,NaN,NaN,NaN,NaN,56.5377100215772,15.000284087834,14.9999955878787,""
961.008539438248,14.9999997214032,NaN,NaN,NaN,NaN,56.5376983997976,15.0002871596493,14.9999984882628,""
976.454909086227,14.9999998137247,NaN,NaN,NaN,NaN,56.5377881849856,15.0002902318365,15.0000013889979,""
991.89940905571,14.9999998432182,NaN,NaN,NaN,NaN,56.5378636866414,15.0002968645502,15.0000081788337,""
1007.34577870369,14.9999998721937,NaN,NaN,NaN,NaN,56.5379188287781,15.0003034980667,15.0000149694915,""
1022.79027867317,15.0000000707402,NaN,NaN,NaN,NaN,56.537903835834,15.0003070455539,15.0000187369304,""
1038.23664808273,15.000000270733,NaN,NaN,NaN,NaN,56.5377888101357,15.0003105934704,15.0000225048254,""
1053.68114829063,14.9999999703973,NaN,NaN,NaN,NaN,56.5377665296625,15.0003145281197,15.0000267411697,""
1069.1275177002,14.9999996657863,NaN,NaN,NaN,NaN,56.5378764520768,15.0003184632452,15.0000309780267,""
1084.57201766968,14.9999999310548,NaN,NaN,NaN,NaN,56.5379201004934,15.0003209603015,15.0000340919677,""
1100.01838731766,15.0000002012321,NaN,NaN,NaN,NaN,56.5378693345263,15.0003234576601,15.0000372062857,""
1115.46288728714,15.0000000420286,NaN,NaN,NaN,NaN,56.5378366298389,15.0003177093285,15.0000314767263,""
1130.90925693512,14.999999879095,NaN,NaN,NaN,NaN,56.5378296364139,15.0003119603009,15.0000257464732,""
1146.3537569046,14.999999882493,NaN,NaN,NaN,NaN,56.5378313720925,15.0003083820729,15.0000223094718,""
1161.80012655258,14.999999887343,NaN,NaN,NaN,NaN,56.5378455330882,15.0003048034117,15.0000188720543,""
1177.24462676048,14.9999997366466,NaN,NaN,NaN,NaN,56.5378420870968,15.000305737898,15.0000197412831,""
1192.69099617004,14.9999995845611,NaN,NaN,NaN,NaN,56.5378135912224,15.0003066724974,15.0000206106171,""
1208.13549613953,14.9999998602087,NaN,NaN,NaN,NaN,56.5378198391152,15.0003060691664,15.0000195848501,""
1223.58186578751,15.0000001396956,NaN,NaN,NaN,NaN,56.5378754929603,15.0003054657624,15.0000185589589,""
1239.02636575699,15.0000001239079,NaN,NaN,NaN,NaN,56.5379516545287,15.0003024182613,15.0000155092105,""
1254.47273516655,15.0000001054661,NaN,NaN,NaN,NaN,56.5380569849477,15.0002993703914,15.000012459093,""
1269.91723513603,14.9999999500407,NaN,NaN,NaN,NaN,56.5381148853281,15.0002971809866,15.0000104608081,""
1285.36360478401,14.9999997933542,NaN,NaN,NaN,NaN,56.538105426541,15.0002949913168,15.0000084622813,""
1300.80810475349,14.9999997948608,NaN,NaN,NaN,NaN,56.5381305184551,15.0002913808895,15.0000050374192,""
1316.25447440147,14.9999997978155,NaN,NaN,NaN,NaN,56.5382046737751,15.0002877700251,15.0000016121425,""
1331.69897437096,15.0000000445648,NaN,NaN,NaN,NaN,56.5382651791883,15.0002841788348,14.9999979674605,""
1347.14534401894,15.0000002935964,NaN,NaN,NaN,NaN,56.5383063314732,15.0002805872098,14.9999943223372,""
1362.58984398842,15.0000001627907,NaN,NaN,NaN,NaN,56.5383088874012,15.0002785330316,14.999992560278,""
1378.0362136364,15.0000000284278,NaN,NaN,NaN,NaN,56.5382566985738,15.0002764786048,14.9999907980054,""
1393.48071360588,15.0000000831098,NaN,NaN,NaN,NaN,56.5382826759998,15.0002780732569,14.9999923167293,""
1408.92708325386,15.0000001395769,NaN,NaN,NaN,NaN,56.5384194775948,15.000279668102,14.9999938356371,""
1424.37158322334,14.9999997581205,NaN,NaN,NaN,NaN,56.5384611148279,15.0002835558552,14.999997609944,""
1439.81795287132,14.9999993724602,NaN,NaN,NaN,NaN,56.5383679167213,15.0002874440791,15.0000013847078,""
1455.26245284081,14.9999998754019,NaN,NaN,NaN,NaN,56.5383713547003,15.0002902457615,15.0000043400598,""
1470.70882248878,15.0000003869164,NaN,NaN,NaN,NaN,56.5385116583125,15.0002930477831,15.0000072957695,""
1486.15332245827,15.000000078393,NaN,NaN,NaN,NaN,56.5385542356432,15.0002950275549,15.000009541886,""
1501.59969186783,14.9999997619075,NaN,NaN,NaN,NaN,56.538458485818,15.0002970075664,15.0000117882745,""
1517.04419207573,14.9999999845068,NaN,NaN,NaN,NaN,56.5384324062708,15.0002987645559,15.0000137670663,""
1532.49056148529,15.0000002123887,NaN,NaN,NaN,NaN,56.5385048939336,15.0003005217579,15.0000157460976,""
1547.93506145477,14.999999972819,NaN,NaN,NaN,NaN,56.5385243235903,15.0002997056157,15.0000148698907,""
1563.38143110275,14.9999997286231,NaN,NaN,NaN,NaN,56.5384687258467,15.0002988893747,15.0000139935776,""
1578.82593107224,14.9999998153389,NaN,NaN,NaN,NaN,56.5384209100443,15.0002965447961,15.0000114035158,""
1594.27230072021,14.9999999053476,NaN,NaN,NaN,NaN,56.538384079776,15.0002941999337,15.0000088131405,""
1609.7168006897,15.0000000873746,NaN,NaN,NaN,NaN,56.5383853048257,15.0002892277685,15.0000039132557,""
1625.16317033768,15.0000002703444,NaN,NaN,NaN,NaN,56.5384402932801,15.0002842550015,14.9999990127778,""
1640.60767054558,15.0000001129158,NaN,NaN,NaN,NaN,56.5384429729274,15.0002815037469,14.9999963859685,""
1656.05403995514,14.9999999520334,NaN,NaN,NaN,NaN,56.5383717903969,15.0002787521592,14.9999937588414,""
1671.49853992462,15.0000000922718,NaN,NaN,NaN,NaN,56.5382979102116,15.0002828122365,14.9999979644078,""
1686.9449095726,15.0000002355912,NaN,NaN,NaN,NaN,56.5382202011211,15.0002868728052,15.0000021704834,""
1702.38940954208,15.0000001996331,NaN,NaN,NaN,NaN,56.5381645983602,15.0002912897116,15.000006710213,""
1717.83577895164,15.0000001618312,NaN,NaN,NaN,NaN,56.5381401636265,15.0002957071526,15.0000112504921,""
1733.28027892113,15.0000000519148,NaN,NaN,NaN,NaN,56.5381053311523,15.0002996835693,15.0000154069193,""
1748.72664856911,14.9999999412388,NaN,NaN,NaN,NaN,56.5380558282744,15.0003036604675,15.0000195638498,""
1764.17114853859,15.0000000745554,NaN,NaN,NaN,NaN,56.5380203411936,15.0003059052557,15.0000216917351,""
1779.61751818657,15.0000002104335,NaN,NaN,NaN,NaN,56.538004595415,15.0003081503157,15.0000238198779,""
1795.06201815605,14.9999999611657,NaN,NaN,NaN,NaN,56.5380144383408,15.0003082387541,15.0000238005189,""
1810.50838780403,14.9999997078171,NaN,NaN,NaN,NaN,56.5380603268427,15.0003083272032,15.0000237811575,""
1825.95288777351,14.9999999525471,NaN,NaN,NaN,NaN,56.5380774450255,15.0003083880525,15.0000237104847,""
1841.39925742149,15.0000002025876,NaN,NaN,NaN,NaN,56.5380540642598,15.0003084489092,15.0000236398034,""
1856.84375739098,15.0000000400938,NaN,NaN,NaN,NaN,56.5380169435382,15.0003085574128,15.000023735487,""
1872.29012703896,14.9999998731713,NaN,NaN,NaN,NaN,56.537960478013,15.0003086659295,15.0000238311823,""
1887.73462700844,15.0000001093719,NaN,NaN,NaN,NaN,56.5378772882014,15.000302417552,15.0000177372805,""
1903.18099665642,15.0000003499442,NaN,NaN,NaN,NaN,56.5377564881874,15.0002961684181,15.0000116426409,""
1918.6254966259,14.9999999766577,NaN,NaN,NaN,NaN,56.5377011914916,15.0002923909236,15.0000075520496,""
1934.07186627388,14.9999995966604,NaN,NaN,NaN,NaN,56.5377379589343,15.0002886129719,15.000003460963,""
1949.51636624336,14.9999997809953,NaN,NaN,NaN,NaN,56.5377472972615,15.0002876053635,15.000002199348,""
1964.96273565292,14.9999999715283,NaN,NaN,NaN,NaN,56.5377180994792,15.0002865976331,15.0000009375802,""
1980.40723562241,15.0000000290339,NaN,NaN,NaN,NaN,56.5377385116898,15.0002840532431,14.9999986450584,""
1995.85360527039,15.0000000850794,NaN,NaN,NaN,NaN,56.5378285988251,15.0002815085451,14.999996352259,""
2011.29810547829,14.9999998223857,NaN,NaN,NaN,NaN,56.537902841219,15.0002843873953,14.9999995563157,""
2026.74447488785,14.9999995561174,NaN,NaN,NaN,NaN,56.5379548649931,15.0002872665939,15.0000027607601,""
2042.18897485733,14.9999997995683,NaN,NaN,NaN,NaN,56.5380102622295,15.0002947732109,15.0000102997632,""
2057.63534450531,15.0000000487576,NaN,NaN,NaN,NaN,56.5380704083274,15.0003022807365,15.000017839679,""
2073.07984447479,14.9999997288857,NaN,NaN,NaN,NaN,56.5381652543402,15.0003038230083,15.0000196277011,""
2088.52621412277,14.9999994025526,NaN,NaN,NaN,NaN,56.5383087854095,15.0003053654668,15.0000214159397,""
2103.97071409225,14.9999998272493,NaN,NaN,NaN,NaN,56.5383636293187,15.0003011360211,15.0000172470188,""
2119.41708374023,15.0000002605376,NaN,NaN,NaN,NaN,56.5382941907693,15.0002969060634,15.0000130775932,""
2134.86158394814,15.000000218796,NaN,NaN,NaN,NaN,56.5382854807842,15.0002886782457,15.0000046497607,""
2150.3079533577,15.0000001716073,NaN,NaN,NaN,NaN,56.5383618392568,15.0002804494322,14.9999962209081,""
2165.75245332718,15.000000050601,NaN,NaN,NaN,NaN,56.5383699003537,15.0002735454935,14.9999890466514,""
2181.19882273674,14.9999999287279,NaN,NaN,NaN,NaN,56.5382823377493,15.0002666407191,14.9999818715262,""
2196.64332270622,15.0000000849127,NaN,NaN,NaN,NaN,56.5382331384916,15.0002659868317,14.9999810820818,""
2212.0896923542,15.0000002443498,NaN,NaN,NaN,NaN,56.538237612346,15.0002653328651,14.9999802925417,""
2227.53419232368,14.9999998785607,NaN,NaN,NaN,NaN,56.538236190443,15.000274293267,14.9999891897101,""
2242.98056197166,14.999999506575,NaN,NaN,NaN,NaN,56.5382265214457,15.0002832547536,14.9999980879555,""
2258.42506194115,14.9999998020186,NaN,NaN,NaN,NaN,56.5381804216029,15.0002905742005,15.000005540988,""
2273.87143158913,15.0000001053729,NaN,NaN,NaN,NaN,56.5380833761554,15.0002978945336,15.0000129949227,""
2289.31593155861,15.0000001068101,NaN,NaN,NaN,NaN,56.538040887035,15.0002982424402,15.0000136013941,""
2304.76230120659,15.0000001046594,NaN,NaN,NaN,NaN,56.5380746202047,15.000298590389,15.0000142079389,""
2320.20680117607,14.9999999289242,NaN,NaN,NaN,NaN,56.5381193118596,15.0002963229038,15.0000116390207,""
2335.65317082405,14.9999997510897,NaN,NaN,NaN,NaN,56.5381793217657,15.0002940551441,15.0000090697915,""
2351.09767079353,14.9999997724947,NaN,NaN,NaN,NaN,56.5381940749217,15.0002968339962,15.0000114257012,""
2366.54404044151,14.9999997963042,NaN,NaN,NaN,NaN,56.5381456554958,15.0002996131847,15.000013781896,""
2381.988540411,14.99999988519,NaN,NaN,NaN,NaN,56.5380800855078,15.000304242351,15.000017894667,""
2397.43490982056,14.9999999748767,NaN,NaN,NaN,NaN,56.5379905668292,15.0003088720777,15.0000220079357,""
2412.87940979004,15.0000000591495,NaN,NaN,NaN,NaN,56.5379340203217,15.0003076142614,15.0000210171306,""
2428.32577943802,15.0000001433663,NaN,NaN,NaN,NaN,56.5379234396413,15.0003063562928,15.0000200262056,""
2443.7702794075,15.0000001580358,NaN,NaN,NaN,NaN,56.5379033105635,15.0003019066517,15.0000160256186,""
2459.21664905548,15.0000001718508,NaN,NaN,NaN,NaN,56.5378698663072,15.000297456472,15.0000120245473,""
2474.66114926338,15.0000000295232,NaN,NaN,NaN,NaN,56.5378711808431,15.0002929730085,15.000007541061,""
2490.10751867294,14.9999998852423,NaN,NaN,NaN,NaN,56.5379209213298,15.0002884890023,15.0000030570321,""
2505.55201864243,14.999999936712,NaN,NaN,NaN,NaN,56.5378974596165,15.0002865266493,15.0000008477525,""
2520.99838829041,14.9999999906315,NaN,NaN,NaN,NaN,56.5377720573349,15.0002845640587,14.9999986382054,""
2536.44288825989,14.9999997560375,NaN,NaN,NaN,NaN,56.5377250957782,15.0002888139881,15.0000026596975,""
2551.88925790787,14.9999995177884,NaN,NaN,NaN,NaN,56.5377872946822,15.0002930644319,15.0000066816765,""
2567.33375787735,14.9999999535256,NaN,NaN,NaN,NaN,56.5378084451435,15.0002969062195,15.0000101976449,""
2582.78012752533,15.0000003978454,NaN,NaN,NaN,NaN,56.5377724987891,15.0003007484722,15.000013714039,""
2598.22462773323,15.0000000614425,NaN,NaN,NaN,NaN,56.5377909866132,15.0002982600831,15.0000110980373,""
2613.67099714279,14.9999997150516,NaN,NaN,NaN,NaN,56.5378851661036,15.0002957713928,15.0000084817189,""
2629.11549711227,14.9999998290754,NaN,NaN,NaN,NaN,56.5379686796854,15.0002969250512,15.0000099869014,""
2644.56186652184,14.9999999490186,NaN,NaN,NaN,NaN,56.5380373947174,15.0002980788492,15.0000114922662,""
2660.00636649132,14.9999998642724,NaN,NaN,NaN,NaN,56.5380731793369,15.0003014692127,15.0000153256051,""
2675.4527361393,14.9999997768727,NaN,NaN,NaN,NaN,56.5380632327592,15.0003048599867,15.0000191594082,""
2690.89723610878,15.0000000969612,NaN,NaN,NaN,NaN,56.5380882274192,15.0003069062707,15.0000214957921,""
2706.34360575676,15.0000004223854,NaN,NaN,NaN,NaN,56.5381617398252,15.0003089528024,15.0000238324588,""
2721.78810572624,15.0000003833238,NaN,NaN,NaN,NaN,56.5382276692699,15.0003092871825,15.0000242135341,""
2737.23447537422,15.0000003394886,NaN,NaN,NaN,NaN,56.5382830952328,15.0003096216031,15.0000245946554,""
2752.6789753437,15.0000002201964,NaN,NaN,NaN,NaN,56.5383096097065,15.0003100538356,15.000025227837,""
2768.12534499168,15.0000000998959,NaN,NaN,NaN,NaN,56.5382960326015,15.0003104861205,15.0000258610953,""
2783.56984496117,14.9999999652288,NaN,NaN,NaN,NaN,56.5383208820684,15.000311532367,15.0000270466043,""
2799.01621460915,14.9999998303547,NaN,NaN,NaN,NaN,56.5383990085498,15.0003125787401,15.0000282322569,""
2814.46071457863,14.9999999018935,NaN,NaN,NaN,NaN,56.538439319614,15.0003133583303,15.0000291259772,""
2829.90708422661,14.9999999761949,NaN,NaN,NaN,NaN,56.5384272457728,15.0003141380148,15.0000300198056,""
2845.35158419609,15.0000000561329,NaN,NaN,NaN,NaN,56.5384202728198,15.000312160909,15.0000280716841,""
2860.79795360565,15.0000001361564,NaN,NaN,NaN,NaN,56.5384203620646,15.0003101835638,15.0000261233268,""
2876.24245357513,15.000000089406,NaN,NaN,NaN,NaN,56.5384110080966,15.0003105260828,15.0000263319632,""
2891.68882322311,15.0000000409368,NaN,NaN,NaN,NaN,56.5383885800393,15.0003108686434,15.0000265406249,""
2907.1333231926,14.9999998851917,NaN,NaN,NaN,NaN,56.5384370355899,15.0003162738418,15.000031725863,""
2922.57969284058,14.9999997279686,NaN,NaN,NaN,NaN,56.5385835741554,15.0003216796946,15.0000369117287,""
2938.02419281006,14.9999997997358,NaN,NaN,NaN,NaN,56.5387275852155,15.000328210193,15.0000432566894,""
2953.47056245804,14.9999998746453,NaN,NaN,NaN,NaN,56.5388681426956,15.000334741482,15.0000496024182,""
2968.91506266594,14.9999997754121,NaN,NaN,NaN,NaN,56.5390469292291,15.0003353716761,15.0000500772162,""
2984.3614320755,14.9999996737686,NaN,NaN,NaN,NaN,56.5392786054957,15.0003360019465,15.0000505520718,""
2999.80593204498,15.0000000217932,NaN,NaN,NaN,NaN,56.5394185599941,15.0003644437236,15.0000436113542,""
3015.25230169296,15.0000003760913,NaN,NaN,NaN,NaN,56.5394318448221,15.0003928889439,15.0000366697965,""
3030.69680166245,15.0000003666957,NaN,NaN,NaN,NaN,56.5394956789883,15.0005416320538,15.0000234962843,""
3046.14130163193,15.00000035223,NaN,NaN,NaN,NaN,56.5396293126012,15.0006903751637,15.0000103227721,"Measuring position"
3061.58580160141,15.0000002093685,NaN,NaN,NaN,NaN,56.5397288213496,15.0006692647921,14.99999980165,""
3077.03404092789,15.0000000646548,NaN,NaN,NaN,NaN,56.5397812240469,15.0006481287399,14.9999892783017,""
3092.47854113579,15.0000001253345,NaN,NaN,NaN,NaN,56.5397868892337,15.0006388298294,14.9999966008917,""
3107.92491030693,15.0000001889203,NaN,NaN,NaN,NaN,56.5397280949502,15.0006295297937,15.0000039243677,""
3123.36941027641,15.0000000529581,NaN,NaN,NaN,NaN,56.5397101716526,15.0006222748816,15.0000146621764,""
3138.81577992439,14.9999999141457,NaN,NaN,NaN,NaN,56.5397485927493,15.0006150190913,15.000025401285,""
3154.26027989388,14.9999998958996,NaN,NaN,NaN,NaN,56.5398323221748,15.0006078240648,15.0000352742873,""
3169.70664954185,14.9999998793736,NaN,NaN,NaN,NaN,56.5399785120745,15.0006006281674,15.0000451484847,""
3185.15114951134,14.9999999156132,NaN,NaN,NaN,NaN,56.5400215641159,15.0005954747112,15.000055822245,""
3200.59751915932,14.9999999526156,NaN,NaN,NaN,NaN,56.5399225717664,15.0005903206312,15.0000664972975,""
3216.0420191288,14.9999999458363,NaN,NaN,NaN,NaN,56.5398770441846,15.0005818601193,15.0000723915389,""
3231.48838877678,14.9999999384231,NaN,NaN,NaN,NaN,56.5399051065596,15.0005733985832,15.0000782864938,""
3246.93288874626,15.0000001310167,NaN,NaN,NaN,NaN,56.5398769802193,15.0005586752752,15.0000765505025,""
3262.37925839424,15.0000003265427,NaN,NaN,NaN,NaN,56.5397715311813,15.0005439501848,15.0000748143011,""
3277.82375836372,15.000000359056,NaN,NaN,NaN,NaN,56.5397177247866,15.0005292604815,15.0000716703474,""
3293.2701280117,15.0000003891883,NaN,NaN,NaN,NaN,56.5397349269359,15.0005145689998,15.0000685260132,""
3308.71462798119,15.0000001889518,NaN,NaN,NaN,NaN,56.5397579596754,15.0005023874493,15.0000667044322,""
3324.16099739075,14.9999999853006,NaN,NaN,NaN,NaN,56.5397890138525,15.0004902044244,15.0000648826307,""
3339.60549759865,15.0000000933991,NaN,NaN,NaN,NaN,56.5398199306858,15.0004856098296,15.0000695844722,""
3355.05186700821,15.0000002061256,NaN,NaN,NaN,NaN,56.5398506677006,15.0004810146786,15.0000742868826,""
3370.49636697769,15.0000001502704,NaN,NaN,NaN,NaN,56.5398819327026,15.0004753411502,15.0000768130679,""
3385.94273662567,15.0000000918984,NaN,NaN,NaN,NaN,56.5399139317453,15.000469666935,15.000079339559,""
3401.38723659515,15.000000229385,NaN,NaN,NaN,NaN,56.5399204332167,15.0004580313209,15.0000750288642,""
3416.83360624313,15.0000003698213,NaN,NaN,NaN,NaN,56.5398919393771,15.0004463942983,15.0000707176476,""
3432.27810621262,14.9999999530947,NaN,NaN,NaN,NaN,56.5397572485551,15.0004368845612,15.0000677123201,""
3447.7244758606,14.9999995279256,NaN,NaN,NaN,NaN,56.5394768287083,15.0004273736729,15.0000647066288,""
3463.1689760685,14.9999998265395,NaN,NaN,NaN,NaN,56.5393702827188,15.0004226176866,15.0000657531428,""
3478.61534547806,15.0000001361529,NaN,NaN,NaN,NaN,56.5395021232027,15.0004178611246,15.0000667997834,""
3494.05984544754,15.0000001273846,NaN,NaN,NaN,NaN,56.5395595375673,15.0004173908015,15.0000714337311,""
3509.50621509552,15.0000001137653,NaN,NaN,NaN,NaN,56.5395149654283,15.0004169204214,15.0000760682398,""
3524.950715065,14.999999764186,NaN,NaN,NaN,NaN,56.5395053998352,15.0004187315169,15.000082439795,""
3540.39708447456,14.999999409417,NaN,NaN,NaN,NaN,56.5395437850931,15.0004205428316,15.0000888121214,""
3555.84158444405,14.9999997934727,NaN,NaN,NaN,NaN,56.5395755219562,15.0004211020454,15.0000934320241,""
3571.28795409203,15.0000001889573,NaN,NaN,NaN,NaN,56.5395981651586,15.0004216613268,15.0000980524861,""
3586.73245406151,15.0000004369863,NaN,NaN,NaN,NaN,56.5395966614093,15.0004133219123,15.0000933127658,""
3602.17882370949,15.0000006827614,NaN,NaN,NaN,NaN,56.5395621124218,15.0004049814882,15.0000885724717,""
3617.62332367897,15.0000003783644,NaN,NaN,NaN,NaN,56.5395679438362,15.0003927188568,15.0000795058868,""
3633.06969332695,15.0000000653596,NaN,NaN,NaN,NaN,56.539629009592,15.000380454741,15.0000704382042,""
3648.51419329643,15.0000001469043,NaN,NaN,NaN,NaN,56.5396104832124,15.0003730951253,15.0000658993333,""
3663.96056294441,15.0000002346393,NaN,NaN,NaN,NaN,56.5394831387042,15.0003657346187,15.0000613599129,""
3679.40506291389,15.0000000640194,NaN,NaN,NaN,NaN,56.5394251722829,15.0003624786344,15.0000606205484,""
3694.85143256187,14.9999998893093,NaN,NaN,NaN,NaN,56.5394619910928,15.000359222256,15.0000598810945,""
3710.29593253136,14.9999999754782,NaN,NaN,NaN,NaN,56.5394763946559,15.0003586392563,15.0000615137525,""
3725.74230217934,15.000000065789,NaN,NaN,NaN,NaN,56.5394601881712,15.0003580561861,15.0000631466082,""
3741.18680214882,15.0000000828592,NaN,NaN,NaN,NaN,56.5394860706523,15.0003545126378,15.0000615889621,""
3756.6331717968,15.0000000987654,NaN,NaN,NaN,NaN,56.5395694160714,15.0003509686605,15.0000600311275,""
3772.07767176628,14.999999886048,NaN,NaN,NaN,NaN,56.5395653910607,15.0003454282456,15.0000562444371,""
3787.52404117584,14.9999996696444,NaN,NaN,NaN,NaN,56.5394421549211,15.0003398871601,15.0000524572884,""
3802.96854138374,14.999999618385,NaN,NaN,NaN,NaN,56.5394161533004,15.0003412407859,15.0000553927226,""
3818.4149107933,14.9999995697774,NaN,NaN,NaN,NaN,56.5395227472075,15.0003425945756,15.000058328512,""
3833.85941076279,14.9999997991489,NaN,NaN,NaN,NaN,56.5395658055437,15.0003432538033,15.0000603751415,""
3849.30578041077,15.0000000330467,NaN,NaN,NaN,NaN,56.5395222729172,15.0003439131107,15.0000624220187,""
3864.75028038025,14.9999998500084,NaN,NaN,NaN,NaN,56.5394140325077,15.0003407864324,15.0000605297191,""
3880.19665002823,14.9999996601649,NaN,NaN,NaN,NaN,56.5392176037906,15.0003376593755,15.0000586371905,""
3895.64114999771,14.9999998312128,NaN,NaN,NaN,NaN,56.5391367721424,15.0003368351685,15.000058918739,""
3911.08751964569,15.0000000081838,NaN,NaN,NaN,NaN,56.5392133278057,15.0003360108616,15.0000592003216,""
3926.53201985359,14.9999999003779,NaN,NaN,NaN,NaN,56.5393073312936,15.0003357277045,15.0000598878526,""
3941.97838926315,14.9999997878768,NaN,NaN,NaN,NaN,56.5394251088555,15.0003354445131,15.0000605754668,""
3957.42288923264,14.9999997318212,NaN,NaN,NaN,NaN,56.5395319622061,15.00033463371,15.0000606334379,""
3972.86925888062,14.9999996766916,NaN,NaN,NaN,NaN,56.5396239851525,15.0003338228088,15.000060691416,""
3988.3137588501,15.0000000125973,NaN,NaN,NaN,NaN,56.5395685110013,15.0003353502347,15.0000629919263,""
4003.76012825966,15.0000003550408,NaN,NaN,NaN,NaN,56.5393124703068,15.0003368778454,15.0000652927151,""
4019.20462822914,14.9999999282409,NaN,NaN,NaN,NaN,56.5391706519803,15.0003416495359,15.0000707581604,""
4034.65099787712,14.9999994885424,NaN,NaN,NaN,NaN,56.5391840234966,15.0003464218041,15.0000762242674,""
4050.0954978466,14.9999998025665,NaN,NaN,NaN,NaN,56.5392108312279,15.000350139496,15.0000805545997,""
4065.54186749458,15.0000001292813,NaN,NaN,NaN,NaN,56.5392558976326,15.0003538576379,15.0000848854562,""
4080.98636746407,15.0000002485152,NaN,NaN,NaN,NaN,56.5393224015064,15.0003499055501,15.0000814761135,""
4096.43273711205,15.000000364263,NaN,NaN,NaN,NaN,56.5394180294175,15.0003459529838,15.000078066358,""
4111.87723708153,15.0000001827187,NaN,NaN,NaN,NaN,56.5395170453884,15.0003418910553,15.0000744865259,""
4127.32360672951,14.9999999961104,NaN,NaN,NaN,NaN,56.5396206872072,15.000337828635,15.0000709062604,""
4142.76810669899,15.0000000119815,NaN,NaN,NaN,NaN,56.5397539469622,15.0003395686384,15.0000730740854,""
4158.21447634697,15.0000000313059,NaN,NaN,NaN,NaN,56.5399274163411,15.0003413088525,15.0000752421729,""
4173.65897631645,15.0000003546753,NaN,NaN,NaN,NaN,56.5400401365571,15.0003414236821,15.0000757362837,""
4189.10534596443,15.0000006832933,NaN,NaN,NaN,NaN,56.5400705339938,15.0003415385257,15.0000762304542,""
4204.54984593391,15.0000002458554,NaN,NaN,NaN,NaN,56.5400760563328,15.000340661083,15.0000756966861,""
4219.99621558189,14.9999997951734,NaN,NaN,NaN,NaN,56.5400478748941,15.0003397835342,15.0000751628534,""
4235.44071555138,14.9999999360988,NaN,NaN,NaN,NaN,56.5401006742814,15.0003396627928,15.0000753430325,""
4250.88708496094,15.0000000872793,NaN,NaN,NaN,NaN,56.5402631620615,15.0003395420368,15.0000755232335,""
4266.33158493042,15.0000002548075,NaN,NaN,NaN,NaN,56.5402942559602,15.0003380647478,15.000074305632,""
4281.7779545784,15.0000004226407,NaN,NaN,NaN,NaN,56.5401474984641,15.0003365872801,15.0000730878831,""
4297.2224547863,15.0000001577145,NaN,NaN,NaN,NaN,56.5400449528003,15.0003362235079,15.0000729734862,""
4312.66882419586,14.9999998851919,NaN,NaN,NaN,NaN,56.5400021952768,15.0003358596917,15.0000728590755,""
4328.11332416534,14.9999997554042,NaN,NaN,NaN,NaN,56.5400074174889,15.0003396628865,15.0000768842214,""
4343.55969381332,14.9999996281075,NaN,NaN,NaN,NaN,56.5400775242539,15.0003434665418,15.0000809098545,""
4359.00419378281,14.999999862922,NaN,NaN,NaN,NaN,56.5400645195555,15.0003446085729,15.0000822280343,""
4374.45056343079,15.0000001041571,NaN,NaN,NaN,NaN,56.5399391750614,15.0003457507423,15.0000835463737,""
4389.89506340027,14.9999999285271,NaN,NaN,NaN,NaN,56.5398655652111,15.0003462355019,15.0000841911402,""
4405.34143304825,14.9999997454813,NaN,NaN,NaN,NaN,56.5398618259741,15.0003467203203,15.0000848359847,""
4420.78593325615,14.9999999598224,NaN,NaN,NaN,NaN,56.539920189586,15.0003471085151,15.0000853803442,""
4436.23230266571,15.000000181273,NaN,NaN,NaN,NaN,56.5400624268801,15.0003474967568,15.0000859247695,""
4451.67680263519,15.0000001171007,NaN,NaN,NaN,NaN,56.5401801579917,15.0003449757168,15.0000835360896,""
4467.12317204475,15.0000000478047,NaN,NaN,NaN,NaN,56.5402648484264,15.0003424543716,15.0000811471205,""
4482.56767201424,15.0000000247111,NaN,NaN,NaN,NaN,56.5403105144516,15.000339158115,15.0000779691107,""
4498.01404166222,15.0000000024461,NaN,NaN,NaN,NaN,56.5403035512065,15.0003358614594,15.0000747907162,""
4513.4585416317,15.0000000920997,NaN,NaN,NaN,NaN,56.5403204045951,15.0003314242019,15.0000704555373,""
4528.90491127968,15.0000001837882,NaN,NaN,NaN,NaN,56.5403693744879,15.0003269864071,15.0000661198336,""
4544.34941124916,14.9999998734575,NaN,NaN,NaN,NaN,56.5404666803514,15.0003250224615,15.0000642432394,""
4559.79578089714,14.9999995557837,NaN,NaN,NaN,NaN,56.5406291524886,15.0003230582781,15.0000623664181,""
4575.24028086662,14.9999998985133,NaN,NaN,NaN,NaN,56.5407596017449,15.0003269742891,15.0000663686917,""
4590.6866505146,15.0000002533423,NaN,NaN,NaN,NaN,56.5408469546833,15.0003308907741,15.0000703714499,""
4606.13115048409,15.0000000520468,NaN,NaN,NaN,NaN,56.5408503957761,15.0003364192338,15.0000759750735,""
4621.57752013206,14.9999998405249,NaN,NaN,NaN,NaN,56.5407408683002,15.0003419483627,15.0000815793755,""
4637.02202010155,14.999999897643,NaN,NaN,NaN,NaN,56.5407334268488,15.0003467266167,15.0000864281835,""
4652.46838974953,14.9999999597193,NaN,NaN,NaN,NaN,56.5408633525029,15.0003515054492,15.0000912775785,""
4667.91288971901,14.999999970926,NaN,NaN,NaN,NaN,56.5410291880484,15.0003528045981,15.0000926365371,""
4683.35925936699,14.9999999811921,NaN,NaN,NaN,NaN,56.5412433679087,15.0003541039043,15.0000939956603,""
4698.80375933647,15.000000084767,NaN,NaN,NaN,NaN,56.541346232941,15.0003528184342,15.0000927614382,""
4714.25012874603,15.0000001900906,NaN,NaN,NaN,NaN,56.5412994876551,15.0003515328085,15.0000915270667,""
4729.69462871552,14.9999999454139,NaN,NaN,NaN,NaN,56.5413156973678,15.000349377338,15.0000894202468,""
4745.14099836349,14.9999996941653,NaN,NaN,NaN,NaN,56.5414164996458,15.0003472216066,15.0000873131719,""
4760.58549833298,14.9999996682735,NaN,NaN,NaN,NaN,56.5414454486062,15.0003509956278,15.0000911301586,""
4776.03186798096,14.9999996466102,NaN,NaN,NaN,NaN,56.5413779095632,15.0003547701059,15.0000949476073,""
4791.47636818886,15.0000000650665,NaN,NaN,NaN,NaN,56.5412982966401,15.0003533336474,15.0000935443766,""
4806.92273759842,15.000000491877,NaN,NaN,NaN,NaN,56.5412024544157,15.000351897015,15.0000921409761,""
4822.3672375679,15.0000003312871,NaN,NaN,NaN,NaN,56.5411486342712,15.0003408393919,15.0000811084963,""
4837.81360721588,15.0000001595454,NaN,NaN,NaN,NaN,56.5411511770769,15.0003297804301,15.0000700746809,""
4853.25810718536,14.999999977538,NaN,NaN,NaN,NaN,56.5411646072387,15.0003224412378,15.0000627606511,""
4868.70447683334,14.9999997953126,NaN,NaN,NaN,NaN,56.5411926408169,15.000315101157,15.0000554457359,""
4884.14897680283,14.9999998780026,NaN,NaN,NaN,NaN,56.541245737567,15.0003162782125,15.0000566535447,""
4899.59534645081,14.9999999657693,NaN,NaN,NaN,NaN,56.5413324416816,15.0003174554105,15.0000578614996,""
4915.03984665871,14.9999999330559,NaN,NaN,NaN,NaN,56.541243630058,15.0003212945374,15.0000617178532,""
4930.48621582985,14.9999998980238,NaN,NaN,NaN,NaN,56.540919664817,15.0003251341289,15.0000655746735,""
4945.93071579933,14.9999999492772,NaN,NaN,NaN,NaN,56.5407676022708,15.0003319620208,15.0000724119696,""
4961.37708544731,15.0000000022021,NaN,NaN,NaN,NaN,56.5408456711098,15.0003387907393,15.0000792500934,""
4976.82158541679,14.9999999493147,NaN,NaN,NaN,NaN,56.5409077234113,15.0003434816552,15.0000839434487,""
4992.26795506477,14.9999998943696,NaN,NaN,NaN,NaN,56.5409483580444,15.000348173139,15.0000886373722,""
5007.71245503426,15.000000209512,NaN,NaN,NaN,NaN,56.5409538793852,15.0003473175678,15.0000877839996,""
5023.15882468224,15.0000005318997,NaN,NaN,NaN,NaN,56.5409124327437,15.000346461893,15.0000869305237,""
5038.60332465172,15.0000001896541,NaN,NaN,NaN,NaN,56.5408279271284,15.0003411200804,15.0000815850067,""
5054.0496942997,14.9999998343666,NaN,NaN,NaN,NaN,56.5406858279373,15.0003357776211,15.0000762388425,""
5069.49419426918,15.0000002586199,NaN,NaN,NaN,NaN,56.5406393724412,15.0003289580891,15.0000694274563,""
5084.94056391716,15.0000006982404,NaN,NaN,NaN,NaN,56.5407207158093,15.0003221377316,15.0000626152456,""
5100.38506388664,15.0000002398591,NaN,NaN,NaN,NaN,56.5407277188255,15.0003200587295,15.0000605370361,""
5115.83143353462,14.999999763701,NaN,NaN,NaN,NaN,56.540635429328,15.0003179794758,15.0000584585751,""
5131.2759335041,14.9999998263134,NaN,NaN,NaN,NaN,56.5406202209662,15.0003211255523,15.0000615987913,""
5146.72230291367,14.9999998996119,NaN,NaN,NaN,NaN,56.5407079127074,15.0003242720096,15.0000647393877,""
5162.16680288315,14.9999999017187,NaN,NaN,NaN,NaN,56.5408038391007,15.0003298003845,15.0000702731068,""
5177.61317253113,14.9999999024087,NaN,NaN,NaN,NaN,56.5409107805439,15.0003353294287,15.0000758074958,""
5193.05767250061,14.9999998468371,NaN,NaN,NaN,NaN,56.540885263496,15.0003379310661,15.0000784031332,""
5208.50404214859,14.9999997901338,NaN,NaN,NaN,NaN,56.5406830800321,15.0003405330185,15.0000809990848,""
5223.94854211807,15.0000000112656,NaN,NaN,NaN,NaN,56.5405746300815,15.0003405743847,15.0000810362237,""
5239.39491176605,15.0000002380039,NaN,NaN,NaN,NaN,56.5405910996244,15.0003406157559,15.0000810733672,""
5254.83941197395,15.0000003555578,NaN,NaN,NaN,NaN,56.5405929991308,15.0003405439702,15.0000809951838,""
5270.28578138351,15.0000004709242,NaN,NaN,NaN,NaN,56.5405754863916,15.0003404721759,15.0000809169909,""
5285.730281353,14.9999998652589,NaN,NaN,NaN,NaN,56.5405399953663,15.00033736382,15.0000778032282,""
5301.17665100098,14.9999992449145,NaN,NaN,NaN,NaN,56.5404805523031,15.0003342550879,15.0000746890886,""
5316.62115097046,14.9999995055625,NaN,NaN,NaN,NaN,56.5404227129353,15.0003336423247,15.0000740720739,""
5332.06752061844,14.9999997841635,NaN,NaN,NaN,NaN,56.5403669918616,15.0003330294875,15.0000734549844,""
5347.51202058792,15.0000000528818,NaN,NaN,NaN,NaN,56.5404038054445,15.000330640731,15.0000710544809,""
5362.9583902359,15.0000003214313,NaN,NaN,NaN,NaN,56.5405637378068,15.0003282516854,15.0000686536868,""
5378.4028904438,15.0000002961451,NaN,NaN,NaN,NaN,56.5406527137558,15.0003222741183,15.000062672319,""
5393.84925961494,15.0000002648274,NaN,NaN,NaN,NaN,56.5406473607978,15.000316295828,15.0000566902275,""
5409.29375958443,15.0000001165209,NaN,NaN,NaN,NaN,56.5406628277341,15.0003148219136,15.0000552171349,""
5424.74012923241,14.9999999657858,NaN,NaN,NaN,NaN,56.5407059705268,15.0003133478207,15.0000537438641,""
5440.18462920189,14.9999998488981,NaN,NaN,NaN,NaN,56.5407745146818,15.0003158901756,15.0000562845163,""
5455.63099884987,14.9999997326963,NaN,NaN,NaN,NaN,56.5408768221559,15.0003184328383,15.0000588254761,""
5471.07549881935,14.9999998278457,NaN,NaN,NaN,NaN,56.540978474194,15.0003195960944,15.0000599774286,""
5486.52186846733,14.9999999273981,NaN,NaN,NaN,NaN,56.5410792846048,15.0003207594912,15.0000611295206,""
5501.96636843681,15.0000000638285,NaN,NaN,NaN,NaN,56.541110469369,15.0003212691516,15.0000616251881,""
5517.41273808479,15.0000002010451,NaN,NaN,NaN,NaN,56.5410492612755,15.0003217788736,15.0000621209155,""
5532.85723805428,15.0000001711657,NaN,NaN,NaN,NaN,56.5409752546031,15.0003197419993,15.0000600722166,""
5548.30360770226,15.0000001377818,NaN,NaN,NaN,NaN,56.5408842502156,15.0003177048784,15.0000580232696,""
5563.74810767174,15.0000001909602,NaN,NaN,NaN,NaN,56.5408684835964,15.0003169226362,15.0000572269951,""
5579.19447731972,15.0000002459664,NaN,NaN,NaN,NaN,56.5409524635497,15.0003161402994,15.0000564306242,""
5594.6389772892,15.0000002836759,NaN,NaN,NaN,NaN,56.5410618372298,15.0003169895596,15.0000572630684,""
5610.08534669876,15.0000003210247,NaN,NaN,NaN,NaN,56.5412048923353,15.0003178389225,15.0000580956134,""
5625.52984690666,15.0000000614405,NaN,NaN,NaN,NaN,56.5412626040578,15.0003205995802,15.0000608454259,""
5640.97621631622,14.9999997955254,NaN,NaN,NaN,NaN,56.541207294577,15.000323360572,15.0000635955712,""
5656.42071628571,14.9999999897812,NaN,NaN,NaN,NaN,56.5412024209194,15.0003255795638,15.0000658028037,""
5671.86708593369,15.0000001938627,NaN,NaN,NaN,NaN,56.5412643152363,15.0003277988242,15.0000680103033,""
5687.31158590317,15.0000000133045,NaN,NaN,NaN,NaN,56.5413141399354,15.0003268948108,15.0000670968048,""
5702.75795555115,14.9999998244978,NaN,NaN,NaN,NaN,56.5413480082005,15.000325990688,15.0000661831957,""
5718.20245552063,14.9999998387189,NaN,NaN,NaN,NaN,56.5413535990117,15.0003239471517,15.0000641185901,""
5733.64695572853,14.9999998572995,NaN,NaN,NaN,NaN,56.5413217971559,15.0003219036153,15.0000620539843,"Signal correct"
5734.89744663239,14.9999998583372,2.66052280971712E-05,8.73082667720479E-05,3.3256535121464E-05,0.00010913533346506,56.5413192222632,15.0003215253259,15.0000616741173,""
5750.34194684029,14.9999998691065,2.66078517051522E-05,0.000498253241898884,3.32598146314403E-05,0.000622816552373605,56.5412779945147,15.0003168492332,15.0000569785418,""
5765.78644680977,14.9999998862662,2.66104753130927E-05,0.000909198210681914,3.32630941413658E-05,0.00113649776335239,56.5412277657863,15.0003123037147,15.0000524139305,""
5781.23094677925,15.0000000043734,2.66104516475428E-05,0.00132018332243302,3.32630645594286E-05,0.00165022915304128,56.5411820140632,15.0003092451468,15.0000493407103,""
5796.67544674873,15.0000001130424,2.66104274677136E-05,0.00173116844198261,3.32630343346421E-05,0.00216396055247826,56.5411405375254,15.0003061833318,15.0000462633074,""
5812.11994671822,15.0000000720716,2.66131116423334E-05,0.00214219464810185,3.32663895529168E-05,0.00267774331012731,56.5410520206965,15.0003030844784,15.000043138195,""
5827.5644466877,15.0000000281689,2.66157968694903E-05,0.00255322087018841,3.32697460868629E-05,0.00319152608773551,56.5409185841183,15.0003004241307,15.0000404524253,""
5843.00894665718,14.999999937612,2.66182179233102E-05,0.00296432591555327,3.32727724041377E-05,0.00370540739444159,56.5408840959749,15.0003027737351,15.0000427861693,""
5858.45344662666,14.9999998479128,2.66206388231011E-05,0.00337543100687685,3.32757985288764E-05,0.00421928875859606,56.540944095744,15.0003053839648,15.0000453801919,""
5873.89794659615,14.9999997719119,2.66221857855794E-05,0.0037865973276936,3.32777322319743E-05,0.00473324665961701,56.5408270783409,15.0003109767299,15.000050952782,""
5889.34244656563,14.9999997205008,2.66237320684971E-05,0.00419776369612151,3.32796650856213E-05,0.00524720462015188,56.5405410235588,15.0003166513949,15.0000566082175,""
5904.78694653511,15.0000000632911,2.66217993333308E-05,0.00460892404901467,3.32772491666634E-05,0.00576115506126833,56.540473622695,15.0003232648405,15.0000632132719,""
5920.23144650459,15.0000003670577,2.66198632159656E-05,0.0050200843960597,3.3274829019957E-05,0.00627510549507463,56.5406150190051,15.0003294545585,15.0000693941305,""
5935.67594647408,15.0000000429054,2.66178773707972E-05,0.005431184234179,3.32723467134964E-05,0.00678898029272375,56.5406732359718,15.0003307793014,15.0000707046373,""
5951.12044644356,14.9999997510438,2.66158914676047E-05,0.00584228400169458,3.32698643345059E-05,0.00730285500211823,56.5406520232537,15.0003318846774,15.0000717962721,""
5966.56494641304,14.9999999806973,2.66167107549166E-05,0.00625336583307791,3.32708884436457E-05,0.00781670729134739,56.5405454773763,15.0003304672778,15.0000703708217,""
5982.00944638252,15.0000001902885,2.66175338616866E-05,0.00666444764003997,3.32719173271082E-05,0.00833055955004997,56.5403574450903,15.0003288182192,15.0000687129981,""
5997.45394635201,15.0000000746474,2.66171304779391E-05,0.0070755358905306,3.32714130974239E-05,0.00884441986316325,56.5402646215968,15.0003245006327,15.0000643784207,""
6012.89844632149,14.9999999704263,2.66167251853055E-05,0.0074866241510498,3.32709064816319E-05,0.00935828018881225,56.5402627149649,15.0003200027042,15.0000598625736,""
6028.34294629097,15.0000000520316,2.66223413886123E-05,0.00789779292118391,3.32779267357654E-05,0.00987224115147989,56.5401719550688,15.0003134239513,15.0000532551987,""
6043.78744626045,15.0000001300866,2.66279681371781E-05,0.00830896183231201,3.32849601714726E-05,0.01038620229039,56.5399963473376,15.0003068633907,15.000046667625,""
6059.23194622993,15.0000001501531,2.66290342969513E-05,0.00872023378446011,3.32862928711891E-05,0.0109002922305751,56.53984901919,15.0003005130832,15.0000403088977,""
6074.67644619942,15.0000001731562,2.66300915806849E-05,0.00913150593715164,3.32876144758561E-05,0.0114143824214395,56.5397286958064,15.0002944360794,15.0000342226837,""
6090.1209461689,15.0000002443027,2.66302092655714E-05,0.00954279616861996,3.32877615819643E-05,0.0119284952107749,56.5396949826243,15.0002915229429,15.0000312911876,""
6105.56544613838,15.0000002992839,2.66303249385056E-05,0.00995408643880016,3.32879061731319E-05,0.0124426080485002,56.5397439753299,15.0002886032899,15.000028353406,""
6121.00994610786,15.0000000882318,2.66305077592135E-05,0.0103653813111838,3.32881346990169E-05,0.0129567266389797,56.5397708959388,15.0002856080754,15.0000253427411,""
6136.45444607735,14.9999998825022,2.66306907368059E-05,0.01077667619432,3.32883634210073E-05,0.0134708452429,56.5397767394409,15.0002827506313,15.0000224688238,""
6151.89894604683,14.9999997646984,2.66353060357666E-05,0.0111880451773619,3.32941325447082E-05,0.0139850564717024,56.5397570104829,15.0002814933618,15.0000211832038,""
6167.34344601631,14.999999673837,2.66399325555773E-05,0.011599414347995,3.32999156944717E-05,0.0144992679349937,56.5397128618477,15.0002804497088,15.0000201127642,""
6182.78794598579,15.000000029752,2.66391328109637E-05,0.0120108422383273,3.32989160137047E-05,0.0150135527979091,56.5397108142551,15.0002818912887,15.0000215457543,""
6198.23244595528,15.000000356822,2.66383182696612E-05,0.0124222702887802,3.32978978370765E-05,0.0155278378609753,56.5397489698286,15.0002834089337,15.0000230544209,""
6213.67694592476,15.0000002037338,2.66365800799521E-05,0.0128336589830666,3.32957250999402E-05,0.0160420737288332,56.5397178122829,15.0002858129994,15.0000254449786,""
6229.12144589424,15.0000000655285,2.66348391911496E-05,0.013245047562346,3.32935489889369E-05,0.0165563094529325,56.5396204661901,15.0002880254647,15.0000276439944,""
6244.56594586372,15.000000176018,2.6634900868949E-05,0.0136564103716765,3.32936260861862E-05,0.0170705129645956,56.5396121088463,15.0002880014072,15.0000276071683,""
6260.01044583321,15.0000002585979,2.66349681665105E-05,0.0140677731006654,3.32937102081381E-05,0.0175847163758318,56.5396887287253,15.0002879458865,15.0000275384186,""
6275.45494580269,14.9999998730089,2.66362602331236E-05,0.0144791568195282,3.32953252914045E-05,0.0180989460244103,56.5397191259368,15.0002875224869,15.000027096408,""
6290.89944577217,14.9999995330408,2.66375563575693E-05,0.0148905406079335,3.32969454469616E-05,0.0186131757599168,56.5397053841534,15.0002872619342,15.0000268171207,""
6306.34394574165,14.9999999613015,2.6641982644531E-05,0.0153020126447079,3.33024783056638E-05,0.0191275158058849,56.5396501927943,15.0002889086191,15.0000284436249,""
6321.78844571114,15.0000003502229,2.66464199143368E-05,0.0157134849911207,3.33080248929209E-05,0.0196418562389008,56.5395554203659,15.0002906898098,15.0000302044327,""
6337.23294568062,15.0000000741221,2.66486346479839E-05,0.0161250595784729,3.33107933099799E-05,0.0201563244730912,56.5395009744921,15.0002940489478,15.0000335408149,""
6352.6774456501,14.9999998179883,2.66508411485514E-05,0.0165366345445627,3.33135514356892E-05,0.0206707931807034,56.5394850372934,15.0002975793373,15.0000370484308,""
6368.12194561958,14.9999999007059,2.66525935790645E-05,0.0169482703954921,3.33157419738306E-05,0.0211853379943652,56.5395633866926,15.0003031221208,15.0000425682296,""
6383.56644558907,14.9999999851985,2.66543442386646E-05,0.0173599064838778,3.33179302983308E-05,0.0216998831048472,56.5397317723474,15.0003084316659,15.0000478554166,""
6399.01094555855,15.0000000999323,2.6654702902667E-05,0.017771574932268,3.33183786283338E-05,0.022214468665335,56.5397859806904,15.0003109958051,15.0000504045732,""
6414.45544552803,15.0000001991564,2.66550558652096E-05,0.0181832435132013,3.33188198315119E-05,0.0227290543915016,56.5397311587171,15.0003132210681,15.0000526148271,""
6429.89994549751,15.0000000331084,2.66550244476516E-05,0.018594917014122,3.33187805595645E-05,0.0232436462676525,56.5397617242234,15.0003114507822,15.0000508292189,""
6445.344445467,14.999999878705,2.66549913804178E-05,0.0190065905361582,3.33187392255222E-05,0.0237582381701978,56.5398738280297,15.0003096685347,15.0000490334904,""
6460.78894543648,14.9999999242535,2.66479836988717E-05,0.0194181553113527,3.33099796235896E-05,0.0242726941391909,56.5399118865493,15.0003077450141,15.000047118238,""
6476.23344540596,14.9999999681587,2.66409447170895E-05,0.01982971959852,3.33011808963619E-05,0.02478714949815,56.539879237663,15.0003061336373,15.0000455136058,""
6491.67794537544,14.9999999837342,2.66394898539996E-05,0.0202411537034886,3.32993623174995E-05,0.0253014421293607,56.5398346191279,15.0003082150215,15.0000475837105,""
6507.12244534492,14.9999999817564,2.66380611456266E-05,0.0206525871987139,3.32975764320332E-05,0.0258157339983923,56.5397785705227,15.0003107338625,15.0000500906452,""
6522.56694531441,14.999999675978,2.66414777907233E-05,0.0210640516139404,3.33018472384041E-05,0.0263300645174255,56.5398329970794,15.0003184366886,15.0000577741369,""
6538.01144528389,14.9999993984539,2.66449180805415E-05,0.0214755161800526,3.33061476006769E-05,0.0268443952250658,56.5399929186982,15.0003260882552,15.0000654074535,""
6553.45594525337,14.9999996118782,2.66462604938088E-05,0.0218870540830506,3.33078256172611E-05,0.0273588176038133,56.5401346767412,15.0003331313568,15.0000724451762,""
6568.90044522285,14.9999998087158,2.66475922581301E-05,0.022298592358311,3.33094903226626E-05,0.0278732404478888,56.5402590900025,15.0003396562037,15.0000789642347,""
6584.34494519234,14.999999716189,2.6647233417511E-05,0.0227101454455807,3.33090417718888E-05,0.0283876818069759,56.5402150610196,15.000340018804,15.0000793161768,""
6599.78944516182,14.9999996353291,2.66468656634816E-05,0.023121698610944,3.3308582079352E-05,0.02890212326368,56.5400101829753,15.0003401042644,15.0000793905488,""
6615.2339451313,14.9999997588174,2.66481021184193E-05,0.0235332652560513,3.33101276480242E-05,0.0294165815700641,56.5399547169983,15.0003368888419,15.0000761589138,""
6630.67844510078,14.9999998783387,2.66493473462511E-05,0.0239448319748749,3.33116841828139E-05,0.0299310399685937,56.5400419277645,15.0003333977488,15.0000726511059,""
6646.12294507027,14.999999928098,2.66529966815734E-05,0.0243564740784263,3.33162458519667E-05,0.0304455925980329,56.5400900488692,15.0003266177009,15.000065848353,""
6661.56744503975,14.9999999809762,2.66566596363733E-05,0.0247681166090388,3.33208245454667E-05,0.0309601457612985,56.5401008424293,15.0003198393371,15.0000590482432,""
6677.01194500923,15.0000000889239,2.66588923803592E-05,0.025179849545207,3.3323615475449E-05,0.0314748119315088,56.5401937769503,15.0003130811015,15.0000522797229,""
6692.45644497871,15.0000001876078,2.66611167410534E-05,0.0255915830112945,3.33263959263168E-05,0.0319894787641181,56.5403651496123,15.0003065821282,15.000045769879,""
6707.9009449482,15.0000001220609,2.66597716447804E-05,0.0260033296447217,3.33247145559755E-05,0.0325041620559022,56.5404194917827,15.0003031868765,15.0000423567403,""
6723.34544491768,15.0000000622652,2.66584049242193E-05,0.0264150763579187,3.33230061552742E-05,0.0330188454473983,56.5403620790546,15.0002999992749,15.0000391515921,""
6738.78994488716,15.0000001048443,2.66612590728544E-05,0.0268268463083699,3.3326573841068E-05,0.0335335578854623,56.5403005787633,15.0002993017609,15.0000384406135,""
6754.23444485664,15.0000001540006,2.66641396221374E-05,0.0272386164041652,3.33301745276717E-05,0.0340482705052065,56.5402351751712,15.0002987762639,15.0000379011891,""
6769.67894482613,15.0000003207108,2.66631408393331E-05,0.0276504149953117,3.33289260491663E-05,0.0345630187441397,56.5401895146141,15.0003003170703,15.0000394225095,""
6785.12344479561,15.0000004575644,2.66621170289764E-05,0.0280622137702964,3.33276462862205E-05,0.0350777672128705,56.5401627070999,15.0003020307385,15.0000411169407,""
6800.56794476509,15.0000000586074,2.66651123155387E-05,0.0284740432055838,3.33313903944233E-05,0.0355925540069798,56.5400786471679,15.0003058244089,15.000044894368,""
6816.01244473457,14.9999996966881,2.66681343223614E-05,0.0288858728447109,3.33351679029517E-05,0.0361073410558886,56.5399399156878,15.0003095362148,15.0000485900842,""
6831.45694470406,15.00000000218,2.6667304766044E-05,0.0292977357137337,3.3334130957555E-05,0.0366221696421671,56.5399153592663,15.000312261279,15.0000513009079,""
6846.90144467354,15.0000002748589,2.6666448845008E-05,0.0297095988102218,3.333306105626E-05,0.0371369985127773,56.5399998310364,15.0003146791835,15.0000537042576,""
6862.34594464302,14.9999999538145,2.66677770033996E-05,0.0301214693857883,3.33347212542495E-05,0.0376518367322354,56.5400741865658,15.0003133884415,15.0000523951652,""
6877.7904446125,14.999999667069,2.66691205424101E-05,0.0305333400140236,3.33364006780126E-05,0.0381666750175296,56.5401388818819,15.0003120429281,15.0000510320437,""
6893.23494458199,15.0000000035022,2.66688304331537E-05,0.030945226615235,3.33360380414422E-05,0.0386815332690438,56.5402050698025,15.0003100349701,15.0000490154536,""
6908.67944455147,15.0000003112156,2.66685284976218E-05,0.0313571133320776,3.33356606220272E-05,0.0391963916650971,56.5402726830428,15.0003081184516,15.0000470899918,""
6924.12394452095,15.0000000949472,2.66678640411966E-05,0.0317689851908793,3.33348300514957E-05,0.0397112314885991,56.5403150388631,15.0003073097694,15.0000462685961,""
6939.56844449043,14.9999998900907,2.66671968889618E-05,0.0321808569391923,3.33339961112023E-05,0.0402260711739904,56.5403332758357,15.0003065830404,15.0000455291853,""
6955.01294445992,14.9999998943052,2.66676484860836E-05,0.0325927255141726,3.33345606076045E-05,0.0407409068927157,56.5402785489301,15.0003068509242,15.0000457847748,""
6970.4574444294,14.9999998922369,2.66681086231461E-05,0.0330045940649293,3.33351357789326E-05,0.0412557425811616,56.5401541472612,15.0003069460562,15.0000458668101,""
6985.90194439888,14.9999997745813,2.66702808701909E-05,0.0334165031650452,3.33378510877386E-05,0.0417706289563065,56.5400542556332,15.000304940995,15.0000438388962,""
7001.34644436836,14.9999996756817,2.66724665243364E-05,0.0338284125826929,3.33405831554205E-05,0.0422855157283661,56.539977769166,15.0003028585347,15.0000417325696,""
7016.79094433784,14.9999999232914,2.66810660957565E-05,0.0342404880512013,3.33513326196956E-05,0.0428006100640017,56.5399201014122,15.0002998334854,15.0000386713118,""
7032.23544430733,15.0000001550113,2.66897171586518E-05,0.0346525648527803,3.33621464483148E-05,0.0433157060659753,56.5398804040491,15.0002966776825,15.0000354809765,""
7047.67994427681,15.0000000919364,2.66915790125637E-05,0.0350648018565524,3.33644737657046E-05,0.0438310023206905,56.5397949755958,15.0002919267727,15.0000307159828,""
7063.12444424629,15.0000000368418,2.66933850218329E-05,0.0354770401780677,3.33667312772912E-05,0.0443463002225846,56.5396658775492,15.0002872728868,15.0000260482572,""
7078.56894421577,15.000000130427,2.66884010545531E-05,0.0358892289468396,3.33605013181913E-05,0.0448615361835495,56.5396091204467,15.0002838046773,15.0000225691935,""
7094.01344418526,15.0000002117968,2.66833598953468E-05,0.0363014172982291,3.33541998691835E-05,0.0453767716227864,56.5396214432587,15.0002803472334,15.0000191002966,""
7109.45794415474,15.0000000646143,2.66850817551781E-05,0.0367135557107395,3.33563521939726E-05,0.0458919446384244,56.539626544669,15.0002770215782,15.0000157558582,""
7124.90244412422,14.9999999172788,2.66868619160425E-05,0.0371256936927487,3.33585773950531E-05,0.0464071171159359,56.5396247502083,15.0002738967899,15.0000126113781,""
7140.3469440937,14.9999997670683,2.66917033039675E-05,0.0375379334705024,3.33646291299594E-05,0.046922416838128,56.5395148469522,15.0002732352142,15.00001191897,""
7155.79144406319,14.9999996398225,2.66965716864376E-05,0.0379501741459123,3.33707146080469E-05,0.0474377176823904,56.5393017082954,15.0002729191423,15.0000115727488,""
7171.23594403267,14.9999999459326,2.66984663915715E-05,0.0383625179401441,3.33730829894644E-05,0.0479531474251802,56.5392329636294,15.0002768473244,15.0000154791725,""
7186.68044400215,15.0000002409262,2.67003342861755E-05,0.0387748626640902,3.33754178577194E-05,0.0484685783301128,56.5393021038734,15.0002807956446,15.0000194048391,""
7202.12494397163,15.0000003252417,2.67057531952386E-05,0.0391873194131983,3.33821914940483E-05,0.0489841492664978,56.5394268551728,15.0002849917757,15.0000235673015,""
7217.56944394112,15.0000003961757,2.67112048224743E-05,0.0395997771944785,3.33890060280929E-05,0.0494997214930982,56.5396047106617,15.0002890897774,15.0000276328196,""
7233.0139439106,15.000000212414,2.67115388635057E-05,0.0400123227709404,3.33894235793821E-05,0.0500154034636756,56.539674225021,15.0002919781275,15.0000305032947,""
7248.45844388008,15.0000000459457,2.67118247396902E-05,0.0404248691736984,3.33897809246128E-05,0.0505310864671231,56.5396402821121,15.000294965228,15.0000334725372,""
7263.90294384956,15.0000002100591,2.67107544934329E-05,0.040837403377019,3.33884431167911E-05,0.0510467542212738,56.5396749927859,15.0002991717608,15.0000376614224,""
7279.34744381905,15.0000003405698,2.67096712153931E-05,0.041249937463108,3.33870890192414E-05,0.051562421828885,56.5397752622381,15.0003033873258,15.0000418594087,""
7294.79194378853,14.9999998259364,2.670821597858E-05,0.0416624326643174,3.3385269973225E-05,0.0520780408303968,56.5398665599434,15.0003077146206,15.0000461699776,""
7310.23644375801,14.9999993584767,2.67067570937342E-05,0.0420749274841585,3.33834463671677E-05,0.0525936593551981,56.5399492903352,15.0003119638261,15.0000504030818,""
7325.68094372749,14.9999998006661,2.67057001686815E-05,0.0424873838912699,3.33821252108518E-05,0.0531092298640874,56.5399709049956,15.0003152453547,15.000053676249,""
7341.12544369698,15.0000002162034,2.67046472655338E-05,0.0428998399140336,3.33808090819172E-05,0.053624799892542,56.5399341589297,15.0003181622607,15.0000565843787,""
7356.56994366646,15.0000001155549,2.67031032830931E-05,0.0433122561538463,3.33788791038663E-05,0.0541403201923079,56.5398660724143,15.0003165528629,15.0000549610544,""
7372.01444363594,15.0000000208924,2.67015542897057E-05,0.043724671987716,3.33769428621322E-05,0.0546558399846451,56.5397680582299,15.0003149675387,15.000053362635,""
7387.45894360542,15.0000000426742,2.67005590134249E-05,0.0441370490154336,3.33756987667812E-05,0.055171311269292,56.5397317559741,15.0003136815819,15.0000520739199,""
7402.90344357491,15.0000000614164,2.66995694970283E-05,0.0445494256394812,3.33744618712854E-05,0.0556867820493515,56.5397543837659,15.0003124412162,15.0000508296965,""
7418.34794354439,15.0000000207689,2.67011545054142E-05,0.0449618117821386,3.33764431317677E-05,0.0562022647276732,56.5398023589696,15.0003117687975,15.0000501397232,""
7433.79244351387,14.999999985513,2.6702766805207E-05,0.0453741980256985,3.33784585065087E-05,0.0567177475321231,56.539874538962,15.0003108790446,15.0000492332389,""
7449.23694348335,15.0000000560677,2.67027844050626E-05,0.0457866089125679,3.33784805063283E-05,0.0572332611407099,56.5399294501811,15.0003072771057,15.0000456248416,""
7464.68144345284,15.0000001139279,2.67027847837772E-05,0.0461990200655601,3.33784809797215E-05,0.0577487750819501,56.5399678710761,15.0003038697101,15.0000422109001,""
7480.12594342232,14.9999999215422,2.67013375854146E-05,0.0466114088708487,3.33766719817682E-05,0.0582642610885609,56.5399567971185,15.000302894372,15.0000412279197,""
7495.5704433918,14.9999997347905,2.66998744673412E-05,0.0470237974303687,3.33748430841766E-05,0.0587797467879609,56.5398984594588,15.0003021134236,15.0000404396801,""
7511.01494336128,14.9999996595983,2.66971325335983E-05,0.0474361215391022,3.33714156669978E-05,0.0592951519238778,56.5399161692452,15.0003037669062,15.0000420902696,""
7526.45944333076,14.999999608087,2.66943762821486E-05,0.0478484449262404,3.33679703526858E-05,0.0598105561578004,56.5400064983778,15.000305330294,15.0000436505459,""
7541.90394330025,15.0000000275873,2.66955987769448E-05,0.0482607455822601,3.33694984711811E-05,0.0603259319778252,56.5399899206209,15.0003057633836,15.0000440777849,""
7557.34844326973,15.0000004140126,2.66968666085263E-05,0.0486730459792647,3.33710832606579E-05,0.0608413074740809,56.5398712551702,15.0003061107236,15.0000444192372,""
7572.79294323921,15.0000001396109,2.66956117903012E-05,0.049085346128409,3.33695147378765E-05,0.0613566826605113,56.5398363853788,15.0003053803716,15.0000436825313,""
7588.23744320869,14.9999998865907,2.66943277257914E-05,0.0494976462746798,3.33679096572393E-05,0.0618720578433497,56.5398815338744,15.0003044204088,15.0000427160921,""
7603.68194317818,15.0000000627017,2.66959919242162E-05,0.0499099527548158,3.33699899052703E-05,0.0623874409435198,56.5399565069547,15.0003005695961,15.0000388572617,""
7619.12644314766,15.0000002265685,2.66976908894192E-05,0.0503222593096427,3.3372113611774E-05,0.0629028241370533,56.5400599601758,15.0002968850587,15.0000351652105,""
7634.57094311714,15.0000001435775,2.66961942618077E-05,0.0507345683678826,3.33702428272596E-05,0.0634182104598533,56.5400612516326,15.0002952976872,15.0000335766785,""
7650.01544308662,15.000000060014,2.66946593152522E-05,0.0511468774561415,3.33683241440652E-05,0.0639335968201769,56.5399649866118,15.0002938369676,15.0000321142199,""
7665.45994305611,14.9999999648537,2.66931417228119E-05,0.0515591399659491,3.33664271535148E-05,0.0644489249574364,56.5398160262019,15.0002939765048,15.0000322447086,""
7680.90444302559,14.9999998690496,2.66916243419209E-05,0.0519714019079581,3.33645304274011E-05,0.0649642523849476,56.5396167458225,15.0002944653121,15.0000327248129,""
7696.34894299507,14.9999997601448,2.66934344289275E-05,0.0523836689447425,3.33667930361594E-05,0.0654795861809282,56.5395048347349,15.0002993750463,15.0000376302172,""
7711.79344296455,14.9999996687862,2.66952857406674E-05,0.0527959360446472,3.33691071758342E-05,0.0659949200558091,56.5394763544783,15.0003039584229,15.0000422094137,""
7727.23794293404,14.999999936071,2.66931781919716E-05,0.0532081984757294,3.33664727399645E-05,0.0665102480946617,56.5395171495435,15.0003044035074,15.0000426522186,""
7742.68244290352,15.0000001937267,2.66910208077639E-05,0.0536204608480388,3.33637760097048E-05,0.0670255760600485,56.5396240971155,15.0003041980735,15.0000424438818,""
7758.126942873,15.0000002536569,2.66924191594435E-05,0.0540327123378095,3.33655239493043E-05,0.0675408904222619,56.5395899663457,15.0002957291495,15.0000339641362,""
7773.57144284248,15.000000300876,2.66938629802858E-05,0.0544449636884191,3.33673287253572E-05,0.0680562046105239,56.5394211168086,15.0002873112095,15.0000255355689,""
7789.01594281197,15.0000000858679,2.66947646586772E-05,0.0548572506957904,3.33684558233465E-05,0.0685715633697381,56.5394055322507,15.0002795420774,15.0000177582824,""
7804.46044278145,14.9999998840786,2.66956592963527E-05,0.0552695381662303,3.33695741204409E-05,0.0690869227077879,56.5395363037535,15.0002724618487,15.0000106697959,""
7819.90494275093,14.9999999562574,2.66963177460734E-05,0.055681849265972,3.33703971825917E-05,0.069602311582465,56.5396043625707,15.0002741641336,15.000012362508,""
7835.34944272041,15.0000000297935,2.66969730813724E-05,0.0560941606772945,3.33712163517155E-05,0.0701177008466181,56.539612535681,15.000276257406,15.0000144451453,""
7850.7939426899,15.0000001315896,2.67006911014022E-05,0.0565065393720559,3.33758638767528E-05,0.0706331742150698,56.5396200635715,15.0002833441617,15.0000215076998,""
7866.23844265938,15.0000002206659,2.67044501174304E-05,0.0569189189674492,3.3380562646788E-05,0.0711486487093115,56.5396269753276,15.0002903754309,15.000028516086,""
7881.68294262886,15.0000000436306,2.67063018607927E-05,0.0573313836702181,3.33828773259909E-05,0.0716642295877726,56.5396009025508,15.0002966967815,15.0000348314194,""
7897.12744259834,14.9999998764294,2.67081276935194E-05,0.0577438495291857,3.33851596168992E-05,0.0721798119114821,56.5395433321264,15.000302873286,15.0000410009154,""
7912.57194256783,14.9999999159366,2.67087271899574E-05,0.0581563520828483,3.33859089874468E-05,0.0726954401035604,56.5395071883442,15.0003071932201,15.0000453011355,""
7928.01644253731,14.9999999543123,2.67093097816262E-05,0.058568855142339,3.33866372270327E-05,0.0732110689279238,56.5394915053297,15.0003111264841,15.0000492154235,""
7943.46094250679,14.9999999687914,2.67091753022095E-05,0.0589813648751587,3.33864691277619E-05,0.0737267060939484,56.5393792496167,15.000310094638,15.0000481740793,""
7958.90544247627,14.9999999916033,2.67090307949472E-05,0.0593938747013011,3.3386288493684E-05,0.0742423433766264,56.5391747745285,15.0003088446482,15.0000469145685,""
7974.34994244576,15.0000001912336,2.67073828310694E-05,0.0598063569033688,3.33842285388367E-05,0.074757946129211,56.539107755701,15.0003047884767,15.0000428485809,""
7989.79444241524,15.0000003649344,2.67057135418521E-05,0.0602188387136109,3.33821419273152E-05,0.0752735483920136,56.5391719968532,15.0003005507354,15.0000386011717,""
8005.23894238472,14.9999999857836,2.67050796101188E-05,0.0606312856795358,3.33813495126485E-05,0.0757891070994197,56.5392291011001,15.0002939730641,15.0000320157438,""
8020.6834423542,14.9999996272229,2.67044605710098E-05,0.0610437321442586,3.33805757137622E-05,0.0763046651803233,56.5392793901605,15.0002877522559,15.0000257866711,""
8036.12794232368,14.9999997097795,2.67053010906823E-05,0.0614561823048555,3.33816263633528E-05,0.0768202278810694,56.5393182117266,15.0002861387669,15.0000241583609,""
8051.57244229317,14.9999997972271,2.67061628964926E-05,0.0618686325193529,3.33827036206157E-05,0.0773357906491911,56.5393460827318,15.0002846346759,15.0000226404211,""
8067.01694226265,14.9999999899631,2.67056931279233E-05,0.0622810884013996,3.33821164099042E-05,0.0778513605017495,56.5392878537323,15.0002845455468,15.0000225500206,""
8082.46144223213,15.0000001741081,2.67052036734098E-05,0.0626935443672352,3.33815045917623E-05,0.078366930459044,56.5391474059565,15.0002845429857,15.0000225450455,""
8097.90594220161,15.0000001724174,2.67060452784916E-05,0.0631060059956058,3.33825565981145E-05,0.0788825074945072,56.5390703769349,15.0002856621393,15.000023646981,""
8113.3504421711,15.0000001704939,2.67069068282129E-05,0.063518467708824,3.33836335352662E-05,0.0793980846360299,56.5390539078681,15.0002866401058,15.000024608668,""
8128.79494214058,15.0000001635101,2.67071547391433E-05,0.063930946160689,3.33839434239291E-05,0.0799136827008612,56.539077148415,15.0002857852889,15.0000237497565,""
8144.23944211006,15.0000001549917,2.67073933324708E-05,0.0643434248667167,3.33842416655885E-05,0.0804292810833958,56.53913830854,15.0002849047596,15.0000228647708,""
8159.68394207954,15.0000001129552,2.67075394694209E-05,0.0647559094036135,3.33844243367761E-05,0.0809448867545169,56.5391672546966,15.0002836898418,15.0000216406912,""
8175.12844204903,15.0000000819143,2.67076841839841E-05,0.0651683940302149,3.33846052299801E-05,0.0814604925377686,56.5391654390286,15.0002824132939,15.0000203555599,""
8190.57294201851,15.0000002922305,2.6704730871353E-05,0.0655808352066078,3.33809135891912E-05,0.0819760440082598,56.5391741750443,15.0002803337842,15.0000182750041,""
8206.01744198799,15.0000004816883,2.67017292768436E-05,0.0659932757058416,3.33771615960544E-05,0.082491594632302,56.539192987094,15.0002780939316,15.0000160339466,""
8221.46194195747,15.00000021104,2.66992395923967E-05,0.066405632827713,3.33740494904958E-05,0.0830070410346412,56.5392461930938,15.0002737611886,15.0000116979261,""
8236.90644192696,14.9999999474826,2.66967579885033E-05,0.066817988633464,3.33709474856291E-05,0.08352248579183,56.5393322426302,15.0002695193653,15.000007453,""
8252.35094189644,14.9999998411145,2.66954984578275E-05,0.0672302878598507,3.33693730722844E-05,0.0840378598248134,56.539340131634,15.0002664664582,15.0000043992743,""
8267.79544186592,14.9999997409286,2.66942584627075E-05,0.0676425861817832,3.33678230783844E-05,0.084553232727229,56.5392733834323,15.0002637325573,15.0000016649253,""
8283.2399418354,14.9999997784682,2.66924974977518E-05,0.0680548387610352,3.33656218721898E-05,0.085068548451294,56.5392591476343,15.000265177819,15.0000031145926,""
8298.68444180489,14.9999998187292,2.66907281003106E-05,0.0684670905998903,3.33634101253883E-05,0.0855838632498628,56.5392950570846,15.0002667749041,15.0000047154198,""
8314.12894177437,14.9999999199235,2.66912166905392E-05,0.0688793235366597,3.3364020863174E-05,0.0860991544208247,56.5392458824334,15.0002703646219,15.0000083001724,""
8329.57344174385,15.0000000143187,2.66917422818564E-05,0.0692915561636854,3.33646778523204E-05,0.0866144452046067,56.5391154591038,15.0002737308812,15.0000116616952,""
8345.01794171333,14.9999999557163,2.6690603368084E-05,0.0697037790524035,3.3363254210105E-05,0.0871297238155044,56.5389914263156,15.0002741589136,15.0000120879985,""
8360.46244168282,14.9999999097366,2.66894368444048E-05,0.0701160017795879,3.3361796055506E-05,0.0876450022244849,56.5388734959959,15.0002743396363,15.0000122669697,""
8375.9069416523,15.0000001492268,2.66897459875947E-05,0.0705282118586696,3.33621824844933E-05,0.088160264823337,56.5388429890953,15.0002712625134,15.000009187799,""
8391.35144162178,15.0000003612849,2.66900799046335E-05,0.0709404217254118,3.33625998807918E-05,0.0886755271567648,56.5388959647387,15.0002683268089,15.000006250008,""
8406.79594159126,14.9999999497986,2.66893263846509E-05,0.0713526249386457,3.33616579808137E-05,0.0891907811733072,56.5389577793803,15.000267257473,15.0000051780772,""
8422.24044156075,14.9999995704491,2.66885543900906E-05,0.0717648280388425,3.33606929876133E-05,0.0897060350485531,56.539028034576,15.0002663332391,15.0000042511033,""
8437.68494153023,14.9999999253106,2.66891936607523E-05,0.0721770294920141,3.33614920759404E-05,0.0902212868650177,56.5390793932896,15.000267327537,15.0000052407426,""
8453.12944149971,15.0000002597382,2.66898571911457E-05,0.0725892309168733,3.33623214889321E-05,0.0907365386460916,56.539112707336,15.0002683299456,15.0000062389984,""
8468.57394146919,15.0000001249345,2.66887568530779E-05,0.0730014252444162,3.33609460663474E-05,0.0912517815555202,56.5391207914543,15.0002694397916,15.0000073513941,""
8484.01844143867,14.9999999960222,2.66876258394344E-05,0.073413619448529,3.3359532299293E-05,0.0917670243106613,56.5391047829583,15.0002707499723,15.000008663592,""
8499.46294140816,15.0000000030922,2.66860980870583E-05,0.0738257731893738,3.33576226088229E-05,0.0922822164867172,56.5391319451988,15.000274718812,15.000012627381,""
8514.90744137764,15.0000000049905,2.66845633551834E-05,0.0742379262183814,3.33557041939793E-05,0.0927974077729768,56.5392003321269,15.0002787291482,15.0000166326495,""
8530.35194134712,14.9999998869052,2.66855877698536E-05,0.0746500721938813,3.33569847123169E-05,0.0933125902423516,56.5392482711375,15.0002832912146,15.0000211894204,""
8545.7964413166,14.9999997815213,2.66866577203358E-05,0.0750622180438756,3.33583221504198E-05,0.0938277725548445,56.53927668398,15.0002877402072,15.0000256328286,""
8561.24094128609,14.9999999723464,2.66879982570566E-05,0.0754744005419942,3.33599978213208E-05,0.0943430006774928,56.5392421632843,15.0002906829925,15.0000285661827,""
8576.68544125557,15.0000001452762,2.66893436628734E-05,0.0758865836995818,3.33616795785917E-05,0.0948582296244773,56.5391475459626,15.0002936040238,15.000031478524,""
8592.12994122505,14.9999998986918,2.66886632711141E-05,0.0762987763862262,3.33608290888927E-05,0.0953734704827827,56.5391557466258,15.0002962347386,15.0000341104418,""
8607.57444119453,14.9999996747175,2.66879460180306E-05,0.0767109692462608,3.33599325225382E-05,0.0958887115578261,56.5392621304543,15.0002989734477,15.0000368501868,""
8623.01894116402,14.999999983562,2.66862241826098E-05,0.0771231248324084,3.33577802282622E-05,0.0964039060405106,56.5392862516323,15.0003031560845,15.0000410316242,""
8638.4634411335,15.0000002682406,2.66844838654951E-05,0.0775352797328138,3.33556048318689E-05,0.0969190996660172,56.5392318183877,15.0003070650387,15.0000449391703,""
8653.90794110298,14.9999999804356,2.66829827139617E-05,0.0779473855471479,3.33537283924521E-05,0.0974342319339349,56.5391957647713,15.0003073078974,15.0000451778248,""
8669.35244107246,14.9999997114208,2.66814860106423E-05,0.0783594904485357,3.33518575133029E-05,0.0979493630606696,56.5391772622688,15.0003073963092,15.0000452622311,""
8684.79694104195,14.9999998898983,2.66813525557324E-05,0.0787715710237199,3.33516906946656E-05,0.0984644637796499,56.5391889343631,15.0003054119573,15.0000432765381,""
8700.24144101143,15.0000000531211,2.66812447305289E-05,0.0791836511415601,3.33515559131611E-05,0.0989795639269502,56.5392294208482,15.0003037744195,15.0000416377128,""
8715.68594098091,14.9999998511194,2.66807524245619E-05,0.0795957220518889,3.33509405307023E-05,0.0994946525648611,56.5392988028986,15.0003068000679,15.0000446627946,""
8731.13044095039,14.9999996784475,2.66802528126436E-05,0.0800077927872554,3.33503160158045E-05,0.100009740984069,56.5393957779643,15.0003095502963,15.0000474117219,""
8746.57494091988,15.000000211733,2.66809151743479E-05,0.080419866327263,3.33511439679348E-05,0.100524832909079,56.5394252739311,15.000308590318,15.0000464405482,""
8762.01944088936,15.0000007072317,2.6681599850433E-05,0.0808319399211306,3.33519998130413E-05,0.101039924901413,56.5393903326115,15.0003074904708,15.0000453304231,""
8777.46394085884,15.0000002883243,2.66806403530519E-05,0.0812440088674719,3.33508004413149E-05,0.10155501108434,56.5393654516956,15.0003045028858,15.0000423449441,""
8792.90844082832,14.9999998756242,2.6679648949368E-05,0.0816560777236249,3.33495611867099E-05,0.102070097154531,56.5393501776827,15.0003018614338,15.0000397049606,""
8808.35294079781,14.9999996139458,2.6679887595692E-05,0.0820681355416503,3.33498594946149E-05,0.102585169427063,56.5393551388638,15.0003039003811,15.0000417367549,""
8823.79744076729,14.9999993744892,2.66801503603353E-05,0.0824801931432445,3.33501879504191E-05,0.103100241429056,56.5393794230814,15.0003060537738,15.0000438833826,""
8839.24194073677,14.9999996786168,2.66804209324272E-05,0.0828922588250808,3.3350526165534E-05,0.103615323531351,56.5394530491777,15.0003097576207,15.0000475857206,""
8854.68644070625,14.9999999709789,2.66806916591812E-05,0.0833043246669832,3.33508645739766E-05,0.104130405833729,56.5395737929301,15.0003132508563,15.0000510774959,""
8870.13094067574,14.999999973969,2.66776021718105E-05,0.0837163468062296,3.33470027147631E-05,0.104645433507787,56.5396156916668,15.0003138854213,15.0000517112597,""
8885.57544064522,14.9999999758479,2.66744454410874E-05,0.0841283680709147,3.33430568013592E-05,0.105160460088643,56.5395822995468,15.0003142201638,15.0000520443975,""
8901.0199406147,14.9999999502464,2.66769439187569E-05,0.0845403811003676,3.33461798984461E-05,0.105675476375459,56.5395548083851,15.0003104776325,15.0000482893336,""
8916.46444058418,14.9999999263398,2.66795567094778E-05,0.0849523939633554,3.33494458868472E-05,0.106190492454194,56.5395329521799,15.0003071309278,15.0000449311999,""
8931.90894055367,14.9999999445756,2.66782174499301E-05,0.085364424882413,3.33477718124126E-05,0.106705531103016,56.5395126117975,15.0003091772841,15.0000469811638,""
8947.35344052315,14.9999999632743,2.66767975053945E-05,0.085776456170103,3.33459968817432E-05,0.107220570212629,56.5394937189081,15.000311328795,15.000049135801,""
8962.79794049263,14.9999999935457,2.66759294031463E-05,0.0861884530027709,3.33449117539329E-05,0.107735566253464,56.53940391117,15.0003149157441,15.0000527193074,""
8978.24244046211,15.000000016507,2.66750726789369E-05,0.0866004491250354,3.33438408486711E-05,0.108250561406294,56.5392463852636,15.0003181638401,15.0000559637849,""
8993.68694043159,14.9999998556747,2.66750720718471E-05,0.08701243254476,3.33438400898088E-05,0.10876554068095,56.5392355390973,15.0003167775188,15.0000545714396,""
9009.13144040108,14.999999707613,2.66750892896927E-05,0.0874244157000091,3.33438616121158E-05,0.109280519625011,56.5393647606903,15.0003154810452,15.0000532688211,""
9024.57594037056,14.9999998824342,2.66750999613562E-05,0.0878363992750878,3.33438749516952E-05,0.10979549909386,56.5394597973804,15.0003154157437,15.000053195721,""
9040.02044034004,15.0000000539055,2.66751104953984E-05,0.0882483828589926,3.3343888119248E-05,0.110310478573741,56.5395221901433,15.0003153544206,15.0000531266797,""
9055.46494030952,15.0000001402063,2.66771010980328E-05,0.0886603973456908,3.3346376372541E-05,0.110825496682114,56.5395601075188,15.0003153477178,15.0000531133636,""
9070.90944027901,15.0000002154793,2.66791337289514E-05,0.0890724124883215,3.33489171611892E-05,0.111340515610402,56.5395746528004,15.0003152607023,15.0000530197979,""
9086.35394024849,15.0000000087836,2.66781858325088E-05,0.0894844430684625,3.3347732290636E-05,0.111855553835578,56.5395832197981,15.0003140689509,15.000051822366,""
9101.79844021797,14.9999998085002,2.66771740684624E-05,0.0898964739794029,3.33464675855779E-05,0.112370592474254,56.5395860779988,15.0003127990406,15.0000505469132,""
9117.24294018745,14.9999997731055,2.66765920887117E-05,0.0903084809351475,3.33457401108897E-05,0.112885601168934,56.5396154140183,15.0003104519579,15.0000481961907,""
9132.68744015694,14.9999997476241,2.66760194056205E-05,0.0907204873727175,3.33450242570257E-05,0.113400609215897,56.5396700342998,15.0003080618387,15.0000458023472,""
9148.13194012642,14.9999999785132,2.66746447191706E-05,0.0911324641092322,3.33433058989632E-05,0.11391558013654,56.5396629399263,15.0003050774554,15.0000428130761,""
9163.5764400959,15.0000001941232,2.66732525219646E-05,0.091544440197261,3.33415656524558E-05,0.114430550246576,56.5395969128471,15.0003021952864,15.0000399251855,""
9179.02094006538,15.0000000123262,2.66761243189362E-05,0.0919564400664994,3.33451553986702E-05,0.114945550083124,56.5395788127533,15.0003007272436,15.000038439886,""
9194.46544003487,14.9999998352128,2.66790900800354E-05,0.0923684404597958,3.33488626000443E-05,0.115460550574745,56.539606479211,15.0002996055791,15.0000373021504,""
9209.90994000435,14.999999780621,2.6680224629161E-05,0.0927805021932596,3.33502807864513E-05,0.115975627741574,56.5396043048424,15.0003032852754,15.0000409822105,""
9225.35443997383,14.9999997343431,2.66813184528899E-05,0.0931925652909032,3.33516480661124E-05,0.116490706613629,56.5395736348007,15.0003071243951,15.0000448215962,""
9240.79893994331,14.9999999068167,2.66763824298285E-05,0.0936045683002369,3.33454780372856E-05,0.117005710375296,56.5395937900976,15.0003131776524,15.0000508737602,""
9256.2434399128,15.0000000705767,2.66713110812802E-05,0.0940165699610323,3.33391388516003E-05,0.11752071245129,56.5396624796515,15.0003189822057,15.0000566771199,""
9271.68793988228,15.0000000037304,2.66707449459629E-05,0.0944284880144591,3.33384311824537E-05,0.118035610018074,56.5397287917854,15.000321325975,15.0000590183005,""
9287.13243985176,14.999999935557,2.6670280834398E-05,0.0948404041745377,3.33378510429975E-05,0.118550505218172,56.5397928336675,15.0003234155359,15.0000611050056,""
9302.57693982124,14.9999998320542,2.66703109595887E-05,0.095252313951537,3.33378886994859E-05,0.119065392439421,56.5397703508811,15.0003219608572,15.0000596437496,""
9318.02143979073,14.9999997446059,2.66703523775421E-05,0.0956642235826901,3.33379404719276E-05,0.119580279478363,56.5396652437462,15.0003204101493,15.0000580867092,""
9333.46593976021,15.0000000870572,2.66703049280062E-05,0.096076133091849,3.33378811600077E-05,0.120095166364811,56.5396330118985,15.0003175179768,15.000055191626,""
9348.91043972969,15.0000003980524,2.6670255429883E-05,0.0964880425981958,3.33378192873537E-05,0.120610053247745,56.5396703702982,15.0003145158269,15.0000521863052,""
9364.35493969917,14.9999998617383,2.6670300274124E-05,0.0968999520674104,3.3337875342655E-05,0.121124940084263,56.5396668677622,15.000309974378,15.0000476380433,""
9379.79943966866,14.9999993665428,2.66703473123454E-05,0.0973118615357615,3.33379341404318E-05,0.121639826919702,56.539624346199,15.0003053010907,15.0000429581673,""
9395.24393963814,14.9999999855345,2.66715081937978E-05,0.0977237896283329,3.33393852422473E-05,0.122154737035416,56.5395757288054,15.0002987789299,15.0000364325645,""
9410.68843960762,15.0000005695629,2.66726952048344E-05,0.0981357181578088,3.3340869006043E-05,0.122669647697261,56.5395212903662,15.0002920965432,15.000029746497,""
9426.1329395771,15.0000002005152,2.66717911019588E-05,0.0985476502094593,3.33397388774485E-05,0.123184562761824,56.539562187176,15.0002831627982,15.0000208057158,""
9441.57743954659,14.9999998522038,2.66708375182077E-05,0.0989595823444531,3.33385468977596E-05,0.123699477930566,56.5396941217608,15.0002744178622,15.0000120541308,""
9457.02193951607,15.0000000725571,2.66696237108846E-05,0.0993714816885848,3.33370296386057E-05,0.124214352110731,56.5397759817804,15.0002683310988,15.0000059661712,""
9472.46643948555,15.0000002815794,2.66684036930564E-05,0.0997833802501286,3.33355046163205E-05,0.124729225312661,56.5398100244708,15.0002625506508,15.0000001838972,""
9487.91093945503,15.0000001779768,2.66694038365971E-05,0.10019527630133,3.33367547957464E-05,0.125244095376663,56.5398827462934,15.0002610911512,14.9999987136857,""
9503.35543942451,15.000000079484,2.66704574187647E-05,0.100607172292109,3.33380717734558E-05,0.125758965365136,56.5399924036923,15.0002595470905,14.9999971589188,""
9518.799939394,15.0000001228344,2.66718052724546E-05,0.101019104604154,3.33397565905683E-05,0.126273880755192,56.5400448044393,15.0002568078533,14.9999944090554,""
9534.24443936348,15.000000166973,2.66731602691305E-05,0.101431037797841,3.33414503364132E-05,0.126788797247302,56.5400425295171,15.0002539605071,14.9999915516008,""
9549.68893933296,15.0000002331233,2.66729345920429E-05,0.101842987434895,3.33411682400536E-05,0.127303734293619,56.5400311308044,15.000249582158,14.9999871704758,""
9565.13343930244,15.0000002925244,2.667267022433E-05,0.102254937474438,3.33408377804125E-05,0.127818671843047,56.5400110195784,15.0002451723953,14.9999827577186,""
9580.57793927193,15.00000016227,2.66716533036132E-05,0.102666867919912,3.33395666295165E-05,0.12833358489989,56.540020067005,15.0002403168859,14.9999778961145,""
9596.02243924141,15.0000000437297,2.66706178089769E-05,0.10307879788178,3.33382722612212E-05,0.128848497352226,56.540056958687,15.0002357552563,14.9999733287717,""
9611.46693921089,15.0000002564092,2.66690998569304E-05,0.103490689179824,3.33363748211629E-05,0.129363361474779,56.5400530737214,15.0002353718663,14.9999729450915,""
9626.91143918037,15.0000004482183,2.66675698988329E-05,0.10390257951571,3.33344623735411E-05,0.129878224394637,56.5400102502122,15.0002352426572,14.9999728154061,""
9642.35593914986,15.0000000462324,2.66662294616289E-05,0.104314426672253,3.33327868270361E-05,0.130393033340316,56.5400583302832,15.0002387344079,14.9999763040275,""
9657.80043911934,14.9999996650578,2.66648937793672E-05,0.104726272745458,3.3331117224209E-05,0.130907840931823,56.5401932162397,15.0002421469691,14.9999797138145,""
9673.24493908882,14.9999998797154,2.66634068285295E-05,0.105138076238181,3.33292585356619E-05,0.131422595297726,56.5402339271961,15.0002444291948,14.9999819983351,""
9688.6894390583,15.0000000854688,2.66619160515903E-05,0.105549878653897,3.33273950644879E-05,0.131937348317371,56.5401847083143,15.0002465854092,14.999984156105,""
9704.13393902779,15.0000000346817,2.6662279632317E-05,0.105961664803991,3.33278495403963E-05,0.132452081004989,56.5402371379957,15.0002469393977,14.9999845010783,""
9719.57843899727,14.9999999902682,2.66626904948418E-05,0.106373450539349,3.33283631185522E-05,0.132966813174186,56.5403866341901,15.000247341274,14.9999848947551,""
9735.02293896675,15.0000001306527,2.66612065692745E-05,0.106785219382131,3.33265082115931E-05,0.133481524227664,56.5403941050617,15.000248429406,14.9999859863764,""
9750.46743893623,15.0000002584255,2.66596739438577E-05,0.10719698779074,3.33245924298221E-05,0.133996234738424,56.5402659527309,15.0002497350864,14.9999872955189,""
9765.91193890572,15.0000000182013,2.6657813793114E-05,0.107608704990115,3.33222672413925E-05,0.134510881237644,56.5401469432375,15.0002541645416,14.999991728045,""
9781.3564388752,14.9999997837381,2.66559451573674E-05,0.108020420862844,3.33199314467092E-05,0.135025526078555,56.5400366644471,15.0002586375155,14.9999962039623,""
9796.80093884468,14.9999997184587,2.66537972448146E-05,0.108432076164887,3.33172465560183E-05,0.135540095206109,56.5399556072955,15.0002637366196,15.0000013041749,""
9812.24543881416,14.9999996658698,2.66516420400978E-05,0.108843729885377,3.33145525501222E-05,0.136054662356721,56.5399024545499,15.0002686135734,15.0000061821372,""
9827.68993878365,14.9999999883738,2.66513939783355E-05,0.109255348192133,3.33142424729193E-05,0.136569185240166,56.5399536680653,15.0002702879381,15.0000078560707,""
9843.13443875313,15.0000002904626,2.66511961038896E-05,0.109666965566962,3.3313995129862E-05,0.137083706958702,56.5401045432906,15.0002715989226,15.0000091663563,""
9858.57893872261,14.9999999852233,2.66513133901736E-05,0.110078581854948,3.3314141737717E-05,0.137598227318684,56.5401031133255,15.0002676608301,15.0000052236986,""
9874.02343869209,14.9999996990862,2.66514390345483E-05,0.11049019811411,3.33142987931853E-05,0.138112747642638,56.5399562436702,15.0002637383894,15.0000012970755,""
9889.46793866158,14.9999999849345,2.6651810310729E-05,0.110901821947678,3.33147628884112E-05,0.138627277434598,56.5399256154765,15.0002600424952,14.9999976025385,""
9904.91243863106,15.0000002542419,2.66521881513743E-05,0.111313445983671,3.33152351892178E-05,0.139141807479588,56.5400059888983,15.0002566077359,14.9999941687322,""
9920.35693860054,15.0000000249896,2.66512950737524E-05,0.111725061755226,3.33141188421905E-05,0.139656327194032,56.5400936500673,15.000256960245,14.9999945163312,""
9935.80143857002,14.9999998094129,2.66503677707613E-05,0.112136677304223,3.33129597134516E-05,0.140170846630279,56.5401882704718,15.0002576311749,14.9999951833142,""
9951.24593853951,15.0000000087626,2.66475301916426E-05,0.112548235457619,3.33094127395532E-05,0.140685294322024,56.5402870940143,15.0002629294792,15.00000049167,""
9966.69043850899,15.000000201005,2.66446407780842E-05,0.112959792053612,3.33058009726053E-05,0.141199740067015,56.5403899312289,15.0002680985992,15.0000056699975,""
9982.13493847847,15.0000001761749,2.66442022548533E-05,0.113371299621669,3.33052528185667E-05,0.141714124527087,56.5404087280471,15.0002713865979,15.0000089549149,""
9997.57943844795,15.000000144202,2.66438307377335E-05,0.113782805849328,3.33047884221669E-05,0.142228507311659,56.5403472727745,15.000274723285,15.00001228848,""
10013.0239384174,14.9999998926049,2.6643767467201E-05,0.114194305668908,3.33047093340012E-05,0.142742882086135,56.5403571868983,15.0002787703803,15.0000163318592,""
10028.4684383869,14.9999996579162,2.66437126871821E-05,0.11460580531198,3.33046408589777E-05,0.143257256639975,56.5404352532862,15.0002827377327,15.0000202961665,""
10043.9129383564,14.9999999466316,2.66421840682225E-05,0.115017280543564,3.33027300852782E-05,0.143771600679455,56.5404367045634,15.0002855392129,15.0000231044125,""
10059.3574383259,15.0000002214594,2.66406145506968E-05,0.115428755097737,3.3300768188371E-05,0.144285943872171,56.5403649943246,15.0002879871235,15.0000255588067,""
10074.8019382954,15.0000000634682,2.66390869142697E-05,0.115840183131818,3.32988586428371E-05,0.144800228914772,56.5403834639163,15.0002852552508,15.0000228292826,""
10090.2464382648,14.9999999118795,2.66375604486245E-05,0.116251609865434,3.32969505607806E-05,0.145314512331793,56.5404880482843,15.0002825350473,15.0000201111115,""
10105.6909382343,14.999999961192,2.66378820651782E-05,0.116663019280493,3.32973525814728E-05,0.145828774100616,56.5405047069386,15.0002799861445,15.0000175595981,""
10121.1354382038,15.0000000127864,2.66382557241254E-05,0.117074428207857,3.32978196551567E-05,0.146343035259821,56.5404374033188,15.0002775508765,15.0000151220804,""
10136.5799381733,15.0000001364765,2.66363984367349E-05,0.117485813900701,3.32954980459187E-05,0.146857267375877,56.5405011947297,15.0002767871179,15.0000143613838,""
10152.0244381428,15.0000002529027,2.6634477867222E-05,0.117897198934485,3.32930973340274E-05,0.147371498668106,56.5406901717824,15.000276117934,15.0000136948376,""
10167.4689381123,15.0000001382397,2.66350901713085E-05,0.118308565408842,3.32938627141356E-05,0.147885706761053,56.5408051871869,15.0002768427268,15.0000144160135,""
10182.9134380817,15.0000000203097,2.66357748422745E-05,0.118719931352937,3.32947185528431E-05,0.148399914191171,56.5408495749225,15.0002775598818,15.0000151297854,""
10198.3579380512,14.9999997977189,2.66352993387216E-05,0.119131299936206,3.3294124173402E-05,0.148914124920258,56.5407280581131,15.0002781642296,15.0000157342063,""
10213.8024380207,14.999999593939,2.66347904492874E-05,0.119542668595422,3.32934880616092E-05,0.149428335744278,56.5404481152511,15.000278907194,15.0000164772321,""
10229.2469379902,14.9999999970064,2.6633679927621E-05,0.119954012684,3.32920999095263E-05,0.149942515855,56.5403483526471,15.0002817016324,15.0000192715612,""
10244.6914379597,15.0000003883445,2.66325519693113E-05,0.120365356060466,3.32906899616391E-05,0.150456695075583,56.5404206483012,15.0002842883396,15.0000218586725,""
10260.1359379292,15.0000003986174,2.66300054326348E-05,0.120776643668889,3.32875067907935E-05,0.150970804586111,56.5404255636922,15.0002837944128,15.0000213727638,""
10275.5804378986,15.0000003952072,2.66274174905803E-05,0.121187929649558,3.32842718632254E-05,0.151484912061947,56.5403661361257,15.000283228132,15.0000208147084,""
10291.0249378681,14.9999999440924,2.66222714206474E-05,0.121599098453509,3.32778392758093E-05,0.151998873066886,56.5403620153172,15.0002815866488,15.0000191845307,""
10306.4694378376,14.9999995168158,2.66170501577539E-05,0.122010263813198,3.32713126971923E-05,0.152512829766498,56.5404107081995,15.0002803257474,15.0000179346847,""
10321.9139378071,14.9999998750951,2.66156355078919E-05,0.122421331311603,3.32695443848649E-05,0.153026664139503,56.5404732877405,15.0002847320172,15.0000223482855,""
10337.3584377766,15.0000002105128,2.66143335323266E-05,0.12283239591335,3.32679169154082E-05,0.153540494891688,56.5405491279711,15.0002893074774,15.0000269312308,""
10352.802937746,14.9999997871204,2.66113959911389E-05,0.123243396195625,3.32642449889237E-05,0.154054245244531,56.5405901580577,15.0002964075022,15.0000340410382,""
10368.2474377155,14.9999993812703,2.66084097009773E-05,0.12365439456082,3.32605121262216E-05,0.154567993201025,56.5405979471379,15.000303450225,15.0000410938557,""
10383.691937685,14.9999995618999,2.66048369140946E-05,0.124065294302487,3.32560461426183E-05,0.155081617878109,56.5406394355532,15.000309636157,15.0000472945502,""
10399.1364376545,14.9999997429906,2.66012465254992E-05,0.124476191084302,3.32515581568739E-05,0.155595238855378,56.5407131042379,15.0003155001118,15.0000531728984,""
10414.580937624,14.9999999396059,2.66000646495215E-05,0.124887017406991,3.32500808119019E-05,0.156108771758739,56.5407283101363,15.0003165398666,15.0000542215177,""
10430.0254375935,15.0000001252693,2.65989555533375E-05,0.125297841600565,3.32486944416719E-05,0.156622302000706,56.5406876885767,15.0003174134657,15.0000551037463,""
10445.4699375629,14.9999999393959,2.65981248806057E-05,0.125708636844081,3.32476561007571E-05,0.157135796055102,56.5405830448207,15.000315792398,15.000053487779,""
10460.9144375324,14.9999997634632,2.65973026786115E-05,0.126119431206823,3.32466283482643E-05,0.157649289008529,56.5404172647946,15.0003141616241,15.0000518622599,""
10476.3589375019,14.9999999272659,2.65980292036927E-05,0.12653022484661,3.32475365046159E-05,0.158162781058262,56.5403675560473,15.0003123848191,15.0000500930318,""
10491.8034374714,15.000000088999,2.6598803166655E-05,0.126941018464251,3.32485039583187E-05,0.158676273080314,56.5404286864382,15.0003104466676,15.0000481626894,""
10507.2479374409,15.0000001794765,2.65949901534466E-05,0.127351764425498,3.32437376918082E-05,0.159189705531872,56.5405021381702,15.0003060759956,15.0000438033311,""
10522.6924374104,15.000000265459,2.65910356934531E-05,0.127762508917182,3.32387946168164E-05,0.159703136146478,56.5405873558344,15.0003017961135,15.0000395336871,""
10538.1369373798,15.0000001955127,2.65928665999626E-05,0.128173224286538,3.32410832499533E-05,0.160216530358172,56.5406127411216,15.0002988878588,15.0000366194227,""
10553.5814373493,15.0000001161236,2.65948771019448E-05,0.128583938751847,3.32435963774309E-05,0.160729923439809,56.5405809910934,15.0002962611457,15.0000339870994,""
10569.0259373188,14.9999997066917,2.65959985933661E-05,0.128994699711877,3.32449982417077E-05,0.161243374639846,56.5405477446033,15.0002978967413,15.0000356231346,""
10584.4704372883,14.9999993252262,2.65970923035697E-05,0.129405462124847,3.32463653794621E-05,0.161756827656059,56.5405130691071,15.0002993279963,15.0000370545268,""
10599.9149372578,14.9999999287033,2.65996617960188E-05,0.129816280089251,3.32495772450235E-05,0.162270350111563,56.5405579556572,15.0002976592439,15.0000353813264,""
10615.3594372272,15.0000005088123,2.66022777109828E-05,0.130227099801092,3.32528471387284E-05,0.162783874751364,56.5406788178431,15.0002958953832,15.0000336127274,""
10630.8039371967,15.0000002596061,2.66025909401349E-05,0.130637962276316,3.32532386751687E-05,0.163297452845395,56.5406616471022,15.0002926856368,15.0000303938316,""
10646.2484371662,15.0000000152061,2.66028312595572E-05,0.131048826105553,3.32535390744465E-05,0.163811032631941,56.5405126655312,15.0002895451287,15.0000272443707,""
10661.6929371357,14.9999999426882,2.66042423479855E-05,0.131459715213144,3.32553029349819E-05,0.16432464401643,56.5405149372955,15.0002874594193,15.0000251527058,""
10677.1374371052,14.999999876616,2.6605690748479E-05,0.131870605126349,3.32571134355987E-05,0.164838256407937,56.5406616443631,15.0002853023375,15.0000229900921,""
10692.5819370747,15.0000000428615,2.66033499940362E-05,0.132281479865628,3.32541874925452E-05,0.165351849832035,56.5407183637471,15.0002820556624,15.0000197443543,""
10708.0264370441,15.0000002037442,2.66008876964919E-05,0.132692354118179,3.32511096206148E-05,0.165865442647724,56.5406891518081,15.0002789076997,15.0000165976241,""
10723.4709370136,15.0000001698188,2.65969596442555E-05,0.133103132044245,3.32461995553194E-05,0.166378915055307,56.5406648816842,15.0002772698787,15.0000149655514,""
10738.9154369831,15.0000001348099,2.65929842722981E-05,0.133513906860554,3.32412303403726E-05,0.166892383575692,56.5406453306137,15.0002759495746,15.0000136510377,""
10754.3599369526,15.0000000601346,2.65900740575627E-05,0.133924579186603,3.32375925719534E-05,0.167405723983254,56.5406783067708,15.0002794969985,15.0000172048964,""
10769.8044369221,14.9999999840604,2.65871984503726E-05,0.134335248182687,3.32339980629658E-05,0.167919060228359,56.5407614423939,15.0002831151809,15.0000208289695,""
10785.2489368916,14.9999998563645,2.65868108713815E-05,0.13474586958827,3.32335135892269E-05,0.168432336985338,56.5407219050234,15.0002878204221,15.0000255317445,""
10800.693436861,14.9999997358877,2.65865046451038E-05,0.135156489437755,3.32331308063797E-05,0.168945611797194,56.5405652243706,15.0002925078897,15.000030217153,""
10816.1379368305,14.9999998839682,2.65864380774614E-05,0.135567103830427,3.32330475968267E-05,0.169458879788034,56.5405050523201,15.0002969217235,15.0000346351965,""
10831.5824368,15.0000000292662,2.65863793957534E-05,0.135977718043543,3.32329742446917E-05,0.169972147554429,56.5405370385744,15.0003013318852,15.0000390491341,""
10847.0269367695,15.0000000702165,2.65861581659397E-05,0.136388327991247,3.32326977074247E-05,0.170485409989059,56.5405481255296,15.000305685392,15.000043399725,""
10862.471436739,15.0000001057101,2.65859315538073E-05,0.136798937797715,3.32324144422591E-05,0.170998672247143,56.540539255259,15.0003099347373,15.0000476464639,""
10877.9159367085,14.9999999348973,2.6585788270711E-05,0.137209542116512,3.32322353383888E-05,0.17151192764564,56.5405862878852,15.0003125736639,15.0000502875692,""
10893.3604366779,14.9999997756966,2.65856477640985E-05,0.137620146252464,3.32320597051232E-05,0.172025182815579,56.5406867034854,15.0003150380343,15.0000527535014,""
10908.8049366474,15.000000059129,2.65857221354764E-05,0.138030749507694,3.32321526693456E-05,0.172538436884618,56.5407549803077,15.0003147978944,15.0000525053642,""
10924.2494366169,15.0000003252919,2.65858037110623E-05,0.138441352733397,3.32322546388279E-05,0.173051690916746,56.5407925670649,15.0003142956724,15.0000519951777,""
10939.6939365864,14.999999927719,2.65879532810281E-05,0.138851990339135,3.32349416012851E-05,0.173564987923919,56.5407616906497,15.0003097241944,15.0000474162452,""
10955.1384365559,14.9999995477061,2.65901726137505E-05,0.139262629104668,3.32377157671881E-05,0.174078286380835,56.5406654371577,15.0003051542916,15.0000428391808,""
10970.5829365253,14.9999998482233,2.65890760150134E-05,0.139673282961283,3.32363450187667E-05,0.174591603701604,56.5406536725506,15.0003006088975,15.0000382911812,""
10986.0274364948,15.0000001466813,2.65878668665538E-05,0.140083937330121,3.32348335831922E-05,0.175104921662652,56.5407225883461,15.0002960076041,15.0000336878303,""
11001.4719364643,15.0000003646596,2.65853556282489E-05,0.140494535467341,3.32316945353111E-05,0.175618169334176,56.5408754656142,15.0002905346709,15.000028221383,""
11016.9164364338,15.0000005686283,2.65827999238225E-05,0.140905131684261,3.32284999047781E-05,0.176131414605327,56.5411085196469,15.0002851826801,15.0000228755203,""
11032.3609364033,15.0000002204531,2.65804866171292E-05,0.141315655316896,3.32256082714115E-05,0.17664456914612,56.5411415763858,15.0002817205875,15.0000194139668,""
11047.8054363728,14.9999998906619,2.65781816386421E-05,0.141726176455708,3.32227270483026E-05,0.177157720569635,56.5409836510541,15.0002785224056,15.0000162163199,""
11063.2499363422,15.0000002916254,2.65776414250408E-05,0.142136656026699,3.32220517813011E-05,0.177670820033374,56.5409441179093,15.0002794570577,15.000017151443,""
11078.6944363117,15.0000006671375,2.65771622113699E-05,0.142547134160879,3.32214527642124E-05,0.178183917701099,56.541017640226,15.0002805898097,15.0000182848676,""
11094.1389362812,15.0000000222527,2.65753592477672E-05,0.142957577542031,3.32191990597089E-05,0.178696971927538,56.5409966288311,15.0002848314704,15.0000225303634,""
11109.5834362507,14.9999993976934,2.65735102528534E-05,0.143368019714701,3.32168878160667E-05,0.179210024643376,56.5408853449893,15.0002891494679,15.0000268518301,""
11125.0279362202,14.9999995951077,2.65725655490666E-05,0.143778420666477,3.32157069363333E-05,0.179723025833097,56.5408934360753,15.0002946680475,15.000032368123,""
11140.4724361897,14.9999997900037,2.65716524786948E-05,0.144188820176287,3.32145655983685E-05,0.180236025220359,56.5410155210652,15.0003002671827,15.0000379657069,""
11155.9169361591,14.9999998821675,2.65697421050934E-05,0.144599177034017,3.32121776313667E-05,0.180748971292522,56.5410203824884,15.0003071359848,15.0000448445494,""
11171.3614361286,14.9999999689384,2.65677966368253E-05,0.145009532390839,3.32097457960316E-05,0.181261915488549,56.5409133043925,15.0003138379278,15.0000515567129,""
11186.8059360981,14.9999998337613,2.65640285452717E-05,0.145419801550671,3.32050356815897E-05,0.181774751938338,56.5409235442749,15.0003179042542,15.0000556361039,""
11202.2504360676,14.9999997122084,2.65601959369305E-05,0.145830067659321,3.32002449211631E-05,0.182287584574151,56.5410458138391,15.0003215490706,15.0000592936015,""
11217.6949360371,15.0000001563684,2.65568195694902E-05,0.146240226488838,3.31960244618627E-05,0.182800283111048,56.5410942273885,15.0003185215209,15.0000562726632,""
11233.1394360065,15.0000005847705,2.65534594469917E-05,0.146650381498568,3.31918243087396E-05,0.18331297687321,56.541072114102,15.0003154832589,15.0000532407514,""
11248.583935976,15.000000352987,2.65534504299654E-05,0.147060488057599,3.31918130374567E-05,0.183825610071999,56.5411337752884,15.0003122750577,15.0000500347549,""
11264.0284359455,15.0000001199731,2.65535614308654E-05,0.147470592881397,3.31919517885817E-05,0.184338241101746,56.5412754346789,15.0003092961265,15.000047058257,""
11279.472935915,14.9999998349407,2.65530892250909E-05,0.147880692006795,3.31913615313636E-05,0.184850865008493,56.5413590238637,15.0003099622531,15.0000477304503,""
11294.9174358845,14.9999995605,2.65525960105335E-05,0.14829079092692,3.31907450131669E-05,0.18536348865865,56.5413871604508,15.0003106789757,15.0000484524963,""
11310.361935854,14.9999997379256,2.65540388831793E-05,0.148700905048198,3.31925486039741E-05,0.185876131310247,56.5413737118778,15.0003122018554,15.0000499688534,""
11325.8064358234,14.99999991331,2.6555551902998E-05,0.149111019720235,3.31944398787476E-05,0.186388774650294,56.5413205526603,15.0003135282759,15.0000512888105,""
11341.2509357929,15.0000000008104,2.65581710634813E-05,0.149521196574598,3.31977138293516E-05,0.186901495718247,56.5413993822505,15.0003117176453,15.0000494726608,""
11356.6954357624,15.0000000844778,2.65608305317633E-05,0.149931375694886,3.32010381647041E-05,0.187414219618608,56.5416042510486,15.0003095281381,15.0000472779266,""
11372.1399357319,15.0000000015799,2.65602337666419E-05,0.150341583771209,3.32002922083024E-05,0.187926979714011,56.541723627678,15.0003012755146,15.0000390247509,""
11387.5844357014,14.999999921742,2.65595176646966E-05,0.150751792908734,3.31993970808708E-05,0.188439741135917,56.5417613658304,15.0002931266311,15.0000308749336,""
11403.0289356709,14.9999999761299,2.65604892308344E-05,0.151162006778531,3.3200611538543E-05,0.188952508473163,56.5417840211077,15.0002866415226,15.0000243827754,""
11418.4734356403,15.0000000317043,2.6561523000256E-05,0.151572220822747,3.320190375032E-05,0.189465276028434,56.5417922733937,15.0002806005188,15.0000183351591,""
11433.9179356098,15.0000001398097,2.65603161279729E-05,0.151982431051802,3.32003951599661E-05,0.189978038814752,56.5417762021438,15.000281697681,15.0000194327366,""
11449.3624355793,15.0000002416725,2.6559026203159E-05,0.152392641139442,3.31987827539487E-05,0.190490801424302,56.5417369037775,15.000282956823,15.0000206925355,""
11464.8069355488,15.0000000644658,2.65563491240789E-05,0.152802791384724,3.31954364050986E-05,0.191003489230905,56.5417798851883,15.0002868252201,15.0000245654792,""
11480.2514355183,14.9999998953832,2.65536203383266E-05,0.153212939399361,3.31920254229083E-05,0.191516174249202,56.5419014374926,15.0002907096476,15.0000284543602,""
11495.6959354877,15.0000000929797,2.65503324935978E-05,0.153622997526805,3.31879156169973E-05,0.192028746908506,56.5419301870551,15.000294852872,15.0000326005333,""
11511.1404354572,15.0000002834596,2.65470236928807E-05,0.154033052284882,3.31837796161008E-05,0.192541315356102,56.5418703170978,15.0002989272809,15.000036678481,""
11526.5849354267,15.0000001495976,2.65425878503062E-05,0.154442991132106,3.31782348128827E-05,0.193053738915132,56.5418460528337,15.0003018882788,15.0000396525634,""
11542.0294353962,15.0000000181707,2.65381095255576E-05,0.154852925610242,3.3172636906947E-05,0.193566157012802,56.5418557892853,15.0003048327307,15.0000426095198,""
11557.4739353657,14.9999999988203,2.65378973304864E-05,0.155262792690751,3.3172371663108E-05,0.194078490863439,56.5419521954367,15.0003075088822,15.0000452887667,""
11572.9184353352,14.999999981751,2.65378468334316E-05,0.155672657216705,3.31723085417895E-05,0.194590821520881,56.5421313645271,15.0003100782872,15.0000478615721,""
11588.3629353046,15.0000000707077,2.65351714033701E-05,0.156082479695259,3.31689642542127E-05,0.195103099619074,56.5421448468666,15.0003109129069,15.00004870455,""
11603.8074352741,15.0000001572386,2.65323959317719E-05,0.156492300571302,3.31654949147149E-05,0.195615375714127,56.5420001110228,15.0003115181392,15.0000493174277,""
11619.2519352436,15.0000001298878,2.65337440293686E-05,0.156902102564534,3.31671800367108E-05,0.196127628205667,56.5419186109967,15.0003083872143,15.0000461825385,""
11634.6964352131,15.0000000952053,2.65352501479515E-05,0.157311903834149,3.31690626849394E-05,0.196639879792687,56.5418974963434,15.0003053617285,15.0000431522459,""
11650.1409351826,14.9999997128462,2.65416451476945E-05,0.157721825418225,3.31770564346181E-05,0.197152281772781,56.5418840063948,15.0003040574079,15.0000418293693,""
11665.5854351521,14.9999993471722,2.65482285202837E-05,0.158131751638121,3.31852856503546E-05,0.197664689547651,56.5418777974567,15.0003028825968,15.0000406367624,""
11681.0299351215,14.9999997808089,2.65501447895202E-05,0.158541801558552,3.31876809869003E-05,0.198177251948191,56.5418806034085,15.0003038265867,15.000041575396,""
11696.474435091,15.0000001972522,2.65518802532353E-05,0.158951856271194,3.31898503165441E-05,0.198689820338993,56.5418920178919,15.0003045231315,15.0000422664347,""
11711.9189350605,14.9999997815305,2.65519606431249E-05,0.159361937021609,3.31899508039061E-05,0.199202421277011,56.541854772809,15.0003011623757,15.0000388977162,""
11727.36343503,14.9999993846159,2.65519765678154E-05,0.159772018786196,3.31899707097692E-05,0.199715023482744,56.5417710615564,15.0002977096176,15.0000354380463,""
11742.8079349995,14.9999999074614,2.65465849231751E-05,0.160182017498874,3.31832311539688E-05,0.200227521873592,56.5417759406683,15.00029274494,15.0000304837296,""
11758.2524349689,15.0000004095994,2.65409815193353E-05,0.160592012959258,3.31762268991692E-05,0.200740016199072,56.5418654168123,15.0002877983411,15.00002554717,""
11773.6969349384,14.9999998883757,2.65360913832221E-05,0.161001852893175,3.31701142290277E-05,0.201252316116468,56.5418395308687,15.0002831495028,15.0000209030756,""
11789.1414349079,14.9999993863829,2.65312293281554E-05,0.161411686704081,3.31640366601943E-05,0.201764608380101,56.5417034829349,15.0002787714732,15.0000165297488,""
11804.5859348774,14.9999998448934,2.65295407645654E-05,0.161821425052577,3.31619259557068E-05,0.202276781315722,56.5416802946001,15.0002788637845,15.0000166260848,""
11820.0304348469,15.0000002870717,2.65279778060459E-05,0.162231159622724,3.31599722575574E-05,0.202788949528404,56.5417648785699,15.0002788946399,15.0000166606784,""
11835.4749348164,14.9999999047678,2.65288631887234E-05,0.162640885574667,3.31610789859042E-05,0.203301106968333,56.5417096102138,15.0002779087339,15.000015673772,""
11850.9194347858,14.999999537081,2.65298459894906E-05,0.163050611183696,3.31623074868632E-05,0.20381326397962,56.5415207935589,15.0002770602035,15.0000148246303,""
11866.3639347553,14.9999999153067,2.65276847717335E-05,0.163460317423193,3.31596059646669E-05,0.204325396778992,56.5414358277399,15.0002784896198,15.0000162598888,""
11881.8084347248,15.0000002830984,2.6525397794875E-05,0.163870022887919,3.31567472435938E-05,0.204837528609899,56.541450031544,15.0002798455611,15.0000176218385,""
11897.2529346943,15.0000001125966,2.65231492234138E-05,0.164279661027535,3.31539365292673E-05,0.205349576284419,56.5414688479101,15.0002799803914,15.0000177654392,""
11912.6974346638,14.9999999419756,2.6520902196219E-05,0.164689296460034,3.31511277452737E-05,0.205861620575042,56.541492068921,15.0002804240806,15.0000182176012,""
11928.1419346333,14.9999997651403,2.65189730591875E-05,0.165098870084249,3.31487163239844E-05,0.206373587605311,56.5415494913829,15.0002860124512,15.0000238094902,""
11943.5864346027,14.999999596826,2.65170567712307E-05,0.165508441210182,3.31463209640384E-05,0.206885551512727,56.5416395736225,15.0002917252863,15.0000295258077,""
11959.0309345722,14.9999998779674,2.65164032269702E-05,0.1659179749538,3.31455040337127E-05,0.207397468692251,56.54166606493,15.0002995160396,15.0000373194461,""
11974.4754345417,15.0000001561437,2.65158009881929E-05,0.16632750717857,3.31447512352411E-05,0.207909383973212,56.5416318317464,15.0003069988017,15.0000448053344,""
11989.9199345112,15.0000002761407,2.65151994021792E-05,0.16673702153906,3.3143999252724E-05,0.208421276923825,56.5415803348563,15.0003093279841,15.0000471416779,""
12005.3644344807,15.0000003933437,2.65145978428247E-05,0.167146535169963,3.31432473035309E-05,0.208933168962454,56.5415123524427,15.0003113156423,15.000049136134,""
12020.8089344501,15.0000003598013,2.65120710562965E-05,0.167556001213221,3.31400888203706E-05,0.209445001516526,56.5414571868972,15.0003075755898,15.0000453967884,""
12036.2534344196,15.0000003265688,2.65094652372006E-05,0.167965465302956,3.31368315465008E-05,0.209956831628696,56.5414142604842,15.0003037606783,15.0000415829758,""
12051.6979343891,15.0000003102526,2.65096963029235E-05,0.168374895902147,3.31371203786544E-05,0.210468619877684,56.5413848162574,15.0002986874392,15.0000365174249,""
12067.1424343586,15.0000002929131,2.65100444230469E-05,0.168784325119465,3.31375555288086E-05,0.210980406399331,56.5413682464912,15.0002934676352,15.0000313048361,""
12082.5869343281,15.0000002190599,2.65099169305599E-05,0.169193757316359,3.31373961631999E-05,0.211492196645448,56.5413110414361,15.0002857785335,15.0000236149832,""
12098.0314342976,15.0000001428455,2.65097697133497E-05,0.169603189636823,3.31372121416871E-05,0.212003987046028,56.5412150327764,15.0002783097663,15.0000161462556,""
12113.475934267,14.9999999346991,2.65065225731408E-05,0.170012569710023,3.3133153216426E-05,0.212515712137529,56.5411819086291,15.0002745616676,15.0000124115523,""
12128.9204342365,14.9999997370473,2.65031462188524E-05,0.170421947605402,3.31289327735655E-05,0.213027434506752,56.5412088343997,15.0002709831539,15.0000088456244,""
12144.364934206,15.0000001328069,2.65019692607917E-05,0.170831259364241,3.31274615759896E-05,0.213539074205302,56.541143761492,15.0002702749105,15.0000081362648,""
12159.8094341755,15.0000005165611,2.65008844438304E-05,0.171240568352369,3.3126105554788E-05,0.214050710440461,56.5409908368509,15.0002695777417,15.0000074385232,""
12175.253934145,15.0000002132398,2.64988679262722E-05,0.171649830791293,3.31235849078402E-05,0.214562288489117,56.5409274062816,15.0002690684468,15.0000069378715,""
12190.6984341145,14.9999999166085,2.64968121797216E-05,0.172059091270277,3.3121015224652E-05,0.215073864087846,56.5409494357371,15.0002686346872,15.0000065123917,""
12206.1429340839,15.0000000075485,2.64965556150545E-05,0.172468318611509,3.31206945188181E-05,0.215585398264387,56.5409177630319,15.0002694852839,15.0000073650912,""
12221.5874340534,15.0000000964145,2.64963751840448E-05,0.172877544550494,3.3120468980056E-05,0.216096930688118,56.540834808852,15.0002703952166,15.0000082777272,""
12237.0319340229,15.000000063638,2.64934438086424E-05,0.173286722651887,3.31168047608029E-05,0.216608403314859,56.5408208120192,15.0002723163951,15.0000102118442,""
12252.4764339924,15.0000000301092,2.64903954444212E-05,0.173695898718901,3.31129943055264E-05,0.217119873398626,56.5408726642027,15.0002742450399,15.0000121535838,""
12267.9209339619,14.999999951899,2.64856757940241E-05,0.174104958660841,3.31070947425301E-05,0.217631198326051,56.5408785737018,15.0002763012244,15.0000142255352,""
12283.3654339314,14.999999877839,2.64808847162906E-05,0.174514013639834,3.31011058953633E-05,0.218142517049793,56.5408406114324,15.0002784186246,15.0000163582123,""
12298.8099339008,15.0000000533844,2.64786470055784E-05,0.174922966147126,3.3098308756973E-05,0.218653707683907,56.5408844033559,15.0002815841534,15.0000195306279,""
12314.2544338703,15.0000002225297,2.64765189599569E-05,0.175331914253339,3.30956486999461E-05,0.219164892816674,56.541006264314,15.0002846347002,15.0000225874269,""
12329.6989338398,15.0000000017746,2.64795967977176E-05,0.175740879750003,3.30994959971471E-05,0.219676099687503,56.5411199778063,15.0002857119568,15.0000236600471,""
12345.1434338093,14.999999787781,2.64828993242139E-05,0.176149845997248,3.31036241552673E-05,0.220187307496559,56.5412259110884,15.000286675223,15.0000246195162,""
12360.5879337788,14.999999991066,2.64826236794309E-05,0.176558854756767,3.31032795992886E-05,0.220698568445958,56.5411645608595,15.0002856776544,15.0000236325904,""
12376.0324337482,15.0000001914217,2.64821928423572E-05,0.176967865360126,3.31027410529465E-05,0.221209831700158,56.5409434676039,15.0002845413845,15.0000225067651,""
12391.4769337177,15.0000002086133,2.64784433160583E-05,0.177376811949438,3.30980541450729E-05,0.221721014936798,56.5409084451262,15.0002810136327,15.0000189860443,""
12406.9214336872,15.0000002197754,2.64745491498001E-05,0.177785755748796,3.30931864372501E-05,0.222232194685995,56.5410511060967,15.0002777057611,15.0000156853543,""
12422.3659336567,14.999999848868,2.64722644600095E-05,0.178194609156974,3.30903305750118E-05,0.222743261446218,56.5410626606537,15.0002781979289,15.0000161873059,""
12437.8104336262,14.9999994879356,2.64700502573195E-05,0.178603458606466,3.30875628216494E-05,0.223254323258082,56.5409490185522,15.0002788283542,15.0000168268457,""
12453.2549335957,14.9999997676602,2.64711696925998E-05,0.179012294029409,3.30889621157498E-05,0.223765367536761,56.5408536024752,15.0002818537956,15.0000198498067,""
12468.6994335651,15.0000000405501,2.6472435830365E-05,0.17942112883509,3.30905447879563E-05,0.224276411043862,56.5407755908662,15.0002847470005,15.0000227408488,""
12484.1439335346,14.9999998684395,2.64718678697952E-05,0.179829972768513,3.30898348372441E-05,0.224787465960642,56.5407917135757,15.0002853441032,15.0000233413048,""
12499.5884335041,14.9999996981517,2.64712188081463E-05,0.180238817105552,3.30890235101828E-05,0.22529852138194,56.5408977274036,15.0002858742729,15.0000238750574,""
12515.0329334736,14.9999996482021,2.64698683326706E-05,0.180647631410707,3.30873354158382E-05,0.225809539263384,56.5409567953768,15.0002852395075,15.0000232478704,""
12530.4774334431,14.999999602072,2.64684866931348E-05,0.181056444381536,3.30856083664184E-05,0.22632055547692,56.5409710336249,15.0002845281714,15.0000225440959,""
12545.9219334126,14.9999998116405,2.64661337542264E-05,0.181465201492043,3.3082667192783E-05,0.226831501865054,56.5410675925835,15.0002824810147,15.000020504206,""
12561.366433382,15.0000000158576,2.64637374542995E-05,0.181873956108819,3.30796718178743E-05,0.227342445136023,56.5412427615675,15.0002803960407,15.0000184264012,""
12576.8109333515,14.9999998566856,2.64616985713732E-05,0.182282645397626,3.30771232142165E-05,0.227853306747032,56.5412907263259,15.0002776497591,15.000015685581,""
12592.255433321,14.9999997062855,2.64596757201358E-05,0.182691331756192,3.30745946501697E-05,0.22836416469524,56.5412172207113,15.000274882167,15.0000129238348,""
12607.6999332905,15.0000001601884,2.64564147265742E-05,0.183099939195245,3.30705184082178E-05,0.228874923994056,56.5412186597682,15.0002717410356,15.0000097952899,""
12623.14443326,15.0000005955041,2.64530979343916E-05,0.18350854307768,3.30663724179895E-05,0.2293856788471,56.5412916652937,15.0002687443147,15.0000068110166,""
12638.5889332294,14.9999997314855,2.64504103059838E-05,0.18391705865422,3.30630128824797E-05,0.229896323317776,56.5411999311007,15.0002682848885,15.0000063615949,""
12654.0334331989,14.9999988880522,2.64477511652269E-05,0.184325570232394,3.30596889565337E-05,0.230406962790493,56.5409508829804,15.0002682319732,15.0000063189757,""
12669.4779331684,14.9999995051217,2.64451207610358E-05,0.184734003682561,3.30564009512948E-05,0.230917504603202,56.5408227134513,15.0002753384648,15.0000134408984,""
12684.9224331379,15.000000112876,2.64424916640966E-05,0.185142433578616,3.30531145801207E-05,0.23142804197327,56.5408099738023,15.0002822920099,15.0000204096975,""
12700.3669331074,15.0000000497104,2.64387655977337E-05,0.185550768862515,3.30484569971672E-05,0.231938461078143,56.5408174200052,15.0002865454545,15.000024675271,""
12715.8114330769,14.9999999881873,2.64349893963022E-05,0.185959099822331,3.30437367453778E-05,0.232448874777913,56.5408441421647,15.0002904539606,15.0000285957131,""
12731.2559330463,15.0000000467906,2.64350951939996E-05,0.186367379210219,3.30438689924995E-05,0.232959224012774,56.540919603128,15.0002882584016,15.0000264086772,""
12746.7004330158,15.0000001034451,2.64353792364053E-05,0.186775656230147,3.30442240455066E-05,0.233469570287684,56.5410416059498,15.0002860305844,15.0000241892575,""
12762.1449329853,15.0000000153571,2.64354670130557E-05,0.187183938606281,3.30443337663196E-05,0.233979923257851,56.5410497657359,15.0002832305535,15.0000213953981,""
12777.5894329548,14.9999999286342,2.6435545736313E-05,0.187592221229487,3.30444321703913E-05,0.234490276536859,56.540949214057,15.0002804360618,15.0000186065821,""
12793.0339329243,14.9999999449074,2.64359293078065E-05,0.188000510885592,3.30449116347582E-05,0.23500063860699,56.5409847102599,15.0002777400654,15.000015907445,""
12808.4784328938,14.9999999615703,2.6436327006229E-05,0.188408800867607,3.30454087577862E-05,0.235511001084509,56.541150121872,15.0002750182029,15.0000131824534,""
12823.9229328632,15.0000000081022,2.64398100504586E-05,0.188817150245072,3.30497625630732E-05,0.23602143780634,56.5411816971894,15.0002718353057,15.0000099966346,""
12839.3674328327,15.0000000512669,2.64434367285403E-05,0.189225502387607,3.30542959106754E-05,0.236531877984509,56.5410854689957,15.000268761385,15.0000069201639,""
12854.8119328022,14.9999998320457,2.64416530852131E-05,0.189633877992255,3.30520663565164E-05,0.237042347490319,56.5410058035348,15.0002676345359,15.0000057974038,""
12870.2564327717,14.9999996198652,2.64396164207454E-05,0.190042254694141,3.30495205259318E-05,0.237552818367676,56.5409419542285,15.0002666127305,15.0000047790972,""
12885.7009327412,14.9999999654149,2.64402217822144E-05,0.190450612111269,3.3050277227768E-05,0.238063265139086,56.5409344033612,15.0002674722657,15.0000056315626,""
12901.1454327106,15.0000003046398,2.64409512641081E-05,0.190858968622412,3.30511890801351E-05,0.238573710778016,56.5409806132367,15.000268346163,15.0000064984913,""
12916.5899326801,15.0000001343589,2.64417632170861E-05,0.191267347927001,3.30522040213577E-05,0.239084184908752,56.5410106905002,15.0002694779106,15.0000076250864,""
12932.0344326496,14.9999999675208,2.64425790620585E-05,0.191675728307264,3.30532238275731E-05,0.23959466038408,56.5410253623416,15.0002707732385,15.000008915857,""
12947.4789326191,15.0000000827909,2.64396335138485E-05,0.192084074651446,3.30495418923106E-05,0.240105093314307,56.5410746990593,15.0002750125277,15.0000131613022,""
12962.9234325886,15.0000001945088,2.64365096557275E-05,0.192492419382137,3.30456370696594E-05,0.240615524227672,56.5411571381066,15.0002791719205,15.0000173266725,""
12978.3679325581,15.0000000100839,2.64343177039105E-05,0.192900686391239,3.30428971298882E-05,0.241125857989048,56.5412168666476,15.0002818899137,15.000020047422,""
12993.8124325275,14.9999998298379,2.64321701280043E-05,0.19330894969936,3.30402126600054E-05,0.2416361871242,56.5412549083747,15.0002845052093,15.0000226648462,""
13009.256932497,15.0000000041856,2.64330284633838E-05,0.193717196122309,3.30412855792297E-05,0.242146495152886,56.5412679614449,15.0002852632358,15.0000234136486,""
13024.7014324665,15.0000001749244,2.64340305764712E-05,0.194125441737612,3.3042538220589E-05,0.242656802172015,56.5412571522399,15.0002857799931,15.0000239210557,""
13040.145932436,15.0000000338811,2.64382608852178E-05,0.194533766753744,3.30478261065222E-05,0.243167208442181,56.5412931544097,15.0002819227715,15.0000200521989,""
13055.5904324055,14.9999998951382,2.64426462925795E-05,0.194942095584688,3.30533078657244E-05,0.243677619480861,56.5413738578975,15.0002780550436,15.0000161726954,""
13071.034932375,14.9999999587762,2.64452426934946E-05,0.195350526019863,3.30565533668683E-05,0.244188157524829,56.5414159390444,15.0002739963797,15.0000120997037,""
13086.4794323444,15.0000000215929,2.64477527598423E-05,0.195758961358294,3.30596909498029E-05,0.244698701697867,56.5414211387801,15.0002700618942,15.0000081506762,""
13101.9239323139,15.0000000107983,2.6451575832374E-05,0.196167490933593,3.30644697904675E-05,0.245209363666991,56.5414063526942,15.0002683896961,15.0000064600317,""
13117.3684322834,15.0000000002789,2.64554625487801E-05,0.19657602507673,3.30693281859752E-05,0.245720031345912,56.5413724816608,15.0002668539772,15.0000049064488,""
13132.8129322529,15.0000000149006,2.64539679813053E-05,0.196984590594795,3.30674599766316E-05,0.246230738243494,56.5413818106206,15.0002678107572,15.0000058560016,""
13148.2574322224,15.0000000311114,2.64522114235863E-05,0.197393157640363,3.30652642794829E-05,0.246741447050454,56.5414323923052,15.0002688324057,15.0000068705851,""
13163.7019321918,15.0000001952991,2.64496513778407E-05,0.197801660541413,3.30620642223009E-05,0.247252075676767,56.5414316169381,15.0002710416604,15.0000090757448,""
13179.1464321613,15.0000003539206,2.64470520422407E-05,0.198210160305853,3.30588150528009E-05,0.247762700382317,56.5413817994724,15.0002734301132,15.0000114600788,""
13194.5909321308,14.9999999839217,2.64445027655523E-05,0.198618584303907,3.30556284569404E-05,0.248273230379883,56.5413023647043,15.0002791074079,15.0000171328199,""
13210.0354321003,14.9999996190167,2.64419559474005E-05,0.199027004580856,3.30524449342506E-05,0.24878375572607,56.5411946476534,15.0002846902199,15.000022711372,""
13225.4799320698,14.9999997476899,2.64410293722659E-05,0.199435374906185,3.30512867153324E-05,0.249294218632732,56.5411476565136,15.000288534686,15.0000265569822,""
13240.9244320393,14.9999998764538,2.64401827184059E-05,0.199843742767565,3.30502283980074E-05,0.249804678459457,56.5411586540277,15.0002922349312,15.0000302579644,""
13256.3689320087,15.0000000141911,2.64399617674383E-05,0.200252095373287,3.30499522092979E-05,0.250315119216609,56.5411356056971,15.0002932751348,15.0000312913964,""
13271.8134319782,15.0000001476198,2.64397718141955E-05,0.200660447223234,3.30497147677444E-05,0.250825559029042,56.5410800461588,15.0002942309492,15.0000322406005,""
13287.2579319477,14.9999998459634,2.64387121601414E-05,0.20106878004987,3.30483902001768E-05,0.251335975062338,56.5410261617322,15.0002936264002,15.0000316324227,""
13302.7024319172,14.999999550885,2.6437609234422E-05,0.201477111930009,3.30470115430275E-05,0.251846389912511,56.5409738769108,15.0002929993357,15.0000310013539,""
13318.1469318867,14.9999999343477,2.64401519878309E-05,0.201885467671216,3.30501899847887E-05,0.25235683458902,56.5409624134913,15.0002919549217,15.0000299459755,""
13333.5914318562,15.0000003122138,2.64428769112896E-05,0.202293824604731,3.3053596139112E-05,0.252867280755914,56.5409899314244,15.0002907598879,15.0000287403115,""
13349.0359318256,15.0000001000842,2.64424726074689E-05,0.20270221336008,3.30530907593361E-05,0.2533777667001,56.5409887460493,15.0002867659616,15.0000247419656,""
13364.4804317951,14.9999998898972,2.6441911269817E-05,0.203110603712341,3.30523890872712E-05,0.253888254640427,56.5409601511834,15.0002829782525,15.0000209495552,""
13379.9249317646,14.999999889102,2.64420872685393E-05,0.203518988944658,3.30526090856741E-05,0.254398736180822,56.5409544404695,15.0002830321713,15.000020993526,""
13395.3694317341,14.9999998895913,2.6442300426962E-05,0.203927373918943,3.30528755337025E-05,0.254909217398679,56.540970582392,15.0002830823701,15.0000210337988,""
13410.8139317036,15.0000000317132,2.64440397115866E-05,0.204335788733447,3.30550496394832E-05,0.255419735916808,56.5409331515075,15.0002830630962,15.0000210050068,""
13426.258431673,15.0000001731955,2.64458562358909E-05,0.204744205058211,3.30573202948636E-05,0.255930256322764,56.5408445626398,15.0002829463722,15.0000208789872,""
13441.7029316425,15.0000002424896,2.64452490262506E-05,0.205152637347845,3.30565612828133E-05,0.256440796684806,56.5408673926163,15.000281005112,15.0000189325995,""
13457.147431612,15.0000003096689,2.64445186278052E-05,0.20556107044891,3.30556482847566E-05,0.256951338061137,56.5409966191719,15.0002791191799,15.0000170414668,""
13472.5919315815,15.0000001324291,2.64435899089008E-05,0.205969479018974,3.3054487386126E-05,0.257461848773717,56.5410049473525,15.0002782717536,15.0000161874672,""
13488.036431551,14.9999999569982,2.64426510676053E-05,0.206377886336961,3.30533138345066E-05,0.257972357921202,56.5408978267114,15.0002775050931,15.0000154145413,""
13503.4809315205,14.9999999957944,2.64404267567532E-05,0.206786246210962,3.30505334459415E-05,0.258482807763702,56.5408287372849,15.0002782582353,15.0000161672113,""
13518.9254314899,15.0000000345443,2.64381365588981E-05,0.207194603653211,3.30476706986226E-05,0.258993254566513,56.5407959647975,15.0002791951379,15.0000171029511,""
13534.3699314594,15.000000067661,2.64404602049761E-05,0.207602965075285,3.30505752562202E-05,0.259503706344107,56.5408111440251,15.0002835986922,15.0000214923123,""
13549.8144314289,15.0000000980912,2.6443021325207E-05,0.208011326702201,3.30537766565087E-05,0.260014158377752,56.5408721135209,15.0002881705212,15.0000260504647,""
13565.2589313984,14.9999997938662,2.6442594708519E-05,0.208419717410424,3.30532433856487E-05,0.26052464676303,56.5409904006127,15.0002959249182,15.0000338009557,""
13580.7034313679,14.9999994950616,2.64420136715034E-05,0.208828109621705,3.30525170893792E-05,0.261035137027131,56.541163421682,15.0003034798446,15.000041351993,""
13596.1479313374,14.9999998894062,2.64404753978383E-05,0.209236469983718,3.30505942472979E-05,0.261545587479647,56.541219072354,15.0003072525971,15.0000451211766,""
13611.5924313068,15.000000280577,2.64388874439569E-05,0.209644828692765,3.30486093049461E-05,0.262056035865957,56.5411626431496,15.0003108523909,15.0000487173511,""
13627.0369312763,15.0000002548099,2.64384107405594E-05,0.210053157940971,3.30480134256993E-05,0.262566447426214,56.5411968426155,15.0003111643411,15.000049024723,""
13642.4814312458,15.0000002293573,2.64379919495285E-05,0.210461485653837,3.30474899369106E-05,0.263076857067296,56.5413175856257,15.0003112308231,15.000049086773,""
13657.9259312153,15.0000002463822,2.64370107809181E-05,0.210869792386265,3.30462634761476E-05,0.263587240482831,56.5414085397109,15.0003066191723,15.0000444734787,""
13673.3704311848,15.0000002620417,2.64360001832826E-05,0.211278098020794,3.30450002291032E-05,0.264097622525992,56.5414710476196,15.0003018700312,15.0000397226457,""
13688.8149311543,15.0000000879813,2.64347712143231E-05,0.211686370621501,3.30434640179038E-05,0.264607963276876,56.5414199847503,15.0002944938879,15.0000323438847,""
13704.2594311237,14.9999999155944,2.64335307710846E-05,0.212094641486452,3.30419134638557E-05,0.265118301858065,56.5412604703542,15.0002871982046,15.0000250458745,""
13719.7039310932,14.9999999826345,2.64317382021378E-05,0.212502867423928,3.30396727526722E-05,0.26562858427991,56.5411951283821,15.0002814438026,15.0000192947181,""
13735.1484310627,15.0000000502867,2.64299165030137E-05,0.212911090991029,3.30373956287672E-05,0.266138863738786,56.5412197139773,15.0002755790266,15.0000134328156,""
13750.5929310322,15.0000002082054,2.64300148436978E-05,0.213319290770386,3.30375185546222E-05,0.266649113462983,56.5412420539821,15.000267594499,15.0000054440145,""
13766.0374310017,15.0000003636387,2.64302148992048E-05,0.21372748928958,3.30377686240059E-05,0.267159361611975,56.5412622496172,15.0002599167092,14.9999977625183,""
13781.4819309711,15.0000001410322,2.6426981232548E-05,0.214135640639492,3.3033726540685E-05,0.267669550799365,56.5412743246916,15.0002581450708,14.9999959980932,""
13796.9264309406,14.9999999212746,2.64235649234489E-05,0.214543789480432,3.30294561543111E-05,0.26817973685054,56.5412786452425,15.0002566929601,14.9999945529254,""
13812.3709309101,15.00000014893,2.64213189631048E-05,0.214951856212526,3.3026648703881E-05,0.268689820265658,56.5413296186812,15.0002614091746,14.9999992708616,""
13827.8154308796,15.0000003749979,2.64191355067655E-05,0.21535991855949,3.30239193834569E-05,0.269199898199362,56.5414251421116,15.000266008115,15.0000038718446,""
13843.2599308491,15.0000003433643,2.6417106790819E-05,0.215767919278036,3.30213834885238E-05,0.269709899097545,56.5414459119083,15.00026833727,15.0000062092541,""
13858.7044308186,15.0000003112842,2.64150863723461E-05,0.216175916691949,3.30188579654326E-05,0.270219895864936,56.5413952976145,15.0002704090418,15.0000082894487,""
13874.148930788,15.0000002041934,2.64119258802966E-05,0.216583837270112,3.30149073503707E-05,0.27072979658764,56.5413267851363,15.0002674863398,15.0000053784355,""
13889.5934307575,15.0000000982736,2.64087040094472E-05,0.216991753711624,3.3010880011809E-05,0.271239692139531,56.5412411812397,15.0002644888754,15.0000023924581,""
13905.037930727,15.0000001961708,2.6406649681672E-05,0.217399593761014,3.300831210209E-05,0.271749492201267,56.5412250100727,15.0002600368824,14.9999979480278,""
13920.4824306965,15.0000002932772,2.64046584635061E-05,0.217807429681153,3.30058230793826E-05,0.272259287101442,56.5412751419335,15.0002557270407,14.9999936462443,""
13935.926930666,15.0000002476342,2.64007932963224E-05,0.218215178309972,3.3000991620403E-05,0.272768972887465,56.541337820339,15.0002541900205,14.999992126947,""
13951.3714306355,15.0000002004387,2.63968264314213E-05,0.21862292220156,3.29960330392767E-05,0.27327865275195,56.5414124797497,15.000253006805,14.9999909613628,""
13966.8159306049,14.999999862082,2.63920732278319E-05,0.219030537734829,3.29900915347899E-05,0.273788172168536,56.5414818382668,15.0002587430015,14.9999967134004,""
13982.2604305744,14.9999995261587,2.63872771804505E-05,0.219438146274474,3.29840964755631E-05,0.274297682843092,56.5415461348293,15.0002645890701,15.0000025754195,""
13997.7049305439,14.9999996650326,2.63840869272496E-05,0.219845639141889,3.2980108659062E-05,0.274807048927361,56.5414680554122,15.0002725895564,15.0000105940047,""
14013.1494305134,14.9999998038812,2.6380984512912E-05,0.220253125681894,3.29762306411401E-05,0.275316407102367,56.5412540176486,15.0002804378919,15.0000184601291,""
14028.5939304829,14.9999999375948,2.63777702648402E-05,0.220660519643998,3.29722128310502E-05,0.275825649554998,56.5411750961356,15.0002852949469,15.0000233288779,""
14044.0384304523,15.0000000696171,2.63745498751595E-05,0.221067908521973,3.29681873439494E-05,0.276334885652466,56.5412252004743,15.0002900654118,15.0000281110894,""
14059.4829304218,14.9999998426898,2.63744824358437E-05,0.221475251814459,3.29681030448046E-05,0.276844064768073,56.5412280262665,15.000293129031,15.0000311874973,""
14074.9274303913,14.9999996167557,2.63745888298071E-05,0.221882592593655,3.29682360372588E-05,0.277353240742069,56.5411857046017,15.0002961539792,15.00003422502,""
14090.3719303608,14.9999996112892,2.63745707687324E-05,0.222289934564863,3.29682134609156E-05,0.277862418206079,56.5411840144218,15.0002984146393,15.0000364940208,""
14105.8164303303,14.9999996067097,2.63745458190929E-05,0.222697276602049,3.29681822738662E-05,0.278371595752561,56.5412211242548,15.0003007013649,15.0000387889084,""
14121.2609302998,14.9999998084353,2.63743831280535E-05,0.22310461578151,3.29679789100669E-05,0.278880769726887,56.5413073325539,15.0003035046094,15.000041596776,""
14136.7054302692,15.0000000094141,2.63742127832458E-05,0.223511954802178,3.29677659790573E-05,0.279389943502722,56.5414404261964,15.000306015894,15.0000441133262,""
14152.1499302387,15.0000000279036,2.63713825657935E-05,0.223919247754196,3.29642282072418E-05,0.279899059692745,56.5414361226818,15.0003027263002,15.0000408417639,""
14167.5944302082,15.0000000458288,2.63684039734402E-05,0.22432653813638,3.29605049668002E-05,0.280408172670476,56.5413006152135,15.0002993046811,15.0000374377175,""
14183.0389301777,14.9999999185777,2.63655804665023E-05,0.224733743778845,3.29569755831279E-05,0.280917179723557,56.5412341539599,15.0002932529077,15.0000313943772,""
14198.4834301472,14.9999997933327,2.6362765644235E-05,0.225140944675948,3.29534570552938E-05,0.281426180844935,56.5412336266538,15.0002871523658,15.0000253022499,""
14213.9279301167,15.0000002132292,2.63624932876397E-05,0.225548102516595,3.29531166095497E-05,0.281935128145744,56.5412491759719,15.0002800776849,15.0000182356134,""
14229.3724300861,15.0000006302241,2.63623638581114E-05,0.225955257936784,3.29529548226392E-05,0.28244407242098,56.5412800772582,15.0002730312773,15.0000111974977,""
14244.8169300556,15.0000002119137,2.63587789684009E-05,0.226362356199182,3.29484737105011E-05,0.282952945248978,56.5412289135257,15.000266551132,15.0000047306008,""
14260.2614300251,14.9999997956203,2.63549990778434E-05,0.226769451236013,3.29437488473043E-05,0.283461814045017,56.5410993838661,15.0002602509615,14.9999984431439,""
14275.7059299946,14.9999999965411,2.63550682068704E-05,0.227176495216654,3.2943835258588E-05,0.283970619020817,56.5410543629711,15.0002575650077,14.9999957591646,""
14291.1504299641,15.0000001959513,2.6355355380943E-05,0.227583536304986,3.29441942261788E-05,0.284479420381232,56.541090041597,15.0002550309241,14.9999932271795,""
14306.5949299335,14.9999999020282,2.63566040298395E-05,0.227990600638301,3.29457550372994E-05,0.284988250797876,56.5411423852851,15.0002555548562,14.9999937557069,""
14322.039429903,14.9999996100694,2.63579073543707E-05,0.228397666293475,3.29473841929634E-05,0.285497082866843,56.5412106428565,15.0002562731289,14.9999944780748,""
14337.4839298725,15.000000005908,2.63596435993585E-05,0.228804776723639,3.29495544991981E-05,0.286005970904549,56.5411567231187,15.000260915125,14.9999991140689,""
14352.928429842,15.0000004000181,2.63614045569398E-05,0.229211889709715,3.29517556961748E-05,0.286514862137143,56.5409861332231,15.0002655173569,15.0000037103562,""
14368.3729298115,15.0000001419191,2.63627592067791E-05,0.229619047871274,3.29534490084739E-05,0.287023809839092,56.540932123181,15.0002693145869,15.0000075028043,""
14383.817429781,14.9999998840661,2.63640905749612E-05,0.230026208621413,3.29551132187015E-05,0.287532760776766,56.5409894381469,15.0002732791181,15.0000114628405,""
14399.2619297504,14.9999997268449,2.6363860503335E-05,0.230433384145218,3.29548256291688E-05,0.288041730181523,56.5410937464152,15.0002806397295,15.0000188247828,""
14414.7064297199,14.9999995708003,2.63635406212222E-05,0.230840560518771,3.29544257765278E-05,0.288550700648464,56.5412429297592,15.0002879964844,15.0000261830191,""
14430.1509296894,14.9999999402728,2.63605673268582E-05,0.231247686565305,3.29507091585728E-05,0.289059608206631,56.5413646549031,15.0002952747422,15.0000334658216,""
14445.5954296589,15.0000003086634,2.6357440837695E-05,0.231654809706207,3.29468010471188E-05,0.289568512132759,56.5414601595255,15.0003024233534,15.0000406193344,""
14461.0399296284,15.0000001450337,2.63528862705188E-05,0.232061819496153,3.29411078381485E-05,0.290077274370191,56.5415518156839,15.0003069259291,15.0000451340904,""
14476.4844295979,14.9999999817529,2.63482489428186E-05,0.23246882271714,3.29353111785232E-05,0.290586028396425,56.5416397968477,15.0003114756355,15.0000496959564,""
14491.9289295673,15.0000000093687,2.63438550871089E-05,0.232875694317572,3.29298188588862E-05,0.291094617896965,56.5416268120789,15.0003169898818,15.0000552219381,""
14507.3734295368,15.0000000366629,2.63394753941259E-05,0.233282558261657,3.29243442426573E-05,0.291603197827072,56.5415174124185,15.0003223452319,15.0000605887489,""
14522.8179295063,14.9999998657828,2.63388726224293E-05,0.233689352710465,3.29235907780366E-05,0.292111690888081,56.5415138272782,15.0003244398422,15.0000626891865,""
14538.2624294758,14.9999996953519,2.63384903753553E-05,0.234096143101624,3.29231129691941E-05,0.29262017887703,56.5416112870671,15.0003262169476,15.0000644728347,""
14553.7069294453,14.9999998418083,2.63336829850106E-05,0.234502853987362,3.29171037312632E-05,0.293128567484203,56.5415504165004,15.0003214606319,15.0000597377852,""
14569.1514294147,14.999999988129,2.63286162589786E-05,0.234909560213683,3.29107703237233E-05,0.293636950267103,56.5413383523119,15.0003165705271,15.0000548686785,""
14584.5959293842,15.0000000224589,2.63249997197552E-05,0.235316141013809,3.29062496496941E-05,0.294145176267261,56.5412393303777,15.0003089198335,15.0000472334493,""
14600.0404293537,15.0000000568865,2.63214684845256E-05,0.23572271443602,3.2901835605657E-05,0.294653393045025,56.5412482553232,15.0003013671907,15.0000396981746,""
14615.4849293232,15.0000001883208,2.63065140642299E-05,0.236129008410295,3.28831425802874E-05,0.295161260512869,56.5412182836154,15.0002958432897,15.0000342310313,""
14630.9294292927,15.0000003195173,2.62908852125036E-05,0.236535285885803,3.28636065156295E-05,0.295669107357254,56.5411511685194,15.0002903994126,15.00002883996,""
14646.3739292622,15.0000001541962,2.62960517146398E-05,0.236941428769678,3.28700646432997E-05,0.296176785962097,56.5411700011107,15.0002866158557,15.0000250272175,""
14661.8184292316,14.9999999890151,2.63024505178432E-05,0.237347563677857,3.2878063147304E-05,0.296684454597321,56.541270907301,15.0002829447961,15.0000213267615,""
14677.2629292011,15.0000000581311,2.63239876124251E-05,0.237754118987091,3.29049845155314E-05,0.297192648733864,56.5412643938551,15.0002816142649,15.0000199624525,""
14692.7074291706,15.0000001271937,2.63464250791989E-05,0.238160699300298,3.29330313489986E-05,0.297700874125373,56.5411553027021,15.0002804089783,15.0000187244755,""
14708.1519291401,15.000000060016,2.63513130660246E-05,0.238567662636693,3.29391413325307E-05,0.298209578295866,56.5411228694988,15.0002818166616,15.0000201221557,""
14723.5964291096,14.9999999928752,2.63551534441113E-05,0.238974648837494,3.29439418051391E-05,0.298718311046867,56.5411636388961,15.0002830926188,15.0000213890505,""
14739.0409290791,15.0000001222835,2.63478510392875E-05,0.239381574857744,3.29348137991093E-05,0.29922696857218,56.5411620246846,15.0002816127425,15.000019919791,""
14754.4854290485,15.0000002516918,2.63398810397227E-05,0.239788497272411,3.29248512996534E-05,0.299735621590514,56.5411199373012,15.0002802347039,15.0000185529055,""
14769.929929018,14.9999998841683,2.63277974763378E-05,0.240195123904821,3.29097468454222E-05,0.300243904881027,56.5411452722084,15.000280993148,15.0000193337492,""
14785.3744289875,14.9999995166363,2.63154665602029E-05,0.240601732751546,3.28943332002536E-05,0.300752165939432,56.5412349903534,15.0002818492174,15.0000202116835,""
14800.818928957,14.9999996700193,2.63104571275541E-05,0.241008095439533,3.28880714094426E-05,0.301260119299416,56.5411820457908,15.0002847591182,15.0000231321996,""
14816.2634289265,14.9999998235178,2.6305889541774E-05,0.241414443271996,3.28823619272175E-05,0.301768054089996,56.5409928690191,15.000287789689,15.0000261738732,""
14831.707928896,14.9999998272215,2.63027751548162E-05,0.241820680506874,3.28784689435202E-05,0.302275850633593,56.5409181584426,15.0002933660186,15.000031771588,""
14847.1524288654,14.9999998308613,2.62997487849233E-05,0.242226911043099,3.28746859811541E-05,0.302783638803874,56.5409527545162,15.0002987852362,15.0000372115771,""
14862.5969288349,14.9999998226182,2.62967279419455E-05,0.242633053531375,3.28709099274318E-05,0.303291316914219,56.541000959944,15.0003008805742,15.000039314703,""
14878.0414288044,14.9999998143676,2.62937074349285E-05,0.243039190667539,3.28671342936606E-05,0.303798988334424,56.5410621612866,15.0003028861395,15.0000413287552,""
14893.4859287739,14.9999999498207,2.62911580914073E-05,0.243445247136841,3.28639476142591E-05,0.304306558921051,56.5410227619316,15.0003029871109,15.0000414530455,""
14908.9304287434,15.000000085394,2.62886374912055E-05,0.243851298685062,3.28607968640069E-05,0.304814123356328,56.5408872964391,15.0003030687764,15.0000415575841,""
14924.3749287128,14.9999998519612,2.62855912311921E-05,0.244257268739797,3.28569890389901E-05,0.305321585924746,56.5407914124378,15.0003027396963,15.0000412418945,""
14939.8194286823,14.9999996181441,2.62825127883439E-05,0.244663233805199,3.28531409854299E-05,0.305829042256499,56.5407333258005,15.0003022895457,15.0000408050898,""
14955.2639286518,14.9999997848818,2.62813135861941E-05,0.245069138302998,3.28516419827427E-05,0.306336422878748,56.5407079772777,15.0002992562522,15.0000377841911,""
14970.7084286213,14.9999999521188,2.62802298492836E-05,0.245475039079372,3.28502873116045E-05,0.306843798849215,56.540713891206,15.000296119187,15.0000346595735,""
14986.1529285908,15.000000025112,2.62787279206789E-05,0.245880901862009,3.28484099008486E-05,0.307351127327511,56.5406778932999,15.0002907617817,15.0000293157476,""
15001.5974285603,15.0000000979683,2.62772002057933E-05,0.246286762301898,3.28465002572416E-05,0.307858452877373,56.5406018727261,15.0002854849707,15.0000240522388,""
15017.0419285297,15.0000000991601,2.62764139893867E-05,0.246692589751014,3.28455174867334E-05,0.308365737188768,56.5405382386104,15.0002819374945,15.0000205121156,""
15032.4864284992,15.0000001002332,2.6275673657183E-05,0.247098415158649,3.28445920714787E-05,0.308873018948311,56.5404864326359,15.000278543431,15.0000171257464,""
15047.9309284687,15.0000002298481,2.62745004852891E-05,0.247504212347495,3.28431256066114E-05,0.309380265434369,56.5404822008791,15.000278450578,15.0000170479313,""
15063.3754284382,15.0000003597025,2.62733004342896E-05,0.24791000778397,3.28416255428619E-05,0.309887509729963,56.5405233989457,15.0002785313095,15.0000171437844,""
15078.8199284077,15.0000000896247,2.62693705822081E-05,0.24831572615871,3.28367132277602E-05,0.310394657698388,56.5405228226687,15.0002823580044,15.0000209874072,""
15094.2644283772,14.9999998187199,2.62652706126641E-05,0.248721439731068,3.28315882658302E-05,0.310901799663835,56.5404823550151,15.0002864571757,15.0000251033121,""
15109.7089283466,14.9999998723206,2.62612732279215E-05,0.24912703568631,3.28265915349019E-05,0.311408794607888,56.5404784640108,15.0002964532671,15.0000351119307,""
15125.1534283161,14.999999926659,2.62572822586154E-05,0.249532624286027,3.28216028232693E-05,0.311915780357534,56.5405095009735,15.0003065124232,15.0000451836273,""
15140.5979282856,14.9999996447917,2.62571194538768E-05,0.249938156006931,3.2821399317346E-05,0.312422695008664,56.540562390934,15.000317940345,15.0000566243788,""
15156.0424282551,14.999999362091,2.62571968941436E-05,0.250343684158278,3.28214961176795E-05,0.312929605197848,56.5406361488745,15.0003290480953,15.0000677451848,""
15171.4869282246,14.999999892405,2.62538278884715E-05,0.250749161326374,3.28172848605893E-05,0.313436451657967,56.5406989856778,15.0003331867512,15.0000719018166,""
15186.931428194,15.0000004249016,2.62502418371229E-05,0.251154635283714,3.28128022964036E-05,0.313943294104643,56.5407513936104,15.0003370477391,15.0000757806457,""
15202.3759281635,15.000000454078,2.62467038217521E-05,0.251560005787482,3.28083797771902E-05,0.314450007234352,56.5407824664017,15.000334847327,15.0000735951327,""
15217.820428133,15.0000004817996,2.62431688420723E-05,0.251965369753377,3.28039610525904E-05,0.314956712191721,56.5407931657262,15.0003326060008,15.0000713688586,""
15233.2649281025,15.000000074894,2.62408749923706E-05,0.252370650199369,3.28010937404632E-05,0.315463312749211,56.5408158483919,15.0003294689435,15.0000682502059,""
15248.709428072,14.9999996666426,2.62386598499328E-05,0.252775925348878,3.2798324812416E-05,0.315969906686097,56.540849974254,15.0003266236511,15.0000654227897,""
15264.1539280415,14.9999998598681,2.62382232134759E-05,0.253181163633073,3.27977790168449E-05,0.316476454541341,56.5408853477794,15.0003301845111,15.0000689899258,""
15279.5984280109,15.0000000550798,2.62378997532013E-05,0.253586399571324,3.27973746915017E-05,0.316982999464155,56.5409219127302,15.0003336669975,15.0000724793714,""
15295.0429279804,15.0000001134569,2.62349242374322E-05,0.253991585153357,3.27936552967903E-05,0.317489481441697,56.5409379195375,15.0003354236537,15.0000742580305,""
15310.4874279499,15.000000171354,2.62317793737695E-05,0.254396767519877,3.27897242172118E-05,0.317995959399846,56.5409342948514,15.0003371591481,15.0000760156233,""
15325.9319279194,14.9999997936008,2.62252904624588E-05,0.254801806933241,3.27816130780736E-05,0.318502258666551,56.5409649277248,15.0003384272896,15.0000773079711,""
15341.3764278889,14.9999994142294,2.62185872805409E-05,0.255206837186849,3.27732341006762E-05,0.319008546483561,56.5410282740118,15.0003395914708,15.0000784962626,""
15356.8209278584,14.9999998975322,2.62149188357412E-05,0.255611719749913,3.27686485446765E-05,0.319514649687392,56.5410449938873,15.00033845298,15.0000773797522,""
15372.2654278278,15.0000003842172,2.62114455099908E-05,0.256016592817184,3.27643068874886E-05,0.32002074102148,56.5410171890182,15.0003370277232,15.0000759760402,""
15387.7099277973,15.0000001518064,2.6210030030363E-05,0.256421396874794,3.27625375379537E-05,0.320526746093493,56.5410155713639,15.0003292320703,15.0000681922569,""
15403.1544277668,14.9999999164279,2.62087473132502E-05,0.256826196480227,3.27609341415628E-05,0.321032745600284,56.5410389605475,15.0003214932347,15.000060465716,""
15418.5989277363,14.9999999340098,2.62077679219802E-05,0.257230963554359,3.27597099024753E-05,0.321538704442948,56.5410306856485,15.0003150202896,15.0000540145379,""
15434.0434277058,14.9999999526878,2.62068081666478E-05,0.257635728522562,3.27585102083097E-05,0.322044660653202,56.5409921739111,15.0003085361322,15.0000475517214,""
15449.4879276752,14.9999999877832,2.62044589591826E-05,0.258040444188917,3.27555736989782E-05,0.322550555236146,56.5409306383008,15.0003018014251,15.0000408288327,""
15464.9324276447,15.0000000229532,2.6202019498864E-05,0.258445156652835,3.275252437358E-05,0.323056445816044,56.5408471166082,15.0002950805221,15.0000341193187,""
15480.3769276142,14.9999999317833,2.62031965080032E-05,0.258849854228053,3.2753995635004E-05,0.323562317785066,56.540747506541,15.0002886689994,15.000027709557,""
15495.8214275837,14.9999998400138,2.62046092243642E-05,0.259254550832884,3.27557615304552E-05,0.324068188541105,56.5406325332752,15.0002824076676,15.0000214505402,""
15511.2659275532,14.9999998213677,2.62048482569512E-05,0.259659270271805,3.2756060321189E-05,0.324574087839757,56.5406035483037,15.0002795224063,15.0000185800483,""
15526.7104275227,14.9999998030838,2.62050105347344E-05,0.260063991203996,3.2756263168418E-05,0.325079989004995,56.5406566757484,15.0002766642509,15.0000157365437,""
15542.1549274921,15.0000001027722,2.62007294345254E-05,0.260468648208167,3.27509117931568E-05,0.325585810260209,56.5406998135922,15.0002744172082,15.0000135014823,""
15557.5994274616,15.0000004041012,2.61961567730874E-05,0.260873301017572,3.27451959663592E-05,0.326091626271965,56.5407334121113,15.0002723362646,15.0000114327917,""
15573.0439274311,15.000000232333,2.61922907188391E-05,0.261277832208233,3.27403633985489E-05,0.326597290260292,56.5407908733896,15.00027401128,15.0000131262071,""
15588.4884274006,15.0000000580259,2.61884711859408E-05,0.261682355391804,3.2735588982426E-05,0.327102944239755,56.5408711218255,15.0002758312299,15.0000149642665,""
15603.9329273701,15.0000003362401,2.6187066989565E-05,0.262086805201096,3.27338337369562E-05,0.32760850650137,56.5408956013226,15.0002809383621,15.0000200829188,""
15619.3774273396,15.0000006169765,2.61858223463782E-05,0.262491250163403,3.27322779329728E-05,0.328114062704253,56.5408668256369,15.000285907918,15.0000250646606,""
15634.821927309,15.0000003698814,2.61802224359152E-05,0.262895591794729,3.27252780448941E-05,0.328619489743411,56.5408575266032,15.0002877478137,15.0000269318897,""
15650.2664272785,15.0000001197353,2.61743338619531E-05,0.263299926577363,3.27179173274413E-05,0.329124908221704,56.5408668263226,15.0002894786882,15.0000286896863,""
15665.710927248,15.000000095489,2.61700517353114E-05,0.26370411560608,3.27125646691392E-05,0.3296301445076,56.5408713458544,15.000288722027,15.0000279505612,""
15681.1554272175,15.0000000725954,2.61658764375175E-05,0.264108294942152,3.27073455468969E-05,0.33013536867769,56.5408713006627,15.0002878796233,15.0000271256133,""
15696.599927187,14.9999999689138,2.61643268059036E-05,0.264512393918585,3.27054085073795E-05,0.330640492398231,56.5408838361295,15.0002850749282,15.0000243365343,""
15712.0444271564,14.9999998647318,2.61629523614879E-05,0.264916487533338,3.27036904518599E-05,0.331145609416673,56.5409083851888,15.0002822098058,15.0000214873223,""
15727.4889271259,15.0000002563279,2.61603026322304E-05,0.265320521654691,3.2700378290288E-05,0.331650652068364,56.5408827090759,15.000277957565,15.0000172577492,""
15742.9334270954,15.0000006510978,2.6157567532697E-05,0.265724551793429,3.26969594158712E-05,0.332155689741786,56.5408090716616,15.0002736771129,15.0000129996665,""
15758.3779270649,15.0000003929468,2.61550444371782E-05,0.266128506031742,3.26938055464728E-05,0.332660632539677,56.5408379721392,15.0002687470985,15.0000080851586,""
15773.8224270344,15.0000001304805,2.6152535580547E-05,0.266532455172333,3.26906694756838E-05,0.333165568965416,56.5409647886782,15.0002639829327,15.000003336317,""
15789.2669270039,14.9999999972558,2.61512692979526E-05,0.266936350894967,3.26890866224407E-05,0.333670438618709,56.5410607980396,15.0002630490206,15.000002413518,""
15804.7114269733,14.9999998649121,2.61500867456742E-05,0.267340243018056,3.26876084320927E-05,0.33417530377257,56.5411273888374,15.000262256224,15.000001631751,""
15820.1559269428,15.000000042631,2.61499269940114E-05,0.267744116721261,3.26874087425142E-05,0.334680145901577,56.5410993384505,15.0002647324196,15.0000041170444,""
15835.6004269123,15.0000002225277,2.61498363897257E-05,0.268147989179173,3.26872954871571E-05,0.335184986473967,56.5409809127702,15.0002671550844,15.0000065491408,""
15851.0449268818,15.0000002070565,2.61487177424176E-05,0.268551843136772,3.2685897178022E-05,0.335689803920965,56.5409588075581,15.0002683338967,15.0000077451377,""
15866.4894268513,15.0000001901725,2.61475293656615E-05,0.268955695839543,3.26844117070768E-05,0.336194619799429,56.54102868123,15.0002694825491,15.0000089110447,""
15881.9339268208,14.9999999674513,2.6143687767677E-05,0.269359473188324,3.26796097095963E-05,0.336699341485405,56.541167070788,15.0002699282494,15.0000093756301,""
15897.3784267902,14.9999997431987,2.61396656209094E-05,0.269763245409349,3.26745820261368E-05,0.337204056761686,56.5413708879261,15.0002703860682,15.0000098526014,""
15912.8229267597,14.9999999837505,2.61331641746534E-05,0.270166863023604,3.26664552183167E-05,0.337708578779505,56.5413649537743,15.0002711272083,15.0000106191429,""
15928.2674267292,15.0000002278566,2.61264934653172E-05,0.270570470082774,3.26581168316465E-05,0.338213087603468,56.5411587227267,15.0002718479455,15.0000113653457,""
15943.7119266987,15.00000010975,2.61200332820484E-05,0.270973887531728,3.26500416025605E-05,0.33871735941466,56.5411347381687,15.0002720902034,15.0000116345739,""
15959.1564266682,14.9999999887983,2.61135875181826E-05,0.271377291993852,3.26419843977283E-05,0.339221614992315,56.541284785466,15.0002724137085,15.0000119850594,""
15974.6009266376,14.9999998312641,2.6109294172573E-05,0.271780543382479,3.26366177157162E-05,0.339725679228099,56.5413263633627,15.0002746484818,15.0000142470464,""
15990.0454266071,14.9999996734349,2.61051487283904E-05,0.272183784252803,3.2631435910488E-05,0.340229730316004,56.541264361042,15.0002771194137,15.0000167453751,""
16005.4899265766,14.9999998183205,2.61005982730163E-05,0.272586899064956,3.26257478412703E-05,0.340733623831196,56.5412196337207,15.0002851630046,15.0000248206844,""
16020.9344265461,14.9999999657098,2.60960198977999E-05,0.272990005187166,3.26200248722499E-05,0.341237506483958,56.5411914027412,15.0002931533108,15.0000328425463,""
16036.3789265156,15.0000001219021,2.60917623641278E-05,0.273392983978594,3.26147029551598E-05,0.341741229973242,56.5412344638269,15.000299882339,15.0000395992783,""
16051.8234264851,15.0000002781692,2.60875270192064E-05,0.273795953964083,3.2609408774008E-05,0.342244942455103,56.5413456035416,15.0003062491165,15.0000459939505,""
16067.2679264545,15.0000000348969,2.6082940845564E-05,0.274198796181022,3.26036760569549E-05,0.342748495226277,56.5413864238496,15.0003040144456,15.0000437917057,""
16082.712426424,14.9999997881539,2.60783303314037E-05,0.274601629533371,3.25979129142547E-05,0.343252036916714,56.5413600943451,15.0003017291373,15.0000415388358,""
16098.1569263935,14.9999997866069,2.60725346892918E-05,0.275004311420451,3.25906683616148E-05,0.343755389275563,56.5413385271537,15.0002982377089,15.0000380801361,""
16113.601426363,14.9999997872411,2.60666565596197E-05,0.275406982765208,3.25833206995246E-05,0.34425872845651,56.5413215076175,15.0002948273807,15.0000347022661,""
16129.0459263325,14.9999998804513,2.60636698241731E-05,0.275809529034955,3.25795872802164E-05,0.344761911293694,56.5413257459005,15.0002933548283,15.0000332557107,""
16144.490426302,14.9999999745043,2.60608849789183E-05,0.276212066571402,3.25761062236479E-05,0.345265083214252,56.5413502838236,15.0002918658318,15.0000317926324,""
16159.9349262714,14.9999999816501,2.60605167697853E-05,0.276614561037387,3.25756459622316E-05,0.345768201296734,56.5414106213284,15.0002899826882,15.0000299335194,""
16175.3794262409,14.9999999879866,2.60603178385082E-05,0.277017052486421,3.25753972981352E-05,0.346271315608026,56.5415051447777,15.0002880597584,15.0000280348981,""
16190.8239262104,15.0000000484475,2.60549553939856E-05,0.277419458437924,3.2568694242482E-05,0.346774323047405,56.5415773978297,15.0002851801899,15.0000251863192,""
16206.2684261799,15.0000001094238,2.60492301127341E-05,0.277821858381571,3.25615376409176E-05,0.347277322976964,56.5416283843045,15.0002824084904,15.0000224453878,""
16221.7129261494,14.999999876395,2.60463243802359E-05,0.278224136657168,3.25579054752949E-05,0.347780170821459,56.5415455161945,15.0002822386705,15.0000223009887,""
16237.1574261189,14.9999996405057,2.60436174030908E-05,0.278626406356152,3.25545217538634E-05,0.348283007945189,56.5413348268866,15.0002820918863,15.0000221795487,""
16252.6019260883,14.9999997197291,2.60419147784469E-05,0.279028613467307,3.25523934730586E-05,0.348785766834134,56.5412206770899,15.0002825025049,15.000022613655,""
16268.0464260578,14.999999802084,2.60402831761318E-05,0.279430816152593,3.25503539701647E-05,0.349288520190741,56.5411987153699,15.0002828094389,15.0000229445308,""
16283.4909260273,14.9999998909072,2.60342577284628E-05,0.279832903905734,3.25428221605785E-05,0.349791129882168,56.5411929308703,15.0002805994885,15.0000207695465,""
16298.9354259968,14.9999999797961,2.6027920593362E-05,0.280234983505902,3.25349007417025E-05,0.350293729382378,56.541202594417,15.000278411278,15.0000186163692,""
16314.3799259663,14.9999998413141,2.60209257208801E-05,0.280636870185205,3.25261571511001E-05,0.350796087731506,56.5412163499466,15.0002767524785,15.0000169942351,""
16329.8244259357,14.9999997004776,2.60138840437364E-05,0.281038743136238,3.25173550546705E-05,0.351298428920297,56.5412340130165,15.0002751435011,15.0000154215968,""
16345.2689259052,15.0000000837025,2.60100231852024E-05,0.281440462180176,3.2512528981503E-05,0.35180057772522,56.5412883494356,15.0002747516783,15.0000150581434,""
16360.7134258747,15.0000004724639,2.60063893831836E-05,0.281842170237758,3.25079867289795E-05,0.352302712797197,56.5413777061845,15.0002745291624,15.0000148638468,""
16376.1579258442,15.0000001120294,2.60050084215753E-05,0.282243808338348,3.25062605269691E-05,0.352804760422934,56.541434372087,15.0002784561148,15.0000188153423,""
16391.6024258137,14.9999997435234,2.60037887769862E-05,0.282645441429593,3.25047359712328E-05,0.353306801786991,56.5414598206528,15.0002823667223,15.0000227503861,""
16407.0469257832,15.0000001348747,2.60022048971166E-05,0.28304703374256,3.25027561213958E-05,0.3538087921782,56.5414109269198,15.0002858754449,15.0000262809209,""
16422.4914257526,15.0000005345713,2.60005948545316E-05,0.283448623126457,3.25007435681645E-05,0.354310778908071,56.5412910417981,15.0002892380236,15.0000296656632,""
16437.9359257221,15.0000000785292,2.59978709676865E-05,0.283850148911321,3.24973387096081E-05,0.354812686139151,56.5412612989416,15.0002889956612,15.0000294541296,""
16453.3804256916,14.9999996129098,2.59950668257315E-05,0.284251670113724,3.24938335321643E-05,0.355314587642155,56.5413176352714,15.0002887153988,15.0000292046966,""
16468.8249256611,14.9999999148787,2.59879550672033E-05,0.284653043994036,3.24849438340042E-05,0.355816304992545,56.5413048520574,15.0002874972235,15.0000280173618,""
16484.2694256306,15.000000225599,2.59805319728707E-05,0.285054407226547,3.24756649660883E-05,0.356318009033184,56.541226064799,15.0002861769109,15.000026727872,""
16499.7139256001,15.0000000606135,2.597701114381E-05,0.285455616920454,3.24712639297625E-05,0.356819521150568,56.5411253615942,15.0002823207743,15.0000229021219,""
16515.1584255695,14.9999998901047,2.59737732252306E-05,0.28585681548296,3.24672165315382E-05,0.3573210193537,56.5410037302827,15.0002786334215,15.0000192450439,""
16530.602925539,14.9999999107541,2.59704410902544E-05,0.286257919345416,3.2463051362818E-05,0.357822399181769,56.5409198092467,15.0002791502325,15.0000197893509,""
16546.0474255085,14.9999999336629,2.59671021036231E-05,0.286659016321043,3.24588776295289E-05,0.358323770401304,56.5408718987329,15.000279840745,15.0000205075105,""
16561.491925478,14.999999845224,2.59628518414903E-05,0.287060003085829,3.24535648018629E-05,0.358825003857286,56.5408831798108,15.000284872077,15.0000255702651,""
16576.9364254475,14.9999997554456,2.59585351053585E-05,0.287460981811163,3.24481688816982E-05,0.359326227263954,56.5409509844779,15.0002899173954,15.0000306470449,""
16592.3809254169,14.99999996668,2.59533552843627E-05,0.287861822944788,3.24416941054534E-05,0.359827278680985,56.5410465143805,15.0002953133828,15.0000360754647,""
16607.8254253864,15.0000001815986,2.59481123116459E-05,0.28826265401086,3.24351403895574E-05,0.360328317513575,56.5411685198312,15.0003004586377,15.0000412532907,""
16623.2699253559,15.0000000330702,2.59434512524911E-05,0.288663343173711,3.24293140656138E-05,0.360829178967139,56.5412118828315,15.0002992967958,15.0000401275104,""
16638.7144253254,14.9999998800174,2.59388329020254E-05,0.289064021921785,3.24235411275317E-05,0.361330027402231,56.5411801481075,15.0002979799145,15.0000388469385,""
16654.1589252949,14.9999997405472,2.59310002445208E-05,0.289464518134402,3.2413750305651E-05,0.361830647668003,56.5411843577699,15.0002927501883,15.0000336597719,""
16669.6034252644,14.9999996012489,2.59229309581581E-05,0.289865000909238,3.24036636976976E-05,0.362331251136547,56.5412228916631,15.0002875935284,15.0000285452468,""
16685.0479252338,14.9999996729864,2.59185816533585E-05,0.290265309007686,3.23982270666981E-05,0.362831636259608,56.5411854393917,15.0002842870095,15.0000252701022,""
16700.4924252033,14.9999997474396,2.59145070369188E-05,0.290665604207799,3.23931337961485E-05,0.363332005259748,56.5410754259525,15.0002810471553,15.0000220618858,""
16715.9369251728,14.9999999785287,2.59101609512328E-05,0.291065778021697,3.2387701189041E-05,0.363832222527122,56.5410598615103,15.0002795009518,15.0000205540156,""
16731.3814251423,15.0000002116664,2.59057947590744E-05,0.29146594284508,3.23822434488429E-05,0.36433242855635,56.5411344888808,15.0002781113304,15.0000192026979,""
16746.8259251118,14.9999998776515,2.59001981899685E-05,0.291865963110933,3.23752477374607E-05,0.364832453888666,56.5412496405686,15.0002807130141,15.0000218419288,""
16762.2704250813,14.9999995360998,2.58945102167624E-05,0.292265972637677,3.2368137770953E-05,0.365332465797097,56.5414034899848,15.000283492544,15.0000246590668,""
16777.7149250507,14.9999998511924,2.58910535108987E-05,0.292665853100776,3.23638168886234E-05,0.36583231637597,56.5414255014393,15.0002908205625,15.0000320262517,""
16793.1594250202,15.000000175149,2.58877630650978E-05,0.293065723946861,3.23597038313722E-05,0.366332154933577,56.5413216173823,15.0002979497723,15.0000391944074,""
16808.6039249897,15.0000000797819,2.58825260793142E-05,0.293465470146944,3.23531575991428E-05,0.36683183768368,56.5413625942342,15.0002999773224,15.0000412552416,""
16824.0484249592,14.9999999786662,2.5877143612922E-05,0.293865207031227,3.23464295161525E-05,0.367331508789034,56.5415419025498,15.0003019247297,15.000043235909,""
16839.4929249287,15.0000001393792,2.58745266251356E-05,0.294264831951133,3.23431582814195E-05,0.367831039938916,56.5416416219483,15.0003018086649,15.0000431524852,""
16854.9374248981,15.0000003037366,2.58721169444433E-05,0.294664448477912,3.23401461805541E-05,0.36833056059739,56.5416653398074,15.0003015930566,15.0000429694602,""
16870.3819248676,15.0000002202099,2.58683662466557E-05,0.295063975057006,3.23354578083196E-05,0.368829968821257,56.5417032530858,15.0002988058064,15.0000402133031,""
16885.8264248371,15.0000001331807,2.58645147218544E-05,0.295463494873205,3.2330643402318E-05,0.369329368591506,56.5417547219415,15.0002960508765,15.0000374895099,""
16901.2709248066,14.9999999018942,2.58617019921439E-05,0.29586292009671,3.23271274901798E-05,0.369828650120888,56.5417131824772,15.0002941337446,15.0000356046487,""
16916.7154247761,14.9999996685391,2.58589675996214E-05,0.29626233818683,3.23237094995268E-05,0.370327922733537,56.5415828269347,15.0002924088175,15.0000339120438,""
16932.1599247456,14.9999997764954,2.58535283780283E-05,0.296661635967103,3.23169104725353E-05,0.370827044958879,56.5415836125709,15.0002956831072,15.0000372200002,""
16947.604424715,14.9999998894182,2.584788457322E-05,0.297060924647587,3.2309855716525E-05,0.371326155809484,56.5417096283498,15.0002989990073,15.0000405697305,""
16963.0489246845,15.0000000760591,2.5843775604535E-05,0.297460074980381,3.23047195056688E-05,0.371825093725476,56.5416974754944,15.0003034008717,15.0000450096955,""
16978.493424654,15.0000002637883,2.58397830701602E-05,0.29785921481797,3.22997288377002E-05,0.372324018522462,56.5415533817868,15.0003075970134,15.000049243976,""
16993.9379246235,15.0000000450328,2.58331794105197E-05,0.298258199707464,3.22914742631497E-05,0.37282274963433,56.5415027136463,15.000306405758,15.0000480918599,""
17009.382424593,14.9999998201911,2.58263770809299E-05,0.298657172807584,3.22829713511623E-05,0.373321466009481,56.54154126003,15.0003051945043,15.0000469193968,""
17024.8269245625,15.0000000701035,2.5822574792871E-05,0.299055997007629,3.22782184910888E-05,0.373819996259536,56.5415415447172,15.0003034577442,15.0000452122647,""
17040.2714245319,15.0000003272243,2.58190014407613E-05,0.29945480984497,3.22737518009516E-05,0.374318512306212,56.5415052923072,15.0003017095272,15.0000434939064,""
17055.7159245014,15.0000002846449,2.58155322641037E-05,0.299853521751412,3.22694153301296E-05,0.374816902189265,56.5415889844235,15.0002996592146,15.0000414795376,""
17071.1604244709,15.0000002374519,2.58120710606181E-05,0.300252225933007,3.22650888257726E-05,0.375315282416259,56.5417872147134,15.0002975696366,15.0000394261064,""
17086.6049244404,15.0000002318225,2.58054892890571E-05,0.300650782613274,3.22568616113214E-05,0.375813478266593,56.5419402579024,15.000294441145,15.0000363391311,""
17102.0494244099,15.0000002268417,2.57986679790155E-05,0.301049327971166,3.22483349737693E-05,0.376311659963957,56.5420501507409,15.0002913459734,15.0000332849996,""
17117.4939243793,15.0000000179794,2.57963219883101E-05,0.301447746794149,3.22454024853877E-05,0.376809683492686,56.5420019996946,15.0002891354611,15.0000311028848,""
17132.9384243488,14.9999998058924,2.57943205364891E-05,0.30184615587566,3.22429006706113E-05,0.377307694844576,56.5418029283889,15.0002868995577,15.0000288955476,""
17148.3829243183,15.0000001174756,2.57906067480022E-05,0.302244481111304,3.22382584350027E-05,0.37780560138913,56.5416812910566,15.0002839871733,15.000026016219,""
17163.8274242878,15.0000004374521,2.578676074694E-05,0.302642799873059,3.22334509336749E-05,0.378303499841324,56.5416335974607,15.0002810249463,15.0000230871759,""
17179.2719242573,15.0000002321704,2.57815263948391E-05,0.303040986918802,3.22269079935489E-05,0.378801233648502,56.5416180946882,15.0002767301584,15.0000188290008,""
17194.7164242268,15.0000000183591,2.57761845326735E-05,0.303439163764821,3.22202306658419E-05,0.379298954706026,56.541633331779,15.0002725413048,15.000014676638,""
17210.1609241962,15.0000000366575,2.57724236575266E-05,0.303837211902339,3.22155295719083E-05,0.379796514877923,56.5417360450878,15.0002711945362,15.0000133630911,""
17225.6054241657,15.0000000587742,2.57687855662192E-05,0.304235250043997,3.2210981957774E-05,0.380294062554996,56.5419222917415,15.000269979302,15.0000121812966,""
17241.0499241352,14.9999999782547,2.57629584927678E-05,0.304633150107891,3.22036981159598E-05,0.380791437634863,56.5419746634017,15.0002723053471,15.0000145466534,""
17256.4944241047,14.9999998960252,2.57569609229763E-05,0.305031039417127,3.21962011537204E-05,0.381288799271409,56.5418991943042,15.0002746521379,15.0000169329321,""
17271.9389240742,14.9999999823575,2.57488475557634E-05,0.305428724192966,3.21860594447043E-05,0.381785905241207,56.5418717688761,15.0002775594258,15.000019884471,""
17287.3834240437,15.000000071534,2.57405689148156E-05,0.305826392991851,3.21757111435194E-05,0.382282991239813,56.5418902216136,15.0002805091561,15.0000228783481,""
17302.8279240131,15.0000000078665,2.57364344337881E-05,0.306223888637103,3.21705430422352E-05,0.382779860796379,56.5418357980122,15.0002846096213,15.0000270201369,""
17318.2724239826,14.9999999415876,2.57326246061777E-05,0.306621370717503,3.21657807577221E-05,0.383276713396878,56.5417117828751,15.0002886090858,15.0000310606953,""
17333.7169239521,15.0000001056633,2.57276218439161E-05,0.307018725251757,3.21595273048951E-05,0.383773406564696,56.541675361754,15.0002898604341,15.000032346887,""
17349.1614239216,15.0000002737232,2.57225253576677E-05,0.307416069765233,3.21531566970846E-05,0.384270087206541,56.5417225864712,15.0002910388474,15.0000335600903,""
17364.6059238911,14.9999998311959,2.57197997495734E-05,0.30781330495766,3.21497496869667E-05,0.384766631197075,56.5417142014548,15.000290225729,15.0000327802998,""
17380.0504238606,14.9999993779781,2.57172609475104E-05,0.308210531536473,3.2146576184388E-05,0.385263164420591,56.5416527132354,15.0002893936407,15.0000319814988,""
17395.49492383,14.9999999479996,2.57152077595316E-05,0.308607692930851,3.21440096994145E-05,0.385759616163564,56.5415960518099,15.000288041721,15.0000306617543,""
17410.9394237995,15.0000005361535,2.57131929438181E-05,0.309004849174484,3.21414911797726E-05,0.386256061468105,56.5415439996173,15.0002865659513,15.0000292182239,""
17426.383923769,15.0000003975224,2.57092567731604E-05,0.309401918069318,3.21365709664504E-05,0.386752397586648,56.5415358518156,15.0002816841969,15.0000243704728,""
17441.8284237385,15.0000002458582,2.57051683462147E-05,0.309798980042264,3.21314604327683E-05,0.387248725052831,56.541569629476,15.0002768384606,15.0000195587342,""
17457.272923708,15.0000003091506,2.57001501032992E-05,0.310195910651762,3.2125187629124E-05,0.387744888314702,56.5415916383696,15.000272986806,15.0000157409239,""
17472.7174236774,15.0000003763433,2.56950579674033E-05,0.310592830821734,3.21188224592542E-05,0.388241038527167,56.5416024089564,15.0002692150799,15.0000120032666,""
17488.1619236469,15.0000000547616,2.56888665072806E-05,0.310989588316714,3.21110831341007E-05,0.388736985395893,56.5416470574008,15.0002676572895,15.0000104857627,""
17503.6064236164,14.9999997260433,2.56825874343847E-05,0.311386332846996,3.21032342929809E-05,0.389232916058745,56.5417240567078,15.0002662273684,15.0000090961207,""
17519.0509235859,14.9999998972908,2.56783654010776E-05,0.311782929532835,3.2097956751347E-05,0.389728661916044,56.5417147655286,15.0002683520832,15.0000112609068,""
17534.4954235554,15.0000000778221,2.56743077734188E-05,0.31217951440244,3.20928847167735E-05,0.39022439300305,56.5416230732808,15.000270538375,15.0000134875251,""
17549.9399235249,14.9999999118089,2.56643680567794E-05,0.312575892370238,3.20804600709743E-05,0.390719865462797,56.5415634671109,15.0002744426453,15.0000174392422,""
17565.3844234943,14.9999997392871,2.56539568906635E-05,0.312972253754854,3.20674461133294E-05,0.391215317193568,56.5415345007859,15.0002782216274,15.0000212653481,""
17580.8289234638,14.9999999398999,2.56495448124322E-05,0.313368410107303,3.20619310155402E-05,0.391710512634128,56.5415426559686,15.0002784923917,15.0000215741931,""
17596.2734234333,15.0000001476,2.56456149210028E-05,0.313764549979945,3.20570186512534E-05,0.392205687474931,56.5415862594636,15.000278677311,15.0000217973338,""
17611.7179234028,14.9999999651084,2.56418788152192E-05,0.314160580499124,3.2052348519024E-05,0.392700725623906,56.5415617374734,15.0002764496996,15.0000196118937,""
17627.1624233723,14.9999997751225,2.5638158329229E-05,0.314556602204037,3.20476979115363E-05,0.393195752755046,56.5414721606507,15.000274318195,15.0000175223215,""
17642.6069233418,15.0000000161467,2.56340218806499E-05,0.314952511146068,3.20425273508124E-05,0.393690638932585,56.54128824137,15.0002748975013,15.0000181368257,""
17658.0514233112,15.0000002655407,2.56298518096709E-05,0.315348410973437,3.20373147620887E-05,0.394185513716797,56.5410142319743,15.0002755567565,15.000018831399,""
17673.4959232807,15.000000186415,2.56262603674113E-05,0.31574420057549,3.20328254592641E-05,0.394680250719363,56.540926168376,15.0002784793526,15.0000217927182,""
17688.9404232502,15.0000001008399,2.56227158272389E-05,0.316139981242975,3.20283947840486E-05,0.395174976553719,56.5410156693508,15.0002814011776,15.0000247533905,""
17704.3849232197,15.0000000821472,2.56161354295022E-05,0.316535613752057,3.20201692868777E-05,0.395669517190072,56.5410686896266,15.0002843010948,15.0000276956815,""
17719.8294231892,15.0000000647818,2.56093082639997E-05,0.316931234218177,3.20116353299996E-05,0.396164042772721,56.5410868735133,15.0002871636487,15.00003060069,""
17735.2739231586,14.9999999401398,2.56026670960791E-05,0.317326662547923,3.20033338700989E-05,0.396658328184904,56.5411154020904,15.0002889606249,15.0000324424265,""
17750.7184231281,14.999999813346,2.55960410891047E-05,0.317722075216341,3.19950513613809E-05,0.397152594020426,56.5411538090875,15.0002906607804,15.0000341873644,""
17766.1629230976,15.0000001245705,2.55901828007473E-05,0.318117310519246,3.19877285009342E-05,0.397646638149058,56.5412231608763,15.000289589422,15.0000331614209,""
17781.6074230671,15.0000004446739,2.5584387264768E-05,0.318512531324512,3.198048408096E-05,0.39814066415564,56.5413220626691,15.0002884592458,15.0000320766236,""
17797.0519230366,15.0000002700555,2.55786037728503E-05,0.318907586843255,3.19732547160628E-05,0.398634483554069,56.5413443852438,15.0002856391228,15.0000293008479,""
17812.4964230061,15.0000000853034,2.55728212681375E-05,0.319302628814104,3.19660265851718E-05,0.39912828601763,56.5412935802877,15.0002829449104,15.0000266509685,""
17827.9409229755,14.9999999709596,2.5566697848886E-05,0.319697500453398,3.19583723111076E-05,0.399621875566748,56.5412414898482,15.0002838818644,15.000027631845,""
17843.385422945,14.999999858073,2.55605464086488E-05,0.320092358092533,3.1950683010811E-05,0.400115447615666,56.5411881718662,15.0002850420053,15.0000288359979,""
17858.8299229145,14.9999997948173,2.55560301780232E-05,0.320487065428708,3.1945037722529E-05,0.400608831785884,56.5412192062438,15.0002926628337,15.000036503427,""
17874.274422884,14.9999997325994,2.55516487231971E-05,0.320881760376745,3.19395609039963E-05,0.401102200470931,56.5413307909367,15.0003001191366,15.000044006028,""
17889.7189228535,14.9999999509849,2.55465502745267E-05,0.321276319230875,3.19331878431584E-05,0.401595399038594,56.5413955973534,15.0003027949237,15.0000467193205,""
17905.163422823,15.0000001752977,2.55413925672131E-05,0.321670866837015,3.19267407090164E-05,0.402088583546268,56.5414157339483,15.0003051669978,15.0000491290276,""
17920.6079227924,15.0000002135442,2.55384931779615E-05,0.32206530218749,3.19231164724519E-05,0.402581627734363,56.5413523122026,15.0002986809337,15.0000426843142,""
17936.0524227619,15.0000002478206,2.5535780950152E-05,0.322459728234612,3.191972618769E-05,0.403074660293265,56.541209098367,15.0002921930685,15.0000362378891,""
17951.4969227314,14.9999999976769,2.55297014951013E-05,0.322854024914133,3.19121268688766E-05,0.403567531142666,56.541130849472,15.0002856524777,15.0000297413513,""
17966.9414227009,14.9999997414039,2.55233422089883E-05,0.323248310842651,3.19041777612354E-05,0.404060388553314,56.5411146373331,15.0002792331571,15.0000233661949,""
17982.3859226704,14.9999997736183,2.55163887162325E-05,0.32364240625342,3.18954858952906E-05,0.404553007816775,56.5411234851485,15.0002763777388,15.0000205582025,""
17997.8304226398,14.9999998121112,2.55093857069181E-05,0.324036485787922,3.18867321336476E-05,0.405045607234902,56.5411562633832,15.0002736338049,15.0000178617952,""
18013.2749226093,14.9999998393322,2.55020860628957E-05,0.324430361086765,3.18776075786197E-05,0.405537951358456,56.5411499844349,15.000274178695,15.0000184571799,""
18028.7194225788,14.9999998663055,2.54947616320019E-05,0.324824219319625,3.18684520400023E-05,0.406030274149531,56.54110640874,15.0002747223647,15.0000190508344,""
18044.1639225483,14.9999999638233,2.54911602910826E-05,0.325217926285806,3.18639503638533E-05,0.406522407857258,56.5411164789478,15.0002752298935,15.0000195932543,""
18059.6084225178,15.0000000629064,2.5487870901788E-05,0.3256116205776,3.1859838627235E-05,0.407014525722,56.5411777770636,15.0002756445814,15.0000200430844,""
18075.0529224873,15.0000000976592,2.54843427683747E-05,0.326005217441659,3.18554284604683E-05,0.407506521802074,56.5411572115398,15.0002732993686,15.0000177404826,""
18090.4974224567,15.0000001309707,2.54807945764985E-05,0.326398806120174,3.18509932206231E-05,0.407998507650218,56.5410584722364,15.0002710346813,15.0000155185565,""
18105.9419224262,14.9999998713084,2.54745317775129E-05,0.326792251774783,3.18431647218911E-05,0.408490314718479,56.5410543633658,15.0002711730258,15.0000157041481,""
18121.3864223957,14.9999996050192,2.54680402867828E-05,0.327185685380361,3.18350503584785E-05,0.408982106725451,56.5411406196274,15.0002714931055,15.0000160713148,""
18136.8309223652,14.9999996801602,2.54623432558789E-05,0.327578946342391,3.18279290698487E-05,0.409473682927988,56.5410873622326,15.0002772575216,15.0000218780147,""
18152.2754223347,14.9999997630972,2.54567133356009E-05,0.327972192720654,3.18208916695012E-05,0.409965240900818,56.5409008795147,15.0002830215122,15.0000276845165,""
18167.7199223042,14.9999998065103,2.54503412438285E-05,0.328365267296798,3.18129265547857E-05,0.410456584120997,56.5408104631649,15.0002887727063,15.0000334850625,""
18183.1644222736,14.9999998490126,2.54439062888134E-05,0.328758327320997,3.18048828610168E-05,0.410947909151246,56.540811783166,15.0002942737368,15.0000390352337,""
18198.6089222431,14.9999998958057,2.54389574317433E-05,0.329151227072381,3.17986967896792E-05,0.411439033840476,56.5406797731407,15.0002922220059,15.0000370262631,""
18214.0534222126,14.9999999426986,2.5434134789545E-05,0.329544113211733,3.17926684869313E-05,0.411930141514666,56.540420442698,15.0002901299379,15.0000349773086,""
18229.4979221821,15.0000000506206,2.54260824642007E-05,0.329936812175792,3.17826030802509E-05,0.41242101521974,56.5403517461474,15.0002868152694,15.0000317164591,""
18244.9424221516,15.0000001599753,2.5417755102027E-05,0.330329495200177,3.17721938775338E-05,0.412911869000221,56.540465091012,15.0002835197462,15.0000284745354,""
18260.386922121,14.9999999421553,2.54125536896332E-05,0.330721989496973,3.17656921120415E-05,0.413402486871216,56.5405467015101,15.0002808067842,15.0000258084964,""
18275.8314220905,14.9999997165845,2.54076191954037E-05,0.331114467678724,3.17595239942546E-05,0.413893084598405,56.5405980080107,15.000278197597,15.0000232462748,""
18291.27592206,14.9999998089641,2.5399885949026E-05,0.331506762216391,3.17498574362825E-05,0.414383452770488,56.5406447390634,15.000278758589,15.0000238555342,""
18306.7204220295,14.9999999089443,2.53919130826055E-05,0.331899041031049,3.17398913532568E-05,0.414873801288812,56.5406871008979,15.0002794506244,15.0000245956635,""
18322.164921999,15.0000000753341,2.53884496922247E-05,0.332291162673307,3.17355621152808E-05,0.415363953341634,56.5405831231396,15.0002841617083,15.0000293495233,""
18337.6094219685,15.0000002433256,2.53853734210682E-05,0.332683270822987,3.17317167763353E-05,0.415854088528734,56.5403394017716,15.0002887551107,15.0000339858976,""
18353.0539219379,15.0000003895764,2.53804972812757E-05,0.333075263671321,3.17256216015947E-05,0.416344079589152,56.540290654193,15.000289724926,15.000035004718,""
18368.4984219074,15.000000535298,2.5375466218156E-05,0.333467246595116,3.17193327726951E-05,0.416834058243894,56.5404280923254,15.0002905998372,15.0000359284546,""
18383.9429218769,15.0000000855346,2.53705237238322E-05,0.333859087815019,3.17131546547902E-05,0.417323859768773,56.540527119028,15.0002885408531,15.0000339127414,""
18399.3874218464,14.9999996211528,2.53655888733486E-05,0.334250916805311,3.17069860916857E-05,0.417813646006638,56.540589465624,15.0002865583406,15.0000319736868,""
18414.8319218159,14.9999999954277,2.53591899485711E-05,0.334642582875267,3.16989874357138E-05,0.418303228594083,56.5406818208261,15.0002869493587,15.0000324139725,""
18430.2764217854,15.0000003904709,2.53526643326782E-05,0.335034234847196,3.16908304158477E-05,0.418792793558994,56.5408028320542,15.0002873042999,15.0000328181628,""
18445.7209217548,15.0000001371763,2.53457006280297E-05,0.335425694557135,3.16821257850371E-05,0.419282118196419,56.5409125088704,15.0002865349807,15.0000320975216,""
18461.1654217243,14.9999998676871,2.53386989136524E-05,0.335817137585921,3.16733736420655E-05,0.419771421982401,56.5410113621514,15.0002856773052,15.000031288292,""
18476.6099216938,14.9999998328114,2.5333987405086E-05,0.336208417002533,3.16674842563575E-05,0.420260521253166,56.541074218231,15.0002820550934,15.0000277072628,""
18492.0544216633,14.9999998038466,2.53294751262952E-05,0.33659968218618,3.1661843907869E-05,0.420749602732725,56.5411026996133,15.0002784177702,15.0000241113344,""
18507.4989216328,15.000000103247,2.53256370246922E-05,0.33699082957259,3.16570462808652E-05,0.421238536965737,56.5412074176986,15.0002743057172,15.0000200473418,""
18522.9434216022,15.0000004109909,2.53218577259312E-05,0.33738196668453,3.1652322157414E-05,0.421727458355663,56.5413849362647,15.0002702599358,15.0000160495488,""
18538.3879215717,15.0000003337484,2.53149505598459E-05,0.337772948122213,3.16436881998073E-05,0.422216185152766,56.5414512539995,15.0002683045547,15.0000141398854,""
18553.8324215412,15.0000002466409,2.5307769857699E-05,0.338163915945979,3.16347123221237E-05,0.422704894932474,56.541411383059,15.0002664672975,15.0000123482411,""
18569.2769215107,15.0000000895102,2.53029884885729E-05,0.338554716885638,3.16287356107161E-05,0.423193396107047,56.5413930048143,15.0002683712204,15.0000142944621,""
18584.7214214802,14.99999993057,2.52984174955356E-05,0.33894550319272,3.16230218694194E-05,0.423681878990899,56.5413951505249,15.0002702553261,15.0000162210116,""
18600.1659214497,14.9999998745541,2.52933262466939E-05,0.33933615166735,3.16166578083673E-05,0.424170189584188,56.541475698454,15.0002715092136,15.0000175219792,""
18615.6104214191,14.9999998212199,2.52881892616851E-05,0.339726788025003,3.16102365771063E-05,0.424658485031254,56.5416311147776,15.0002726694438,15.0000187291892,""
18631.0549213886,14.9999998829279,2.52835839278524E-05,0.340117286757043,3.16044799098155E-05,0.425146608446304,56.5416968746646,15.000270838995,15.0000169425179,""
18646.4994213581,14.999999947658,2.52790254542164E-05,0.340507773358642,3.15987818177704E-05,0.425634716698303,56.5416770192004,15.00026899004,15.0000151370824,""
18661.9439213276,14.9999999665907,2.52749128562752E-05,0.340898137460862,3.1593641070344E-05,0.426122671826078,56.5417007163343,15.0002665477044,15.0000127299952,""
18677.3884212971,14.9999999843103,2.52708396607766E-05,0.3412884907377,3.15885495759707E-05,0.426610613422125,56.5417660030221,15.0002641965626,15.0000104145376,""
18692.8329212666,15.000000158501,2.52654532220774E-05,0.341678708142242,3.15818165275967E-05,0.427098385177802,56.541724232452,15.0002647815721,15.0000110492647,""
18708.277421236,15.0000003368698,2.52599504286439E-05,0.342068913508354,3.15749380358049E-05,0.427586141885443,56.5415802300104,15.0002653844604,15.0000117018534,""
18723.7219212055,15.0000000125744,2.52515203520017E-05,0.34245891753602,3.15644004400021E-05,0.428073646920025,56.5415240878745,15.0002665653843,15.0000129319235,""
18739.166421175,14.9999996747487,2.52428302410001E-05,0.34284890367853,3.15535378012501E-05,0.428561129598162,56.541551845921,15.0002677037455,15.0000141195659,""
18754.6109211445,15.0000000617318,2.52354229491015E-05,0.34323866313435,3.15442786863768E-05,0.429048328917938,56.5415961477041,15.0002674602709,15.0000139297554,""
18770.055421114,15.0000004683813,2.52281299071896E-05,0.34362840240108,3.1535162383987E-05,0.42953550300135,56.5416562475487,15.0002672548805,15.0000137778341,""
18785.4999210835,15.000000117303,2.52216573304429E-05,0.344017947512212,3.15270716630536E-05,0.430022434390265,56.5416474978624,15.0002682911097,15.0000148611761,""
18800.9444210529,14.9999997455015,2.52152580147415E-05,0.344407475286786,3.15190725184269E-05,0.430509344108483,56.5415730018926,15.0002693444393,15.0000159620011,""
18816.3889210224,14.9999998074739,2.52083071214846E-05,0.344796813097401,3.15103839018558E-05,0.430996016371751,56.5415370855732,15.0002709576235,15.0000176352055,""
18831.8334209919,14.9999998814034,2.52013068495616E-05,0.345186133901945,3.1501633561952E-05,0.431482667377431,56.5415380100078,15.0002725519708,15.0000192893274,""
18847.2779209614,14.9999999366437,2.51930285719016E-05,0.345575236524792,3.1491285714877E-05,0.43196904565599,56.5414726399765,15.0002735270082,15.0000203160654,""
18862.7224209309,14.9999999913647,2.51846355890778E-05,0.345964319565123,3.14807944863473E-05,0.432455399456404,56.5413439635625,15.000274557241,15.0000213981521,""
18878.1669209003,14.9999998304962,2.51777190000622E-05,0.346353187538423,3.14721487500778E-05,0.432941484423029,56.5412924163753,15.0002774098665,15.0000243076888,""
18893.6114208698,14.9999996635917,2.5170935262828E-05,0.346742036159137,3.1463669078535E-05,0.433427545198921,56.5413145219776,15.0002802892664,15.0000272440607,""
18909.0559208393,14.9999998696084,2.51629806176923E-05,0.34713067447206,3.14537257721154E-05,0.433913343090075,56.5414038483649,15.000284056443,15.0000310702268,""
18924.5004208088,15.0000000861466,2.51549203393363E-05,0.347519293812108,3.14436504241703E-05,0.434399117265136,56.5415573657061,15.0002879030217,15.0000349756836,""
18939.9449207783,15.0000000463957,2.51487666428972E-05,0.347907714255957,3.14359583036215E-05,0.434884642819947,56.5416543138374,15.0002943936552,15.0000415214891,""
18955.3894207478,14.9999999993584,2.51427853886694E-05,0.348296116710493,3.14284817358367E-05,0.435370145888116,56.5416972424934,15.0003008809051,15.0000480639343,""
18970.8339207172,14.9999999051467,2.51362549962719E-05,0.348684341271797,3.14203187453398E-05,0.435855426589746,56.5417044064275,15.0003072549972,15.0000544940014,""
18986.2784206867,14.9999998095835,2.51296748098043E-05,0.34907254970232,3.14120935122554E-05,0.4363406871279,56.541677417657,15.0003135171012,15.0000608119301,""
19001.7229206562,14.999999691575,2.5124305693189E-05,0.349460590503293,3.14053821164863E-05,0.436825738129117,56.5416261450619,15.0003160178847,15.000063363494,""
19017.1674206257,14.9999995729187,2.51190466723646E-05,0.34984861606542,3.13988083404557E-05,0.437310770081775,56.5415516831827,15.0003183540073,15.0000657509213,""
19032.6119205952,14.9999998499858,2.5110131485953E-05,0.350236436262607,3.13876643574413E-05,0.437795545328259,56.5416331193176,15.0003151357506,15.0000626016585,""
19048.0564205647,15.0000001385606,2.51008830799195E-05,0.350624237743019,3.13761038498994E-05,0.438280297178774,56.5418634267108,15.0003118737541,15.0000594080572,""
19063.5009205341,15.0000000341001,2.50938680702832E-05,0.351011811937894,3.1367335087854E-05,0.438764764922368,56.5419876359611,15.0003071299013,15.000054712317,""
19078.9454205036,14.9999999181249,2.50870571269897E-05,0.351399365365597,3.13588214087371E-05,0.439249206706996,56.542010529206,15.0003024611256,15.0000500915791,""
19094.3899204731,14.9999997311216,2.50852888152187E-05,0.35178680393416,3.13566110190234E-05,0.439733504917699,56.5419905198126,15.0003003469819,15.000048022925,""
19109.8344204426,14.999999542022,2.50839824176817E-05,0.352174231981416,3.13549780221021E-05,0.44021778997677,56.541929541522,15.000298192488,15.0000459141128,""
19125.2789204121,14.9999996394616,2.50788639436585E-05,0.352561564184525,3.13485799295732E-05,0.440701955230656,56.5420078339163,15.0002946589898,15.0000424328629,""
19140.7234203815,14.9999997454201,2.5073395393878E-05,0.352948887585945,3.13417442423475E-05,0.441186109482431,56.5422191196797,15.000291145339,15.000038971336,""
19156.167920351,14.9999999200527,2.50682180176393E-05,0.353336060792166,3.13352725220491E-05,0.441670075990207,56.5423213508536,15.0002883129744,15.0000361868237,""
19171.6124203205,15.0000000967419,2.5063067448281E-05,0.353723220170671,3.13288343103513E-05,0.442154025213339,56.5423194428244,15.0002855422464,15.0000334641434,""
19187.05692029,14.9999998637846,2.5055776665773E-05,0.354110200824619,3.13197208322162E-05,0.442637751030774,56.5423591944281,15.0002848966288,15.0000328733042,""
19202.5014202595,14.9999996184705,2.50482883487247E-05,0.354497164982886,3.13103604359058E-05,0.443121456228607,56.542438727952,15.000284231886,15.0000322632231,""
19217.945920229,15.000000052782,2.5041468149017E-05,0.354883927723537,3.13018351862712E-05,0.443604909654421,56.5424932523245,15.0002829048161,15.0000309867738,""
19233.3904201984,15.0000005077417,2.50347097691863E-05,0.355270671827324,3.12933872114829E-05,0.444088339784155,56.5425238947758,15.0002815488067,15.0000296813693,""
19248.8349201679,15.0000001342513,2.50290823797272E-05,0.355657242343067,3.1286352974659E-05,0.444571552928834,56.5424596852949,15.0002791861192,15.0000273687449,""
19264.2794201374,14.9999997354109,2.50235599013607E-05,0.356043796756718,3.12794498767008E-05,0.445054745945898,56.5423048991104,15.0002769104797,15.0000251434828,""
19279.7239201069,15.0000000522699,2.50159502866645E-05,0.356430162846836,3.12699378583307E-05,0.445537703558545,56.5422703910873,15.0002776763948,15.0000259707558,""
19295.1684200764,15.0000003911843,2.50081465841577E-05,0.356816511424296,3.12601832301971E-05,0.44602063928037,56.5423507399697,15.0002784661835,15.0000268214921,""
19310.6129200459,15.0000002642566,2.5001103447918E-05,0.35720265123485,3.12513793098975E-05,0.446503314043563,56.5422793942599,15.0002800938888,15.0000284957498,""
19326.0574200153,15.0000001228719,2.4994131215087E-05,0.357588771583214,3.12426640188588E-05,0.446985964479018,56.5420631912358,15.0002817367534,15.0000301851588,""
19341.5019199848,15.0000000368336,2.49910235316255E-05,0.357974754646045,3.12387794145319E-05,0.447468443307556,56.542047307274,15.0002839140825,15.0000324087508,""
19356.9464199543,14.999999952525,2.49882770161866E-05,0.358360724878623,3.12353462702333E-05,0.447950906098279,56.5422227134623,15.0002861221254,15.0000346629877,""
19372.3909199238,14.9999998985751,2.49854569510495E-05,0.35874661639793,3.12318211888119E-05,0.448433270497412,56.5422321705697,15.0002894179417,15.0000380025574,""
19387.8354198933,14.9999998455805,2.49826299951151E-05,0.359132500542669,3.12282874938939E-05,0.448915625678337,56.5420831583521,15.0002927043707,15.0000413329455,""
19403.2799198627,14.9999997717782,2.49762773729069E-05,0.359518250397611,3.12203467161336E-05,0.449397812997014,56.5420860442315,15.0002956568246,15.0000443366722,""
19418.7244198322,14.9999996973166,2.49695936152111E-05,0.359903987639868,3.12119920190138E-05,0.449879984549835,56.5422339817664,15.0002986295418,15.0000473607829,""
19434.1689198017,14.9999998213628,2.49604300261467E-05,0.360289497871516,3.12005375326834E-05,0.450361872339396,56.5422318095701,15.0003023264788,15.0000511134219,""
19449.6134197712,14.9999999517424,2.49510329513157E-05,0.360674986729233,3.11887911891446E-05,0.450843733411542,56.5420862934778,15.0003058105771,15.0000546530916,""
19465.0579197407,15.0000000277483,2.49443183941738E-05,0.361060251763427,3.11803979927173E-05,0.451325314704284,56.5419911423571,15.0003016528002,15.0000505462007,""
19480.5024197102,15.0000001020076,2.49378570304924E-05,0.361445495671702,3.11723212881155E-05,0.451806869589628,56.5419440861279,15.0002973696769,15.0000463138816,""
19495.9469196796,15.0000000029523,2.4933274474894E-05,0.361830586249465,3.11665930936175E-05,0.452288232811832,56.5419461416443,15.0002885652847,15.0000375573477,""
19511.3914196491,14.9999998982918,2.49288696906043E-05,0.362215662319219,3.11610871132554E-05,0.452769577899024,56.5419950953153,15.0002798141439,15.000028854322,""
19526.8359196186,14.9999996790348,2.49213723548441E-05,0.362600566337412,3.11517154435552E-05,0.453250707921765,56.5419977465248,15.0002729926865,15.0000220902843,""
19542.2804195881,14.9999994560467,2.491358168443E-05,0.362985454036172,3.11419771055375E-05,0.453731817545215,56.5419561822423,15.0002663573936,15.0000155121615,""
19557.7249195576,14.9999998447328,2.49077417893313E-05,0.363370152094247,3.11346772366641E-05,0.454212690117808,56.5418954240064,15.0002664995829,15.0000157024321,""
19573.1694195271,15.0000002534681,2.49020873834678E-05,0.363754832120359,3.11276092293347E-05,0.454693540150449,56.5418163369373,15.0002667279813,15.0000159789155,""
19588.6139194965,15.0000003387513,2.48972836183E-05,0.364139365810387,3.1121604522875E-05,0.455174207262984,56.5417368952254,15.0002701095679,15.0000194087209,""
19604.058419466,15.0000004133619,2.48925609343913E-05,0.364523885551971,3.11157011679892E-05,0.455654856939964,56.5416571148555,15.000273504623,15.0000228521633,""
19619.5029194355,15.0000002448357,2.48859598954507E-05,0.364908243111733,3.11074498693134E-05,0.456135303889667,56.541639514987,15.0002773946185,15.0000267967324,""
19634.947419405,15.0000000682339,2.48791793778844E-05,0.365292585174867,3.10989742223555E-05,0.456615731468583,56.5416812929907,15.0002813452176,15.0000308017988,""
19650.3919193745,14.9999999019076,2.48728366288958E-05,0.365676742845571,3.10910457861197E-05,0.457095928556963,56.5416362880134,15.0002875333602,15.0000370404852,""
19665.8364193439,14.9999997359248,2.48665358112057E-05,0.366060882854399,3.10831697640071E-05,0.457576103567999,56.5415084115791,15.0002937688784,15.0000433267351,""
19681.2809193134,14.9999999000021,2.48587238874881E-05,0.366444821929837,3.10734048593601E-05,0.458056027412297,56.5414611300562,15.0003017618383,15.0000513773923,""
19696.7254192829,15.0000000751863,2.48507668712149E-05,0.366828741712163,3.10634585890186E-05,0.458535927140204,56.5414908108323,15.0003095947775,15.0000592678965,""
19712.1699192524,14.9999999309839,2.48439100163088E-05,0.367212454261394,3.1054887520386E-05,0.459015567826742,56.5414538742543,15.0003114633633,15.000061189118,""
19727.6144192219,14.9999997759639,2.48371590528617E-05,0.367596146864265,3.10464488160772E-05,0.459495183580331,56.5413533229317,15.0003131473385,15.0000629257302,""
19743.0589191914,14.999999976262,2.4830673668359E-05,0.367979653369776,3.10383420854487E-05,0.45997456671222,56.5412401508178,15.0003079175406,15.0000577486206,""
19758.5034191608,15.0000001886725,2.48242139080628E-05,0.368363141919809,3.10302673850785E-05,0.460453927399761,56.5411149267625,15.0003025738289,15.000052457747,""
19773.9479191303,15.0000002900731,2.48180533219556E-05,0.368746453134421,3.10225666524444E-05,0.460933066418026,56.5410196718966,15.0002929435011,15.0000428858935,""
19789.3924190998,15.0000003876652,2.48119216713526E-05,0.369129747197521,3.10149020891907E-05,0.461412183996901,56.5409530354364,15.0002833014619,15.0000333020673,""
19804.8369190693,15.0000000576674,2.4805553608117E-05,0.369512864931409,3.10069420101463E-05,0.461891081164261,56.5409297342336,15.0002732165922,15.0000232655333,""
19820.2814190388,14.9999997129064,2.47991626242978E-05,0.369895965569897,3.09989532803722E-05,0.462369956962371,56.5409478150634,15.0002633140561,15.0000134115032,""
19835.7259190083,14.9999998137181,2.47939304446745E-05,0.370278904164786,3.09924130558431E-05,0.462848630205982,56.5409821119282,15.0002603392923,15.00001049172,""
19851.1704189777,14.9999999300116,2.47888108839085E-05,0.370661827011401,3.09860136048856E-05,0.463327283764252,56.541031893932,15.0002574258423,15.0000076332935,""
19866.6149189472,14.9999999265744,2.47810099576566E-05,0.371044564327658,3.09762624470707E-05,0.463805705409572,56.5410072240623,15.0002568533528,15.0000071174627,""
19882.0594189167,14.9999999189508,2.47729478146766E-05,0.371427283569678,3.09661847683458E-05,0.464284104462097,56.5409114580406,15.000256265034,15.0000065858614,""
19897.5039188862,15.0000000657963,2.47654047750415E-05,0.371809783931415,3.09567559688019E-05,0.464762229914269,56.5408452728936,15.0002550693958,15.0000054491993,""
19912.9484188557,15.0000002180766,2.47579124275493E-05,0.372192262918776,3.09473905344367E-05,0.46524032864847,56.5408073353415,15.0002538047979,15.0000042436606,""
19928.3929188252,15.0000002129247,2.47489170442242E-05,0.372574507872991,3.09361463052803E-05,0.465718134841239,56.5407980628731,15.0002498814452,15.0000003825655,""
19943.8374187946,15.0000002021992,2.47397745326859E-05,0.37295672991832,3.09247181658574E-05,0.4661959123979,56.5408161634855,15.0002460455643,14.9999966090906,""
19959.2819187641,14.9999999631205,2.4731084321979E-05,0.373338701755711,3.09138554024737E-05,0.466673377194639,56.5408702953216,15.0002455988316,14.99999623051,""
19974.7264187336,14.9999997159071,2.47224384917293E-05,0.373720649042312,3.09030481146617E-05,0.46715081130289,56.540958834369,15.0002452934044,14.9999959929065,""
19990.1709187031,14.9999998274047,2.47155595192447E-05,0.37410238044998,3.08944493990559E-05,0.467627975562475,56.5409897564278,15.0002504900933,15.0000012446226,""
20005.6154186726,14.9999999517592,2.47088543275252E-05,0.374484090624696,3.08860679094064E-05,0.46810511328087,56.5409656584282,15.0002557159658,15.0000065259393,""
20021.059918642,15.0000000405433,2.47002931834412E-05,0.374865583584561,3.08753664793015E-05,0.468581979480701,56.5409278414155,15.0002620838454,15.0000129655723,""
20036.5044186115,15.0000001280446,2.46915490605773E-05,0.375247055129163,3.08644363257216E-05,0.469058818911454,56.5408769237369,15.0002682813664,15.0000192346515,""
20051.948918581,15.0000001272477,2.46824976568992E-05,0.375628276098086,3.0853122071124E-05,0.469535345122607,56.540794862197,15.0002677790888,15.0000187962457,""
20067.3934185505,15.0000001232471,2.46734158862807E-05,0.376009472303937,3.08417698578508E-05,0.470011840379922,56.5406830605212,15.0002672508214,15.0000183319178,""
20082.83791852,14.9999999402055,2.46649948934087E-05,0.37639042344872,3.08312436167609E-05,0.4704880293109,56.5405811283991,15.0002656952921,15.0000168430023,""
20098.2824184895,14.9999997506286,2.46566393567209E-05,0.376771350317923,3.08207991959011E-05,0.470964187897404,56.5404886209872,15.0002641930799,15.0000154072432,""
20113.7269184589,14.9999998598821,2.46519301648635E-05,0.377152098704011,3.08149127060794E-05,0.471440123380014,56.5404614587188,15.0002648089033,15.0000160831351,""
20129.1714184284,14.999999980109,2.46475830331324E-05,0.377532829367798,3.08094787914155E-05,0.471916036709748,56.5404966963417,15.0002652889425,15.0000166233441,""
20144.6159183979,14.9999999633365,2.46391331839599E-05,0.377913374525424,3.07989164799499E-05,0.47239171815678,56.5406067197156,15.0002603475125,15.0000117461386,""
20160.0604183674,14.9999999415029,2.46302749963462E-05,0.378293901219849,3.07878437454327E-05,0.472867376524811,56.5407881580793,15.0002553860667,15.0000068490437,""
20175.5049183369,14.9999998794199,2.46219441093709E-05,0.378674187235378,3.07774301367137E-05,0.473342734044223,56.5408191445197,15.00024962137,15.0000011537688,""
20190.9494183064,14.9999998158412,2.46136658278377E-05,0.3790544492399,3.07670822847971E-05,0.473818061549875,56.5407064602425,15.0002440015323,14.9999956031334,""
20206.3939182758,14.9999999955593,2.46071924705368E-05,0.379434506638751,3.0758990588171E-05,0.474293133298438,56.5406425765663,15.0002442248247,14.9999958867718,""
20221.8384182453,15.0000001843723,2.46008996032502E-05,0.379814543577307,3.07511245040627E-05,0.474768179471634,56.5406252939387,15.0002444015525,14.9999961238017,""
20237.2829182148,15.0000000706936,2.45944045848994E-05,0.380194400704388,3.07430057311242E-05,0.475243000880485,56.5405760409316,15.0002426903401,14.9999944711073,""
20252.7274181843,14.9999999456406,2.4587889304189E-05,0.380574239808291,3.07348616302362E-05,0.475717799760364,56.5404962585196,15.0002410727766,14.9999929123166,""
20268.1719181538,14.9999998268857,2.45802316938124E-05,0.380953878372965,3.07252896172654E-05,0.476192347966207,56.5405224289476,15.0002432718276,14.9999951805219,""
20283.6164181232,14.9999997083689,2.45724593147866E-05,0.381333496789676,3.07155741434832E-05,0.476666870987095,56.5406497766898,15.0002454673247,14.9999974449844,""
20299.0609180927,14.999999907558,2.45648763336697E-05,0.381712899994813,3.07060954170871E-05,0.477141124993517,56.5407358474615,15.0002475172365,14.999999556119,""
20314.5054180622,15.0000001188335,2.45573124257227E-05,0.382092281527236,3.06966405321534E-05,0.477615351909045,56.5407825017059,15.0002495179168,15.0000016177891,""
20329.9499180317,14.9999999789811,2.45534443500537E-05,0.382471507904738,3.06918054375671E-05,0.478089384880923,56.54076268682,15.0002494911992,15.000001642461,""
20345.3944180012,14.9999998256933,2.45499493302693E-05,0.382850718620963,3.06874366628366E-05,0.478563398276204,56.5406793987126,15.0002493822896,15.0000015853147,""
20360.8389179707,15.0000001806822,2.45418937294774E-05,0.383229760846331,3.06773671618467E-05,0.479037201057914,56.5406089748226,15.0002458708389,14.9999981411019,""
20376.2834179401,15.0000005552317,2.45333767114316E-05,0.383608786024619,3.06667208892895E-05,0.479510982530774,56.5405508353325,15.0002424848559,14.9999948220875,""
20391.7279179096,15.0000002248687,2.45277791812049E-05,0.383987617414836,3.06597239765062E-05,0.479984521768544,56.5405006252916,15.0002443203565,14.9999967133495,""
20407.1724178791,14.9999998672222,2.45224777183151E-05,0.384366429152866,3.06530971478939E-05,0.480458036441083,56.540457987303,15.0002462762576,14.9999987252525,""
20422.6169178486,14.9999999146142,2.45136906100586E-05,0.384745038389769,3.06421132625733E-05,0.480931297987211,56.5404837464352,15.0002532693741,15.0000057844351,""
20438.0614178181,14.9999999777727,2.45045491984922E-05,0.385123627043161,3.06306864981153E-05,0.481404533803951,56.5405748198846,15.0002601614615,15.0000127423786,""
20453.5059177876,14.9999997922859,2.44977185651557E-05,0.385501995103282,3.06221482064446E-05,0.481877493879102,56.5405376983898,15.0002628042164,15.0000154421535,""
20468.950417757,14.9999995970656,2.44911233589733E-05,0.385880340688876,3.06139041987166E-05,0.482350425861096,56.5403781599691,15.0002654184252,15.0000181133013,""
20484.3949177265,14.9999999252797,2.44856250290794E-05,0.386258518355407,3.06070312863492E-05,0.482823147944258,56.5402828404029,15.0002668255309,15.000019573919,""
20499.839417696,15.0000002741003,2.44802387100921E-05,0.386636678874364,3.06002983876151E-05,0.483295848592955,56.5402488452147,15.0002683060633,15.0000211080599,""
20515.2839176655,14.9999998298764,2.4475303841445E-05,0.387014695422031,3.05941298018062E-05,0.483768369277539,56.5402569879516,15.0002729082669,15.0000257679766,""
20530.728417635,14.9999993542569,2.44704151805816E-05,0.387392697233649,3.05880189757269E-05,0.484240871542062,56.5403053693702,15.0002774971311,15.0000304145874,""
20546.1729176044,14.9999997944411,2.44627681658667E-05,0.387770519470881,3.05784602073334E-05,0.484713149338601,56.5402971654886,15.0002815158091,15.0000344924375,""
20561.6174175739,15.0000002710835,2.44548381711524E-05,0.388148323285544,3.05685477139405E-05,0.48518540410693,56.5402349267231,15.0002854040457,15.0000384398343,""
20577.0619175434,15.0000001920213,2.44470727684012E-05,0.388525907510163,3.05588409605014E-05,0.485657384387704,56.5402155057432,15.0002836862465,15.0000367806788,""
20592.5064175129,15.0000000907136,2.44393242900469E-05,0.388903469155131,3.05491553625586E-05,0.486129336443914,56.5402369726656,15.0002818789385,15.0000350322503,""
20607.9509174824,15.0000003163579,2.44308810763498E-05,0.389280803067957,3.05386013454373E-05,0.486601003834946,56.5402576450026,15.0002762037042,15.0000294260842,""
20623.3954174519,15.0000005551629,2.44223662613635E-05,0.389658113510096,3.05279578267044E-05,0.48707264188762,56.540277558568,15.000270601636,15.0000238928518,""
20638.8399174213,15.0000001552439,2.44141887811813E-05,0.390035190750778,3.05177359764766E-05,0.487543988438473,56.5402248730894,15.0002681786854,15.0000215286438,""
20654.2844173908,14.9999997294731,2.44060461473747E-05,0.390412243901964,3.05075576842184E-05,0.488015304877455,56.5401028607513,15.0002657692016,15.0000191777723,""
20669.7289173603,15.0000000162036,2.44017144257439E-05,0.390789127974376,3.05021430321799E-05,0.48848640996797,56.5400064128713,15.0002639480974,15.0000174095913,""
20685.1734173298,15.0000003319299,2.43977772691223E-05,0.391165994541119,3.04972215864028E-05,0.488957493176399,56.5399343772079,15.0002620973579,15.0000156118364,""
20700.6179172993,14.9999999592526,2.43916922064045E-05,0.391542717739506,3.04896152580056E-05,0.489428397174383,56.539945394601,15.0002589446093,15.0000125147749,""
20716.0624172688,14.9999995584076,2.43853842507832E-05,0.391919426060246,3.0481730313479E-05,0.489899282575307,56.5400357216875,15.000255866479,15.0000094923496,""
20731.5069172382,14.9999998660404,2.43793244285198E-05,0.39229596170659,3.04741555356497E-05,0.490369952133238,56.5400651243131,15.0002560849909,15.0000097673523,""
20746.9514172077,15.0000002028194,2.43732904143303E-05,0.392672479393264,3.04666130179128E-05,0.490840599241579,56.5400363484617,15.0002562499592,15.0000099887242,""
20762.3959171772,15.0000002693831,2.43680628398922E-05,0.393048840730689,3.04600785498652E-05,0.491311050913361,56.5400176368132,15.00025403607,15.0000078273597,""
20777.8404171467,15.0000003247703,2.43629193333365E-05,0.393425185769376,3.04536491666706E-05,0.49178148221172,56.5400085357543,15.0002517467525,15.0000055907241,""
20793.2849171162,15.0000003046574,2.43565124769401E-05,0.393801367432247,3.04456405961751E-05,0.492251709290309,56.5398751032724,15.0002460873183,14.9999999909931,""
20808.7294170856,15.000000281405,2.43499736224512E-05,0.394177532025186,3.0437467028064E-05,0.492721915031483,56.5396229432269,15.0002404367975,14.9999944002266,""
20824.1739170551,15.0000000870264,2.43410378313295E-05,0.394553476744761,3.04262972891619E-05,0.493191845930952,56.5395392504232,15.0002351867897,14.9999892122678,""
20839.6184170246,14.9999998854939,2.43318510339143E-05,0.394929398439281,3.04148137923929E-05,0.493661748049102,56.5396164317246,15.0002300022986,14.9999840897414,""
20855.0629169941,14.9999999789309,2.43237500422118E-05,0.395305080063836,3.04046875527647E-05,0.494131350079795,56.5396089813331,15.0002277785497,14.9999819241434,""
20870.5074169636,15.0000000847647,2.4315763013125E-05,0.395680736491432,3.03947037664063E-05,0.49460092061429,56.539520713759,15.0002256356001,14.9999798395521,""
20885.9519169331,14.9999999526561,2.43067363958204E-05,0.396056153610865,3.03834204947754E-05,0.495070192013581,56.5394974346313,15.0002271650107,14.9999814367388,""
20901.3964169025,14.9999998104945,2.42976004201355E-05,0.39643154555653,3.03720005251694E-05,0.495539431945663,56.5395362147981,15.0002287230435,14.9999830624749,""
20916.840916872,14.9999999092122,2.42886761661188E-05,0.396806685461626,3.03608452076486E-05,0.496008356827032,56.5395222301928,15.0002315894877,14.999985993285,""
20932.2854168415,15.0000000181605,2.42797742341828E-05,0.397181798793769,3.03497177927285E-05,0.496477248492211,56.5394578590235,15.0002343220517,14.9999887900633,""
20947.729916811,15.0000000457672,2.42748094696596E-05,0.397556724222505,3.03435118370745E-05,0.496945905278131,56.5393642326644,15.0002308989892,14.9999854242444,""
20963.1744167805,15.000000069901,2.42702607404414E-05,0.397931629795735,3.03378259255518E-05,0.497414537244669,56.5392426697004,15.0002274779998,14.9999820606162,""
20978.61891675,15.0000000677472,2.42628781860996E-05,0.398306364535079,3.03285977326245E-05,0.497882955668849,56.5392202716702,15.0002241528858,14.9999787983037,""
20994.0634167194,15.0000000644652,2.4255195512102E-05,0.398681081182055,3.03189943901275E-05,0.498351351477569,56.5392925690289,15.0002208837468,14.9999755919345,""
21009.5079166889,14.9999998947286,2.42484228710468E-05,0.399055597326352,3.03105285888085E-05,0.49881949665794,56.5393236036129,15.0002202185178,14.9999749880001,""
21024.9524166584,14.9999997178112,2.42417468243648E-05,0.399430092188529,3.0302183530456E-05,0.499287615235661,56.5393152352112,15.0002195858231,14.9999744166916,""
21040.3969166279,15.0000000540727,2.42340947281723E-05,0.399804385568396,3.02926184102153E-05,0.499755481960494,56.5392818268605,15.0002204755369,14.9999753720804,""
21055.8414165974,15.0000004125868,2.42263387983286E-05,0.400178657514263,3.02829234979107E-05,0.500223321892829,56.5392245071573,15.000221429325,14.9999763915301,""
21071.2859165668,15.0000002894382,2.42176269835442E-05,0.400552698183702,3.02720337294302E-05,0.500690872729627,56.5392114463681,15.000225399228,14.9999804264664,""
21086.7304165363,15.0000001452962,2.42088132529154E-05,0.400926714194594,3.02610165661442E-05,0.501158392743242,56.5392406496652,15.0002293871675,14.9999844794039,""
21102.1749165058,14.9999998931451,2.42014623561077E-05,0.401300506812276,3.02518279451346E-05,0.501625633515345,56.5392877590937,15.0002342291999,14.999989384761,""
21117.6194164753,14.9999996362624,2.41942677737567E-05,0.401674275558766,3.02428347171959E-05,0.502092844448457,56.5393519675924,15.0002390777701,14.9999942966577,""
21133.0639164448,15.0000002747251,2.41869534443045E-05,0.402047841700538,3.02336918053807E-05,0.502559802125673,56.5394169988165,15.0002442377888,14.9999995200858,""
21148.5084164143,15.0000009526108,2.41796262904964E-05,0.402421386144291,3.02245328631204E-05,0.503026732680363,56.5394828156845,15.0002494244576,15.0000047701582,""
21163.9529163837,15.000000186265,2.41717081210712E-05,0.402794717048853,3.0214635151339E-05,0.503493396311066,56.5394818473557,15.000255888372,15.0000112971925,""
21179.3974163532,14.999999356006,2.41637265158917E-05,0.403168025033514,3.02046581448646E-05,0.503960031291893,56.5394171039571,15.0002623116999,15.0000177835711,""
21194.8419163227,14.999999842732,2.41579637247371E-05,0.403541144669855,3.01974546559213E-05,0.504426430837318,56.5393874271554,15.0002667780353,15.0000223096171,""
21210.2864162922,15.000000388034,2.41524396151742E-05,0.403914244045246,3.01905495189677E-05,0.504892805056558,56.5393912364392,15.0002711774131,15.0000267688512,""
21225.7309162617,15.0000003544594,2.41449513992229E-05,0.404287159039679,3.01811892490286E-05,0.505358948799599,56.5393642030336,15.0002723284849,15.000027986849,""
21241.1754162312,15.0000002950087,2.41372514328977E-05,0.404660054155995,3.01715642911222E-05,0.505825067694994,56.5393077170713,15.0002734875422,15.0000292128883,""
21256.6199162006,14.9999999836383,2.41269600668162E-05,0.405032694573209,3.01587000835203E-05,0.506290868216511,56.5392834846434,15.0002750363782,15.0000308314474,""
21272.0644161701,14.9999996609507,2.41163887039556E-05,0.405405307470574,3.01454858799445E-05,0.506756634338218,56.5392900520276,15.0002765579233,15.0000324225656,""
21287.5089161396,14.9999997236708,2.41089213518593E-05,0.405777673650061,3.01361516898241E-05,0.507222092062577,56.5392614883742,15.0002767391151,15.0000326659594,""
21302.9534161091,14.9999998037912,2.41017901238083E-05,0.406150013113207,3.01272376547604E-05,0.507687516391509,56.5391993770989,15.0002768300275,15.0000328188851,""
21318.3979160786,14.9999998395553,2.40989491552149E-05,0.406522220113167,3.01236864440187E-05,0.508152775141459,56.539207469811,15.0002724593744,15.0000285009247,""
21333.8424160481,14.999999873307,2.40965737899125E-05,0.406894412737472,3.01207172373906E-05,0.50861801592184,56.5392826023008,15.0002680920766,15.0000241865425,""
21349.2869160175,14.9999999997267,2.408970737939E-05,0.407266469811508,3.01121342242375E-05,0.509083087264385,56.539332901824,15.0002638916367,15.000020050107,""
21364.731415987,15.0000001303717,2.40823525029493E-05,0.407638512142498,3.01029406286866E-05,0.509548140178123,56.5393594876435,15.0002597205531,15.0000159431693,""
21380.1759159565,15.0000000713995,2.40729894272922E-05,0.408010318580025,3.00912367841152E-05,0.510012898225032,56.539399512665,15.0002570185354,15.000013312381,""
21395.620415926,15.0000000037393,2.40634074513613E-05,0.408382099304394,3.00792593142016E-05,0.510477624130493,56.5394523711614,15.0002543582992,15.0000107233299,""
21411.0649158955,14.9999998698581,2.40522741986861E-05,0.408753589213132,3.00653427483576E-05,0.510941986516415,56.5394972263217,15.0002538021715,15.0000102361607,""
21426.5094158649,14.9999997329279,2.40409714810992E-05,0.409125047352526,3.0051214351374E-05,0.511406309190657,56.5395344388693,15.0002532713258,15.0000097742093,""
21441.9539158344,14.9999998536096,2.40335539339729E-05,0.409496250793433,3.00419424174662E-05,0.511870313491792,56.5395335737938,15.0002540217969,15.0000105903288,""
21457.3984158039,14.9999999862102,2.4026561740251E-05,0.409867426349627,3.00332021753138E-05,0.512334282937034,56.5394963473143,15.0002547824032,15.0000114165476,""
21472.8429157734,14.9999999598291,2.40200974791117E-05,0.410238415414082,3.00251218488897E-05,0.512798019267602,56.5395078955435,15.0002560599679,15.0000127578963,""
21488.2874157429,14.999999926057,2.40136911429622E-05,0.410609384016582,3.00171139287028E-05,0.513261730020728,56.5395660201276,15.0002574105106,15.0000141721881,""
21503.7319157124,14.9999999438125,2.40068454857165E-05,0.410980167534482,3.00085568571457E-05,0.513725209418103,56.5395876016495,15.0002625074589,15.0000193311017,""
21519.1764156818,14.9999999639752,2.39999515208508E-05,0.411350930700533,2.99999394010635E-05,0.514188663375666,56.5395742871633,15.0002676279839,15.0000245138011,""
21534.6209156513,15.0000000309344,2.39918722688672E-05,0.411721483729653,2.9989840336084E-05,0.514651854662066,56.5395781768943,15.0002739667086,15.0000309255156,""
21550.0654156208,15.0000001000901,2.39836623993418E-05,0.412092013601878,2.99795779991772E-05,0.515115017002347,56.5395984954212,15.0002801695799,15.0000372011524,""
21565.5099155903,15.0000001901183,2.39752178999419E-05,0.412462311454399,2.99690223749274E-05,0.515577889317999,56.5396442903881,15.0002793070124,15.0000363996885,""
21580.9544155598,15.0000002811308,2.39667474883612E-05,0.412832583683002,2.99584343604515E-05,0.516040729603753,56.5397144135329,15.0002784034128,15.0000355572796,""
21596.3989155293,15.000000215102,2.39603050579427E-05,0.413202651642833,2.99503813224284E-05,0.516503314553542,56.539780472914,15.0002753517739,15.0000325713966,""
21611.8434154987,15.0000001416313,2.39540870806474E-05,0.413572696994582,2.99426088508093E-05,0.516965871243228,56.5398426516914,15.0002723360863,15.0000296215329,""
21627.2879154682,15.0000000997166,2.39455792433349E-05,0.41394253406989,2.99319740541686E-05,0.517428167587362,56.5398531401557,15.0002712149271,15.0000285697815,""
21642.7324154377,15.0000000593043,2.39368174198227E-05,0.414312348043636,2.99210217747783E-05,0.517890435054545,56.5398142680684,15.0002700885056,15.0000275128711,""
21658.1769154072,14.9999999677901,2.39265920048244E-05,0.414681895817704,2.99082400060305E-05,0.51835236977213,56.5397952003478,15.0002686829354,15.0000261822876,""
21673.6214153767,14.9999998738312,2.39162039005654E-05,0.415051414001665,2.98952548757068E-05,0.518814267502082,56.5397950443805,15.0002673081836,15.0000248823094,""
21689.0659153461,14.9999998925183,2.39081345303352E-05,0.41542067925682,2.9885168162919E-05,0.519275849071025,56.5397852078708,15.0002675792632,15.0000252167833,""
21704.5104153156,14.9999999166194,2.39003234611896E-05,0.415789916336348,2.9875404326487E-05,0.519737395420435,56.539766127135,15.0002678461386,15.0000255472999,""
21719.9549152851,14.9999999037204,2.38927319586366E-05,0.416158939740533,2.98659149482958E-05,0.520198674675666,56.539847948805,15.0002678869715,15.0000256650568,""
21735.3994152546,14.9999998890349,2.38851649679373E-05,0.416527939290548,2.98564562099217E-05,0.520659924113186,56.5400261250604,15.0002678992197,15.0000257540734,""
21750.8439152241,14.9999998431456,2.38759362186275E-05,0.41689670293453,2.98449202732843E-05,0.521120878668163,56.5401346524842,15.0002663641689,15.0000242873712,""
21766.2884151936,14.9999997957426,2.38665215558623E-05,0.417265440185927,2.98331519448278E-05,0.521581800232409,56.5401766702522,15.0002647992237,15.0000227907178,""
21781.732915163,14.9999998353542,2.38600884002445E-05,0.417633961972619,2.98251105003057E-05,0.522042452465774,56.5401560972026,15.0002616050113,15.000019661706,""
21797.1774151325,14.9999998792066,2.38539895244275E-05,0.418002459601899,2.98174869055343E-05,0.522503074502374,56.5400757543923,15.0002583807628,15.0000165028628,""
21812.621915102,15.0000000926458,2.38459415546221E-05,0.418370757749726,2.98074269432776E-05,0.522963447187157,56.5400102145101,15.0002535082449,15.0000117069842,""
21828.0664150715,15.0000003143883,2.38376745884728E-05,0.418739033484211,2.9797093235591E-05,0.523423791855264,56.5399588103671,15.0002486447391,15.0000069200139,""
21843.510915041,15.0000001110517,2.38272910339377E-05,0.419107046988319,2.97841137924222E-05,0.523883808735399,56.5400033221196,15.0002442792129,15.0000026252931,""
21858.9554150105,14.9999998868069,2.3816669154893E-05,0.4194750309657,2.97708364436162E-05,0.524343788707126,56.5401394267026,15.0002399510091,14.9999983678906,""
21874.3999149799,14.9999998543973,2.38091131369612E-05,0.419842767438914,2.97613914212015E-05,0.524803459298642,56.540179649764,15.0002376995153,14.9999961869675,""
21889.8444149494,14.9999998314668,2.38019030675576E-05,0.420210475984019,2.9752378834447E-05,0.525263094980023,56.5401283128199,15.0002355265573,14.9999940846637,""
21905.2889149189,14.9999999412123,2.37919862356854E-05,0.420577942614859,2.97399827946067E-05,0.525722428268574,56.5401245066044,15.0002377542385,14.9999963876806,""
21920.7334148884,15.0000000575435,2.37817633243294E-05,0.420945381890144,2.97272041554117E-05,0.52618172736268,56.5401660888432,15.0002400319914,14.9999987406359,""
21936.1779148579,14.9999999693134,2.37753562922837E-05,0.421312596443926,2.97191953653546E-05,0.526640745554908,56.5402291505014,15.0002451352929,15.0000039116196,""
21951.6224148273,14.9999998708833,2.37693816766816E-05,0.42167978553221,2.9711727095852E-05,0.527099731915262,56.5403127234724,15.0002502710862,15.0000091151729,""
21967.0669147968,15.0000001936911,2.37614105132187E-05,0.422046778036236,2.97017631415233E-05,0.527558472545296,56.5403845759086,15.0002572534566,15.0000161697351,""
21982.5114147663,15.0000005375982,2.3753212619629E-05,0.422413748215943,2.96915157745362E-05,0.528017185269929,56.5404452360704,15.0002641623681,15.0000231507876,""
21997.9559147358,15.0000001116284,2.37445012064172E-05,0.422780483090083,2.96806265080215E-05,0.528475603862604,56.5404719682904,15.0002668664975,15.0000259241561,""
22013.4004147053,14.9999996469227,2.37357313536468E-05,0.42314719118598,2.96696641920584E-05,0.528933988982475,56.5404663017468,15.0002695219801,15.0000286489237,""
22028.8449146748,14.9999998114209,2.37289885362477E-05,0.423513687406698,2.96612356703096E-05,0.529392109258373,56.5404818748152,15.0002693728061,15.0000285716863,""
22044.2894146442,15.0000000077192,2.37224768880871E-05,0.423880159464531,2.96530961101089E-05,0.529850199330664,56.5405177301985,15.0002692307538,15.0000285016571,""
22059.7339146137,14.9999999812689,2.37120718866852E-05,0.424246390859117,2.96400898583565E-05,0.530307988573896,56.540555217253,15.0002695022762,15.0000288502298,""
22075.1784145832,14.9999999435105,2.37012219366431E-05,0.424612594749703,2.96265274208039E-05,0.530765743437129,56.5405942624372,15.0002697101633,15.0000291350818,""
22090.6229145527,15.0000000309332,2.36923415099153E-05,0.424978528326673,2.96154268873942E-05,0.531223160408341,56.5405830798306,15.0002661954988,15.0000256923805,""
22106.0674145222,15.0000001247391,2.36836866436368E-05,0.425344430945867,2.9604608304546E-05,0.531680538682334,56.5405239332651,15.0002626984199,15.0000222672306,""
22121.5119144917,14.9999999646637,2.36765322220065E-05,0.425710116900504,2.95956652775081E-05,0.53213764612563,56.5404229074259,15.0002602376617,15.0000198763887,""
22136.9564144611,14.999999791585,2.36695500015159E-05,0.426075777989256,2.95869375018949E-05,0.53259472248657,56.5402818898662,15.0002578321255,15.0000175408001,""
22152.4009144306,15.0000000156012,2.36616457549339E-05,0.426441231389602,2.95770571936673E-05,0.533051539237002,56.540288422267,15.0002587050034,15.0000184854883,""
22167.8454144001,15.0000002600458,2.36536354678082E-05,0.426806660904081,2.95670443347603E-05,0.533508326130102,56.5404358543686,15.0002595471535,15.0000193992548,""
22183.2899143696,15.0000000958822,2.36482566500239E-05,0.427171909182282,2.95603208125299E-05,0.533964886477852,56.5404778609926,15.0002585514045,15.0000184635203,""
22198.7344143391,14.9999999106056,2.3643181108364E-05,0.42753713657305,2.9553976385455E-05,0.534421420716313,56.5404191937958,15.000257540074,15.0000175122468,""
22214.1789143085,14.9999998609727,2.36379402912657E-05,0.427902220850826,2.95474253640821E-05,0.534877776063533,56.5404387544859,15.0002555897621,15.0000156245413,""
22229.623414278,14.9999998183793,2.36326803862791E-05,0.428267288600286,2.95408504828489E-05,0.535334110750357,56.5405330172351,15.0002536863102,15.0000137837047,""
22245.0679142475,14.9999996973625,2.3626244375694E-05,0.428632192549346,2.95328054696175E-05,0.535790240686683,56.540615826725,15.0002546282565,15.0000147888035,""
22260.512414217,14.9999995722579,2.36196722506989E-05,0.42899707754127,2.95245903133737E-05,0.536246346926588,56.5406876991682,15.000255630459,15.0000158541626,""
22275.9569141865,14.999999786369,2.36124287200957E-05,0.429361770235574,2.95155359001197E-05,0.536702212794468,56.5406835715268,15.000260319482,15.0000206065949,""
22291.401414156,15.000000018238,2.36051073232175E-05,0.42972644062816,2.95063841540219E-05,0.5371580507852,56.5406068692143,15.0002650439342,15.0000253945584,""
22306.8459141254,15.0000000672896,2.35962585569001E-05,0.430090884804779,2.94953231961251E-05,0.537613606005974,56.5405267878843,15.0002719528606,15.0000323732905,""
22322.2904140949,15.0000001067291,2.35872322843193E-05,0.430455302691262,2.94840403553992E-05,0.538069128364078,56.5404434798331,15.0002787059145,15.000039196068,""
22337.7349140644,15.0000001996054,2.35785272405541E-05,0.430819475785895,2.94731590506926E-05,0.538524344732368,56.5404664334075,15.0002757736446,15.0000363284088,""
22353.1794140339,15.0000002953033,2.35698596067916E-05,0.431183620372301,2.94623245084895E-05,0.538979525465376,56.5405908592706,15.0002726991887,15.0000333187153,""
22368.6239140034,15.000000417691,2.3560425488302E-05,0.431547513341445,2.94505318603775E-05,0.539434391676806,56.5406144642767,15.0002607206886,15.0000214144693,""
22384.0684139729,15.0000005414941,2.35509019201051E-05,0.431911376946546,2.94386274001314E-05,0.539889221183182,56.5405417925407,15.0002488191637,15.0000095870568,""
22399.5129139423,15.0000001826849,2.35425302677977E-05,0.432274994944901,2.94281628347472E-05,0.540343743681126,56.5405620802807,15.0002417760276,15.0000026091001,""
22414.9574139118,14.9999997981729,2.35342933245736E-05,0.432638584221142,2.9417866655717E-05,0.540798230276427,56.540671137709,15.0002348547502,14.9999957530299,""
22430.4019138813,14.9999997692608,2.35279788178998E-05,0.433001975426515,2.94099735223748E-05,0.541252469283144,56.5407276778968,15.0002356858624,14.9999966511259,""
22445.8464138508,14.9999997593679,2.35218895937055E-05,0.433365343420773,2.94023619921318E-05,0.541706679275967,56.540734067855,15.0002365957371,14.9999976280164,""
22461.2909138203,14.9999998765129,2.35133449506094E-05,0.433728505148259,2.93916811882618E-05,0.542160631435324,56.5406905816719,15.000242556444,15.0000036577894,""
22476.7354137897,15.0000000004813,2.35045119715945E-05,0.434091642654167,2.93806399644931E-05,0.542614553317708,56.5405994673211,15.0002485563951,15.0000097268656,""
22492.1799137592,14.9999998286677,2.34964259770718E-05,0.434454547557827,2.93705324713397E-05,0.543068184447284,56.5405704845322,15.0002570932875,15.0000183367009,""
22507.6244137287,14.9999996408999,2.34884278809603E-05,0.434817425090949,2.93605348512004E-05,0.543521781363686,56.5406008329659,15.0002656019138,15.0000269182898,""
22523.0689136982,14.9999998396927,2.34778719656429E-05,0.435180042099664,2.93473399570536E-05,0.54397505262458,56.5406410586091,15.0002722684154,15.0000336590445,""
22538.5134136677,15.000000059424,2.3467014448398E-05,0.435542628388982,2.93337680604975E-05,0.544428285486228,56.5406907162853,15.0002788750915,15.0000403399736,""
22553.9579136372,14.9999999413522,2.34584522791391E-05,0.435904950164915,2.93230653489239E-05,0.544881187706144,56.5407446647415,15.0002815509257,15.0000430900532,""
22569.4024136066,14.999999804906,2.34501613201816E-05,0.43626724068687,2.9312701650227E-05,0.545334050858588,56.5408027105877,15.0002842023992,15.0000458157511,""
22584.8469135761,14.9999997289351,2.34416509956665E-05,0.436629298810815,2.93020637445831E-05,0.545786623513519,56.5408193010608,15.000285240017,15.0000469262036,""
22600.2914135456,14.9999996562674,2.34331146983965E-05,0.43699132941897,2.92913933729957E-05,0.546239161773712,56.5407963045987,15.0002862352077,15.0000479941805,""
22615.7359135151,15.0000000118081,2.34247288984997E-05,0.437353126616603,2.92809111231247E-05,0.546691408270754,56.5407939801247,15.0002843962609,15.0000462247868,""
22631.1804134846,15.0000003908357,2.34163609539811E-05,0.437714896121838,2.92704511924764E-05,0.547143620152298,56.5408113959304,15.0002825467457,15.000044444778,""
22646.6249134541,15.0000002405073,2.34098404466211E-05,0.438076463126863,2.92623005582763E-05,0.547595578908579,56.5408569846746,15.0002799853344,15.00004194972,""
22662.0694134235,15.0000000610237,2.34035395729013E-05,0.438438006057532,2.92544244661266E-05,0.548047507571915,56.5409294765748,15.0002773944779,15.0000394253679,""
22677.513913393,14.9999998316424,2.33953930839515E-05,0.438799346553941,2.92442413549393E-05,0.548499183192427,56.5410366137692,15.0002728033661,15.0000349110218,""
22692.9584133625,14.9999995995016,2.33870267290543E-05,0.439160662934598,2.92337834113179E-05,0.548950828668247,56.5411768347598,15.000268264444,15.00003044886,""
22708.402913332,14.9999997642408,2.33764307063688E-05,0.439521713984376,2.9220538382961E-05,0.54940214248047,56.5413323312811,15.0002673011223,15.0000295619215,""
22723.8474133015,14.9999999510198,2.33655685234547E-05,0.439882733361037,2.92069606543184E-05,0.549853416701297,56.5415024148499,15.0002663359241,15.0000286731778,""
22739.291913271,15.0000002372436,2.33552429404868E-05,0.440243461320875,2.91940536756084E-05,0.550304326651093,56.5415633688135,15.0002652410582,15.0000276596904,""
22754.7364132404,15.0000005290126,2.33449815432363E-05,0.440604154422718,2.91812269290454E-05,0.550755193028397,56.5415201117527,15.0002641074249,15.0000266074055,""
22770.1809132099,15.0000003414354,2.33344031444924E-05,0.440964559561228,2.91680039306155E-05,0.551205699451534,56.5415078315053,15.0002602716548,15.0000228508758,""
22785.6254131794,15.0000001270201,2.3323786750224E-05,0.441324930184702,2.915473343778E-05,0.551656162730877,56.5415251319171,15.0002564948953,15.0000191531342,""
22801.0699131489,15.0000003133364,2.33189685201099E-05,0.441685097570591,2.91487106501374E-05,0.552106371963239,56.5415041906625,15.0002568672811,15.0000195888902,""
22816.5144131184,15.0000005221806,2.33148466657822E-05,0.442045240547077,2.91435583322278E-05,0.552556550683846,56.5414467313297,15.0002572415691,15.000020026789,""
22831.9589130878,15.0000002235275,2.33065743847296E-05,0.442405205761665,2.9133217980912E-05,0.553006507202081,56.5414264158218,15.0002577507812,15.0000206166856,""
22847.4034130573,14.9999998962285,2.32978026140758E-05,0.442765149583219,2.91222532675948E-05,0.553456436979024,56.5414415700315,15.0002582546766,15.0000212012154,""
22862.8479130268,14.9999997737411,2.32873584675515E-05,0.443124825756503,2.91091980844393E-05,0.553906032195629,56.5414648287114,15.0002583780852,15.000021401667,""
22878.2924129963,14.9999996628612,2.32767126485009E-05,0.443484469653968,2.90958908106261E-05,0.554355587067459,56.5414958265854,15.0002584769992,15.0000215775833,""
22893.7369129658,14.999999826431,2.32679501697408E-05,0.4438438492256,2.9084937712176E-05,0.554804811531999,56.5414908364352,15.0002568072143,15.0000199818679,""
22909.1814129353,15.0000000056177,2.32594152632781E-05,0.444203196857578,2.90742690790977E-05,0.555253996071972,56.5414514802729,15.0002550959366,15.0000183447532,""
22924.6259129047,14.9999998489021,2.32500381367361E-05,0.444562296296081,2.90625476709201E-05,0.555702870370102,56.5414239157148,15.0002503613927,15.0000136912001,""
22940.0704128742,14.999999672996,2.32405590354674E-05,0.444921365683696,2.90506987943343E-05,0.556151707104621,56.5414076113029,15.0002456331523,15.0000090438256,""
22955.5149128437,14.9999999595433,2.32322531009942E-05,0.44528019204652,2.90403163762427E-05,0.55660024005815,56.5413738719648,15.0002413683904,15.0000048507644,""
22970.9594128132,15.0000002726169,2.32240894982411E-05,0.445638988924928,2.90301118728014E-05,0.55704873615616,56.5413234835082,15.0002371040317,15.0000006582621,""
22986.4039127827,15.0000001177102,2.3214171355567E-05,0.445997533847645,2.90177141944588E-05,0.557496917309557,56.5413370200472,15.0002328695983,14.9999965072367,""
23001.8484127522,14.9999999358532,2.32040399187856E-05,0.446356048140872,2.9005049898482E-05,0.55794506017609,56.5414116004256,15.0002287064301,14.9999924273984,""
23017.2929127216,14.9999998305285,2.31945022010201E-05,0.446714292609165,2.89931277512752E-05,0.558392865761456,56.541488940379,15.0002298808975,14.9999936793467,""
23032.7374126911,14.9999997296288,2.31850368049813E-05,0.447072504209712,2.89812960062266E-05,0.55884063026214,56.5415689155312,15.000231085496,14.9999949614637,""
23048.1819126606,14.9999999310321,2.31765833133467E-05,0.447430470842583,2.89707291416834E-05,0.559288088553229,56.5415701328817,15.0002345680641,14.9999985243998,""
23063.6264126301,15.0000001499832,2.31682533305878E-05,0.44778840757571,2.89603166632347E-05,0.559735509469638,56.5414961421096,15.0002380270081,15.0000020636504,""
23079.0709125996,15.0000002654131,2.31594026344705E-05,0.448146106978082,2.89492532930882E-05,0.560182633722603,56.5414588496715,15.0002396829758,15.0000037952524,""
23094.515412569,15.0000003748102,2.3150488254858E-05,0.448503777354788,2.89381103185725E-05,0.560629721693486,56.5414566015433,15.0002413648149,15.0000055528206,""
23109.9599125385,14.9999999731495,2.31406053135402E-05,0.448861187450888,2.89257566419253E-05,0.56107648431361,56.5413637077276,15.0002450400282,15.0000093110808,""
23125.404412508,14.9999995415894,2.31306036796348E-05,0.449218565650848,2.89132545995436E-05,0.561523207063561,56.5411842536952,15.0002487611523,15.0000131152161,""
23140.8489124775,14.9999999133935,2.31214292671486E-05,0.449575681447081,2.89017865839357E-05,0.561969601808851,56.5410466260204,15.0002560538624,15.0000204881611,""
23156.293412447,15.0000003323827,2.31123564292155E-05,0.449932765022749,2.88904455365193E-05,0.562415956278436,56.540948939557,15.0002632988356,15.0000278133405,""
23171.7379124165,15.0000001101042,2.31032025539783E-05,0.450289597774692,2.88790031924729E-05,0.562861997218365,56.5408770851754,15.0002667939328,15.0000313863868,""
23187.1824123859,14.9999998500142,2.30940387083187E-05,0.450646399666546,2.88675483853984E-05,0.563307999583182,56.5408298986037,15.0002702164406,15.0000348869379,""
23202.6269123554,15.0000000289997,2.30844314834023E-05,0.451002942689525,2.88555393542529E-05,0.563753678361906,56.540799546413,15.000267880683,15.0000326366924,""
23218.0714123249,15.0000002339756,2.30747695986868E-05,0.451359453799147,2.88434619983585E-05,0.564199317248934,56.5407852698649,15.0002655341156,15.0000303755627,""
23233.5159122944,15.000000130915,2.30648774777722E-05,0.451715695693209,2.88310968472153E-05,0.564644619616511,56.5408094030616,15.0002623215151,15.0000272424433,""
23248.9604122639,15.0000000095499,2.30549569168958E-05,0.452071904332377,2.88186961461197E-05,0.565089880415472,56.5408702148488,15.0002591580858,15.0000241585547,""
23264.4049122334,15.0000001865575,2.30451635227212E-05,0.452427842223503,2.88064544034015E-05,0.565534802779379,56.5408163941179,15.0002599735797,15.0000250583915,""
23279.8494122028,15.0000003813637,2.30353858680208E-05,0.452783746604033,2.8794232335026E-05,0.565979683255042,56.5406531074377,15.0002607700999,15.0000259391945,""
23295.2939121723,15.0000000882513,2.30272720002439E-05,0.453139407958262,2.87840900003049E-05,0.566424259947828,56.5405637511135,15.0002600157063,15.0000252641729,""
23310.7384121418,14.999999765921,2.30193644682715E-05,0.453495039173399,2.87742055853394E-05,0.566868798966749,56.5405449930517,15.0002592766148,15.0000246045081,""
23326.1829121113,14.9999997778037,2.30102961523697E-05,0.453850435179072,2.87628701904621E-05,0.567313043973841,56.5405456975759,15.0002598011398,15.0000252129681,""
23341.6274120808,14.9999998097767,2.30010835960086E-05,0.454205801957324,2.87513544950107E-05,0.567757252446655,56.5405649874933,15.0002603215657,15.0000258172915,""
23357.0719120502,14.9999999546008,2.299026673614E-05,0.454560890871854,2.8737833420175E-05,0.568201113589817,56.5405910495775,15.0002604999902,15.0000260765019,""
23372.5164120197,15.0000001062347,2.29792501295431E-05,0.454915945190455,2.87240626619289E-05,0.568644931488069,56.5406235786025,15.000260645799,15.00002630311,""
23387.9609119892,15.000000109421,2.29715033435174E-05,0.455270747437017,2.87143791793967E-05,0.569088434296271,56.5406098434707,15.0002580419936,15.0000237812306,""
23403.4054119587,15.0000001036154,2.29641644757825E-05,0.455625518236962,2.87052055947281E-05,0.569531897796202,56.5405519293377,15.0002554384886,15.0000212596768,""
23418.8499119282,15.0000001146627,2.2953881484852E-05,0.455980042039627,2.8692351856065E-05,0.569975052549534,56.5404964624554,15.0002528605821,15.0000187658552,""
23434.2944118977,15.0000001267347,2.29432304835648E-05,0.456334534968056,2.8679038104456E-05,0.57041816871007,56.5404433325245,15.0002503012166,15.0000162904982,""
23449.7389118671,15.0000000619379,2.29345424713073E-05,0.456688765808519,2.86681780891341E-05,0.570860957260649,56.540445032862,15.0002493382769,15.0000154049911,""
23465.1834118366,14.9999999924496,2.29261003120049E-05,0.457042963823989,2.86576253900061E-05,0.571303704779986,56.5404990922321,15.000248398477,15.0000145427356,""
23480.6279118061,14.9999999086079,2.29160730185715E-05,0.457396905638498,2.86450912732144E-05,0.571746132048123,56.5405574445941,15.0002494725381,15.000015704084,""
23496.0724117756,14.9999998238868,2.29058468063643E-05,0.457750815302301,2.86323085079554E-05,0.572188519127876,56.5406198964603,15.00025055479,15.0000168734956,""
23511.5169117451,14.9999997380358,2.28976545309835E-05,0.458104475758718,2.86220681637294E-05,0.572630594698397,56.5406514005698,15.000252357654,15.0000187522886,""
23526.9614117146,14.9999996521154,2.28897179953209E-05,0.458458104880717,2.86121474941511E-05,0.573072631100896,56.5406533517562,15.0002541751117,15.0000206457658,""
23542.405911684,14.9999998995664,2.2880375772512E-05,0.458811494546899,2.86004697156399E-05,0.573514368183623,56.5406230682165,15.0002572906462,15.0000238453525,""
23557.8504116535,15.0000001675947,2.28708564576789E-05,0.459164854045831,2.85885705720987E-05,0.573956067557289,56.5405620027888,15.0002603609868,15.0000269997238,""
23573.294911623,15.0000002985203,2.2860673914196E-05,0.459517942189595,2.8575842392745E-05,0.574397427736994,56.5405766504615,15.0002593666909,15.0000260875049,""
23588.7394115925,15.0000004209515,2.28504076521193E-05,0.459870996080507,2.85630095651492E-05,0.574838745100634,56.5406635988005,15.0002583694543,15.0000251723422,""
23604.183911562,15.0000000941917,2.28411397127255E-05,0.460223783853717,2.85514246409069E-05,0.575279729817146,56.5408003159766,15.0002571047596,15.000023989429,""
23619.6284115314,14.9999997394982,2.28319980364814E-05,0.460576537969614,2.85399975456018E-05,0.575720672462017,56.5409845588821,15.0002558862122,15.0000228525969,""
23635.0729115009,14.9999997931817,2.28252762916609E-05,0.460929078821017,2.85315953645761E-05,0.576161348526272,56.5410859581417,15.0002589125359,15.0000259545307,""
23650.5174114704,14.9999998723549,2.28188612049779E-05,0.461281592647154,2.85235765062224E-05,0.576601990808943,56.5411082475628,15.0002619516584,15.0000290693124,""
23665.9619114399,15.0000002025657,2.28094081898072E-05,0.461633883701709,2.85117602372589E-05,0.577042354627136,56.5410774670088,15.0002661816227,15.0000333795152,""
23681.4064114094,15.0000005485036,2.27995694534788E-05,0.461986146471295,2.84994618168485E-05,0.577482683089119,56.5409960083716,15.0002704243482,15.00003770254,""
23696.8509113789,15.0000001400957,2.27896933330091E-05,0.462338139027063,2.84871166662613E-05,0.577922673783829,56.5409594737008,15.0002758682321,15.0000432324546,""
23712.2954113483,14.9999996842548,2.27798124567063E-05,0.462690097207511,2.84747655708828E-05,0.578362621509389,56.5409658382492,15.0002812802153,15.0000487304122,""
23727.7399113178,14.9999998210456,2.27691856803447E-05,0.463041773134827,2.84614821004308E-05,0.578802216418533,56.5410077585061,15.0002836541413,15.0000511849392,""
23743.1844112873,14.9999999952377,2.27584638299805E-05,0.463393413085559,2.84480797874757E-05,0.579241766356949,56.5410836319589,15.0002859544473,15.0000535657946,""
23758.6289112568,15.0000001616344,2.2751699958794E-05,0.463744820461271,2.84396249484926E-05,0.579681025576589,56.5411459095314,15.0002811600596,15.0000488469749,""
23774.0734112263,15.0000003275374,2.27454415575369E-05,0.464096198135037,2.84318019469212E-05,0.580120247668797,56.5411952039962,15.0002763188874,15.0000440814291,""
23789.5179111958,15.0000002892361,2.27364868927891E-05,0.464447362759797,2.84206086159863E-05,0.580559203449747,56.5412089273668,15.000266914798,15.000034758667,""
23804.9624111652,15.0000002379527,2.27271872244813E-05,0.464798500123622,2.84089840306016E-05,0.580998125154527,56.5411886828492,15.0002575503949,15.0000254756485,""
23820.4069111347,14.9999999490988,2.27163620908834E-05,0.465149359285421,2.83954526136043E-05,0.581436699106776,56.5411882115463,15.000252103833,15.000020116123,""
23835.8514111042,14.9999996450866,2.27053413875048E-05,0.465500182780784,2.83816767343809E-05,0.581875228475981,56.5412066222701,15.0002467249492,15.0000148241693,""
23851.2959110737,14.9999998325462,2.26963201829413E-05,0.465850735462175,2.83704002286767E-05,0.582313419327718,56.5411717227254,15.0002481097259,15.0000162852416,""
23866.7404110432,15.0000000514781,2.26875558153229E-05,0.466201253357331,2.83594447691536E-05,0.582751566696664,56.5410859156279,15.0002495068612,15.0000177586818,""
23882.1849110127,14.9999999498881,2.26798692959597E-05,0.466551548023813,2.83498366199497E-05,0.583189435029766,56.5410710050942,15.0002521545262,15.0000204835906,""
23897.6294109821,14.9999998276986,2.26723214936053E-05,0.466901813961191,2.83404018670067E-05,0.583627267451489,56.5411237957868,15.0002547870628,15.0000231934002,""
23913.0739109516,14.9999997815798,2.26639916681167E-05,0.467251861284502,2.83299895851458E-05,0.584064826605627,56.5411136416352,15.0002558694351,15.0000243560482,""
23928.5184109211,14.9999997403676,2.26555610041841E-05,0.46760188041849,2.83194512552302E-05,0.584502350523113,56.5410433795895,15.0002569320718,15.0000254989277,""
23943.9629108906,14.9999998350336,2.26465349306545E-05,0.467951659713174,2.83081686633181E-05,0.584939574641468,56.5410127613966,15.0002559465505,15.0000245902472,""
23959.4074108601,14.9999999384953,2.26374319342385E-05,0.468301408022245,2.82967899177982E-05,0.585376760027807,56.5410200002918,15.00025494876,15.0000236693346,""
23974.8519108295,14.9999999006735,2.26279762714464E-05,0.468650901902654,2.8284970339308E-05,0.585813627378318,56.5410529104125,15.0002526611634,15.000021462523,""
23990.296410799,14.9999998536734,2.26184749591809E-05,0.469000362849574,2.82730936989761E-05,0.586250453561967,56.5411103347474,15.0002503889256,15.0000192710683,""
24005.7409107685,15.000000012791,2.26093859086911E-05,0.469349570345356,2.82617323858639E-05,0.586686962931695,56.5411841122865,15.0002497524924,15.0000187152209,""
24021.185410738,15.0000001853468,2.26003503239356E-05,0.469698744971364,2.82504379049195E-05,0.587123431214205,56.541273505985,15.0002491323162,15.0000181755805,""
24036.6299107075,14.9999997971575,2.25926693665156E-05,0.470047693491822,2.82408367081444E-05,0.587559616864778,56.541249272203,15.0002502666603,15.0000193850793,""
24052.074410677,14.9999993722794,2.25851644249661E-05,0.470396612632861,2.82314555312077E-05,0.587995765791076,56.5411165321713,15.0002514481453,15.0000206418309,""
24067.5189106464,14.9999996110145,2.25733182030615E-05,0.470745259581545,2.82166477538268E-05,0.588431574476931,56.54103536296,15.0002577859004,15.0000270670716,""
24082.9634106159,14.9999998933232,2.25609068123285E-05,0.471093871094915,2.82011335154107E-05,0.588867338868643,56.5410034402538,15.0002640955248,15.0000334641308,""
24098.4079105854,15.0000000577342,2.25509125843197E-05,0.471442180770486,2.81886407303996E-05,0.589302725963107,56.5409830011644,15.0002672861752,15.0000367365755,""
24113.8524105549,15.0000002143764,2.25412336340808E-05,0.471790451076449,2.81765420426009E-05,0.589738063845561,56.5409735281216,15.0002704437317,15.0000399758975,""
24129.2969105244,14.9999999961299,2.25334367747555E-05,0.472138486008965,2.81667959684443E-05,0.590173107511206,56.5410003003561,15.0002698811892,15.0000394918783,""
24144.7414104939,14.9999997530934,2.25258858694609E-05,0.47248649018258,2.81573573368261E-05,0.590608112728225,56.5410616842823,15.0002693384399,15.0000390276995,""
24160.1859104633,14.9999998429967,2.25163104534349E-05,0.472834256828242,2.81453880667936E-05,0.591042821035302,56.5410681766289,15.0002710519008,15.0000408251251,""
24175.6304104328,14.9999999549935,2.25064699689164E-05,0.47318199237445,2.81330874611455E-05,0.591477490468063,56.5410222513754,15.0002727509431,15.0000426081153,""
24191.0749104023,15.0000000057623,2.24968281288051E-05,0.473529462249423,2.81210351610064E-05,0.591911827811779,56.5409342595321,15.0002727830212,15.0000427222049,""
24206.5194103718,15.0000000524538,2.24872123464998E-05,0.473876897274135,2.81090154331247E-05,0.592346121592668,56.5408060970526,15.0002728191896,15.0000428403156,""
24221.9639103413,15.000000149006,2.24802006854742E-05,0.474224109976829,2.81002508568428E-05,0.592780137471036,56.5406491684344,15.000273335078,15.0000434300255,""
24237.4084103107,15.0000002488901,2.24735312756555E-05,0.474571293460463,2.80919140945694E-05,0.593214116825578,56.5404647701742,15.0002738510304,15.0000440198799,""
24252.8529102802,15.0000003199186,2.24638442268976E-05,0.474918248274909,2.8079805283622E-05,0.593647810343636,56.5404037350656,15.0002743746011,15.0000446269275,""
24268.2974102497,15.000000389012,2.2453759829063E-05,0.475265172979229,2.80671997863288E-05,0.594081466224036,56.5404605031024,15.0002748910637,15.0000452268384,""
24283.7419102192,15.0000000035695,2.24442542100392E-05,0.475611831404242,2.8055317762549E-05,0.594514789255302,56.5404925897839,15.0002745490973,15.0000449648576,""
24299.1864101887,14.9999995875411,2.24348249460103E-05,0.475958454700541,2.80435311825129E-05,0.594948068375676,56.5405011075047,15.0002742155443,15.0000447112676,""
24314.6309101582,14.9999998204975,2.24268632834322E-05,0.476304843382504,2.80335791042903E-05,0.59538105422813,56.5405316915521,15.0002749134196,15.0000454863158,""
24330.0754101276,15.0000000972757,2.24190955984951E-05,0.47665120105473,2.80238694981189E-05,0.595814001318413,56.5405833473916,15.0002755895649,15.0000462397034,""
24345.5199100971,15.0000000971723,2.2407457216388E-05,0.476997287041015,2.8009321520485E-05,0.596246608801268,56.5405833453778,15.0002735609958,15.0000442970254,""
24360.9644100666,15.0000000783084,2.2395306267725E-05,0.477343337050026,2.79941328346562E-05,0.596679171312533,56.5405340137392,15.000271522147,15.0000423440655,""
24376.4089100361,15.0000000875863,2.23847422717986E-05,0.477689080171293,2.79809278397482E-05,0.597111350214116,56.540494855588,15.0002681839099,15.0000390914479,""
24391.8534100056,15.0000000987776,2.23743888191676E-05,0.478034782577323,2.79679860239595E-05,0.597543478221654,56.5404654124031,15.0002648790191,15.0000358721355,""
24407.2979099751,14.9999998761044,2.23660416980177E-05,0.478380233659602,2.79575521225221E-05,0.597975292074503,56.5404394073284,15.0002658557565,15.0000369291907,""
24422.7424099445,14.999999637476,2.23579612598423E-05,0.478725651335754,2.79474515748029E-05,0.598407064169692,56.5404166854074,15.0002668449817,15.0000379987493,""
24438.186909914,14.9999996009264,2.23496354268785E-05,0.479070844936075,2.79370442835982E-05,0.598838556170094,56.5404194541167,15.000269463349,15.0000406994888,""
24453.6314098835,14.9999995782106,2.23412769146699E-05,0.479416008696198,2.79265961433374E-05,0.599270010870248,56.5404465645903,15.0002720648188,15.0000433833,""
24469.075909853,14.9999997891907,2.23318293863959E-05,0.479760927819338,2.79147867329949E-05,0.599701159774173,56.5404725626343,15.0002724259551,15.0000438226663,""
24484.5204098225,15.0000000162237,2.23222365620718E-05,0.480105814303118,2.79027957025897E-05,0.600132267878897,56.5404974983858,15.0002727631997,15.0000442380951,""
24499.9649097919,15.0000001311192,2.23167883559176E-05,0.480450503404307,2.7895985444897E-05,0.600563129255384,56.5405057036554,15.0002698803322,15.0000414272252,""
24515.4094097614,15.0000002382857,2.23118941573743E-05,0.480795166121532,2.78898676967179E-05,0.600993957651915,56.5404979324877,15.0002669994743,15.0000386184418,""
24530.8539097309,15.0000000687055,2.23024278577744E-05,0.481139624882634,2.78780348222179E-05,0.601424531103292,56.540552587885,15.0002643940282,15.0000360956254,""
24546.2984097004,14.9999998799859,2.22923492676328E-05,0.481484056330165,2.7865436584541E-05,0.601855070412706,56.5406668562746,15.0002618054272,15.0000335896328,""
24561.7429096699,15.0000000890574,2.22827718126856E-05,0.481828221001912,2.78534647658569E-05,0.60228527625239,56.5406704126702,15.0002615649491,15.0000334288075,""
24577.1874096394,15.0000003257327,2.22732615943787E-05,0.482172349880708,2.78415769929734E-05,0.602715437350885,56.5405682468679,15.0002613479409,15.0000332914409,""
24592.6319096088,15.0000000537258,2.22635897097066E-05,0.482516217284222,2.78294871371333E-05,0.603145271605278,56.5405700984054,15.0002644594935,15.0000364810573,""
24608.0764095783,14.999999746301,2.22538960940704E-05,0.482860049540598,2.7817370117588E-05,0.603575061925748,56.5406712792151,15.0002675623329,15.0000396619584,""
24623.5209095478,14.9999999551359,2.22450369509912E-05,0.483203630772029,2.7806296188739E-05,0.604004538465037,56.540693122546,15.0002694075539,15.0000415849447,""
24638.9654095173,15.0000002000371,2.22362901851934E-05,0.483547178198273,2.77953627314918E-05,0.604433972747842,56.540639204143,15.0002712030412,15.0000434581506,""
24654.4099094868,15.0000004432328,2.2229647409803E-05,0.483890520039558,2.77870592622537E-05,0.604863150049447,56.5406609531392,15.0002656907596,15.0000380167047,""
24669.8544094563,15.000000686309,2.2223288502225E-05,0.484233834143571,2.77791106277813E-05,0.605292292679464,56.5407549592004,15.0002601888598,15.0000325856646,""
24685.2989094257,15.0000001904679,2.22176405352144E-05,0.484576986180206,2.7772050669018E-05,0.605721232725258,56.5408179283966,15.0002562404693,15.0000287117027,""
24700.7434093952,14.9999996426592,2.22120886653492E-05,0.484920116310351,2.77651108316865E-05,0.606150145387939,56.5408512595595,15.0002523167068,15.0000248624107,""
24716.1879093647,14.9999998014866,2.22004695763877E-05,0.485263001673355,2.77505869704846E-05,0.606578752091694,56.5408959879229,15.0002521470962,15.0000247736456,""
24731.6324093342,15.0000000101772,2.21880288683214E-05,0.485605853890142,2.77350360854018E-05,0.607007317362677,56.540951599815,15.0002519899357,15.0000246973798,""
24747.0769093037,14.999999959652,2.21751434625461E-05,0.485948360831372,2.77189293281827E-05,0.607435451039215,56.5409118930883,15.0002537667649,15.0000265627131,""
24762.5214092731,14.9999998907748,2.21621977246944E-05,0.486290820929116,2.7702747155868E-05,0.607863526161395,56.540781163753,15.0002555378162,15.000028422196,""
24777.9659092426,14.9999999891643,2.21529212226282E-05,0.4866329856352,2.76911515282853E-05,0.608291232043999,56.5406817404495,15.0002563939401,15.0000293552328,""
24793.4104092121,15.0000000994354,2.2144143444717E-05,0.486975110191518,2.76801793058963E-05,0.608718887739398,56.5406122122151,15.0002572207952,15.0000302590542,""
24808.8549091816,15.0000001285195,2.2134639852153E-05,0.487316984872936,2.76682998151913E-05,0.60914623109117,56.5405195379574,15.000253321084,15.0000264449137,""
24824.2994091511,15.0000001518176,2.21250374245685E-05,0.4876588255286,2.76562967807107E-05,0.60957353191075,56.5404047608665,15.0002494142173,15.0000226235416,""
24839.7439091206,15.0000001695887,2.21175517221552E-05,0.488000437850988,2.7646939652694E-05,0.610000547313735,56.5403907416096,15.0002443284855,15.0000176107566,""
24855.18840909,15.0000001869646,2.21103547875384E-05,0.488342019023704,2.7637943484423E-05,0.61042752377963,56.540472939037,15.0002392579358,15.0000126132034,""
24870.6329090595,15.000000266867,2.21030146670019E-05,0.488683402389617,2.76287683337524E-05,0.610854252987022,56.5405600432264,15.0002367401408,15.0000101767661,""
24886.077409029,15.0000003512549,2.20956549768342E-05,0.489024758720707,2.76195687210427E-05,0.611280948400883,56.5406518330305,15.0002342464675,15.0000077644526,""
24901.5219089985,15.0000002088297,2.20863106133808E-05,0.489365884422244,2.76078882667259E-05,0.611707355527805,56.5406790062058,15.0002358939666,15.0000094936541,""
24916.966408968,15.0000000500799,2.20766945007218E-05,0.489706978545083,2.75958681259022E-05,0.612133723181354,56.5406444750201,15.0002375313642,15.0000112128077,""
24932.4109089375,15.0000001671638,2.20628669172774E-05,0.490047746390431,2.75785836465968E-05,0.612559682988039,56.5406518028523,15.0002373973154,15.0000111699086,""
24947.8554089069,15.0000003041652,2.20484616251781E-05,0.490388469478653,2.75605770314726E-05,0.612985586848317,56.5406991031214,15.0002372428059,15.0000111064818,""
24963.2999088764,15.000000091431,2.20387520802855E-05,0.490728873855958,2.75484401003569E-05,0.613411092319947,56.5407319688865,15.0002334214827,15.0000073642245,""
24978.7444088459,14.9999998533608,2.20296878544761E-05,0.491069234434005,2.75371098180951E-05,0.613836543042506,56.5407510507092,15.0002296079417,15.0000036296792,""
24994.1889088154,15.000000161647,2.20259065354926E-05,0.491409430485821,2.75323831693658E-05,0.614261788107276,56.5407563863917,15.0002272203537,15.0000013081931,""
25009.6334087849,15.0000005096419,2.20228525547632E-05,0.491749603886049,2.75285656934541E-05,0.614687004857562,56.5407485954709,15.0002248357726,14.999998989725,""
25025.0779087543,15.0000002749211,2.20190265010463E-05,0.492089682452712,2.75237831263078E-05,0.61511210306589,56.5407777972686,15.0002230147636,14.9999972369377,""
25040.5224087238,14.9999999977117,2.20150939559738E-05,0.492429747939063,2.75188674449672E-05,0.615537184923829,56.5408423245275,15.0002212123259,14.9999955027891,""
25055.9669086933,14.9999999000073,2.20051815240941E-05,0.492769614324675,2.75064769051176E-05,0.615962017905844,56.5409090584749,15.000222972472,14.9999973441771,""
25071.4114086628,14.9999998154337,2.19944427872067E-05,0.493109453198405,2.74930534840083E-05,0.616386816498007,56.5409778996557,15.0002247513772,14.9999992043035,""
25086.8559086323,14.9999997460639,2.19842027694484E-05,0.49344900837372,2.74802534618105E-05,0.61681126046715,56.5409738104302,15.0002302153395,15.0000047454156,""
25102.3004086018,14.9999996778098,2.19740317905771E-05,0.493788524275981,2.74675397382214E-05,0.617235655344976,56.5409000777587,15.0002356988051,15.0000103061141,""
25117.7449085712,14.9999995962511,2.19598213023429E-05,0.494127701849812,2.74497766279286E-05,0.617659627312266,56.5408375020523,15.000245107809,15.0000198090865,""
25133.1894085407,14.9999995137128,2.19450505979631E-05,0.494466832502835,2.74313132474538E-05,0.618083540628543,56.5407855804684,15.0002545161998,15.0000293113961,""
25148.6339085102,14.9999996669958,2.19331739745015E-05,0.494805607223772,2.74164674681268E-05,0.618507009029715,56.5407723829915,15.0002637980712,15.0000386769473,""
25164.0784084797,14.9999998376961,2.19216994434128E-05,0.495144332492886,2.7402124304266E-05,0.618930415616107,56.5407961643331,15.0002730555388,15.0000480180882,""
25179.5229084492,15.0000000057033,2.19138737759035E-05,0.495482802961096,2.73923422198794E-05,0.619353503701369,56.5408549287626,15.0002771469267,15.000052191761,""
25194.9674084187,15.0000001735111,2.19065559870228E-05,0.495821237964035,2.73831949837784E-05,0.619776547455043,56.5409470996005,15.0002812041284,15.000056331276,""
25210.4119083881,15.0000001959526,2.18970116723553E-05,0.496159440179411,2.73712645904442E-05,0.620199300224264,56.5409735671808,15.0002778321959,15.0000530478245,""
25225.8564083576,15.000000207589,2.18871568902571E-05,0.496497609934819,2.73589461128214E-05,0.620622012418524,56.5409372927338,15.0002744397184,15.0000497437966,""
25241.3009083271,15.0000001731282,2.18772054186991E-05,0.496835511077417,2.73465067733738E-05,0.621044388846771,56.5409065474219,15.0002664607647,15.000041846282,""
25256.7454082966,15.00000013523,2.18672404403436E-05,0.497173374696805,2.73340505504295E-05,0.621466718371006,56.5408810820484,15.0002584889373,15.0000339559251,""
25272.1899082661,15.0000000144287,2.18569669172722E-05,0.497510963503932,2.73212086465902E-05,0.621888704379915,56.54091193325,15.0002521525815,15.0000277082555,""
25287.6344082356,14.999999887426,2.18466502149372E-05,0.497848513852481,2.73083127686716E-05,0.622310642315601,56.5409965628519,15.0002458359813,15.0000214803193,""
25303.078908205,14.9999999410442,2.18367749224502E-05,0.49818579150291,2.72959686530627E-05,0.622732239378638,56.5410003238519,15.0002441839377,15.0000199117129,""
25318.5234081745,15.000000008216,2.18269615144699E-05,0.498523030921775,2.72837018930874E-05,0.623153788652219,56.5409268609741,15.0002425490703,15.0000183602944,""
25333.967908144,15.0000000713387,2.18175186233539E-05,0.498860010242426,2.72718982791923E-05,0.623575012803033,56.5409165771953,15.0002450901087,15.0000209875985,""
25349.4124081135,15.0000001341565,2.18081277713204E-05,0.499196953032291,2.72601597141505E-05,0.623996191290364,56.5409666250522,15.0002476282592,15.000023612027,""
25364.856908083,14.9999999066115,2.17975235492366E-05,0.499533622761586,2.72469044365457E-05,0.624417028451983,56.5409787378426,15.0002494428253,15.0000255159655,""
25380.3014080524,14.9999996571405,2.17867486027264E-05,0.499870254070526,2.7233435753408E-05,0.624837817588157,56.5409546252888,15.0002512499114,15.0000274124215,""
25395.7459080219,14.9999998496193,2.17767313306322E-05,0.500206605344878,2.72209141632902E-05,0.625258256681098,56.5409763421058,15.0002511237715,15.0000273749848,""
25411.1904079914,15.0000000755754,2.17668208569106E-05,0.500542917146818,2.72085260711383E-05,0.625678646433522,56.5410418227773,15.000250990844,15.0000273307436,""
25426.6349079609,15.0000000672811,2.17567142696005E-05,0.500878957647507,2.71958928370007E-05,0.626098697059384,56.541085197214,15.0002490465376,15.0000254705907,""
25442.0794079304,15.0000000411871,2.17465799894012E-05,0.501214959838178,2.71832249867515E-05,0.626518699797722,56.5411074617361,15.0002470818879,15.0000235901148,""
25457.5239078999,15.0000000749776,2.17367026382112E-05,0.501550691727766,2.7170878297764E-05,0.626938364659708,56.5411459787195,15.0002395056541,15.0000161036273,""
25472.9684078693,15.0000001133327,2.1726861632571E-05,0.501886385380172,2.71585770407138E-05,0.627357981725215,56.5412000156716,15.0002319422513,15.0000086299716,""
25488.4129078388,14.999999942695,2.17165996457134E-05,0.502221806256597,2.71457495571417E-05,0.627777257820747,56.5411101104751,15.0002280414205,15.0000048191157,""
25503.8574078083,14.9999997560776,2.17062779996735E-05,0.502557188476686,2.71328474995919E-05,0.628196485595857,56.5408827505519,15.0002241588565,15.0000010265034,""
25519.3019077778,14.9999998920066,2.16967680842113E-05,0.502892304018243,2.71209601052642E-05,0.628615380022804,56.5407620608752,15.0002256784222,15.000002629224,""
25534.7464077473,15.000000052674,2.16873734083947E-05,0.503227381700023,2.71092167604934E-05,0.629034227125029,56.5407432338549,15.0002271917859,15.0000042257555,""
25550.1909077168,15.0000000759284,2.16792991593069E-05,0.503562225692953,2.70991239491337E-05,0.629452782116192,56.5407362558039,15.0002268024246,15.0000039235685,""
25565.6354076862,15.0000000886111,2.16714127029466E-05,0.503897036450365,2.70892658786833E-05,0.629871295562956,56.5407405926939,15.0002264082875,15.0000036166267,""
25581.0799076557,14.9999999373751,2.16591525247855E-05,0.504231566405056,2.70739406559818E-05,0.63028945800632,56.5407400930037,15.0002244921146,15.0000017943443,""
25596.5244076252,14.9999997734892,2.16462692018236E-05,0.504566056352456,2.70578365022795E-05,0.63070757044057,56.5407349747159,15.0002225757359,14.9999999718221,""
25611.9689075947,15.0000000277275,2.16366837705538E-05,0.504900248957172,2.70458547131922E-05,0.631125311196465,56.5407857401649,15.0002205911254,14.999998069816,""
25627.4134075642,15.0000003143324,2.16275690418157E-05,0.505234399122667,2.70344613022696E-05,0.631542998903333,56.5408898706937,15.0002186102149,14.9999961715308,""
25642.8579075336,15.0000001929452,2.16180855576056E-05,0.505568297243608,2.70226069470069E-05,0.63196037155451,56.5410146353649,15.000217907773,14.9999955589073,""
25658.3024075031,15.0000000398786,2.16085493479915E-05,0.505902159326709,2.70106866849893E-05,0.632377699158387,56.5411591042074,15.0002172129833,14.9999949539177,""
25673.7469074726,14.9999999076703,2.15995032675146E-05,0.506235771297218,2.69993790843933E-05,0.632794714121523,56.5412140749193,15.0002192783078,14.9999971025055,""
25689.1914074421,14.9999997770865,2.15905273910986E-05,0.506569347442639,2.69881592388733E-05,0.633211684303299,56.5411835811392,15.0002213472269,14.9999992546968,""
25704.6359074116,15.0000000201734,2.15812745118664E-05,0.506902676821277,2.6976593139833E-05,0.633628346026596,56.5412358593803,15.0002247722915,15.0000027663458,""
25720.0804073811,15.0000002924523,2.15719818855619E-05,0.507235970791404,2.69649773569523E-05,0.634044963489255,56.5413671791468,15.0002281900348,15.0000062706889,""
25735.5249073505,15.0000001277266,2.1561643058801E-05,0.507568997612316,2.69520538235013E-05,0.634461247015395,56.5412752780829,15.0002287128392,15.0000068861616,""
25750.96940732,14.999999928757,2.15511538471663E-05,0.507901986032173,2.69389423089579E-05,0.634877482540217,56.5409702166461,15.0002292470488,15.0000075129981,""
25766.4139072895,14.9999999015412,2.15417109568688E-05,0.508234707367626,2.6927138696086E-05,0.635293384209532,56.5408585048618,15.0002345189102,15.000012860286,""
25781.858407259,14.999999887825,2.15324187347524E-05,0.508567390243458,2.69155234184404E-05,0.635709237804323,56.5409314285638,15.0002397965453,15.0000182133769,""
25797.3029072285,14.9999997547608,2.15242039771162E-05,0.50889983889464,2.69052549713952E-05,0.6361247986183,56.5410006763891,15.00024760023,15.0000261052651,""
25812.747407198,14.9999996122877,2.15161446461799E-05,0.509232253758384,2.68951808077249E-05,0.63654031719798,56.5410664140075,15.0002553930137,15.0000339862328,""
25828.1919071674,14.9999997142698,2.15072119628658E-05,0.509564437598555,2.68840149535822E-05,0.636955546998193,56.541101132896,15.0002581486644,15.0000368210532,""
25843.6364071369,14.9999998355822,2.14981530743192E-05,0.509896588054281,2.68726913428989E-05,0.637370735067851,56.5411062310521,15.0002608993157,15.0000396509157,""
25859.0809071064,15.0000000207178,2.14867020864618E-05,0.510228457102626,2.68583776080772E-05,0.637785571378283,56.5410767923541,15.0002612023426,15.0000400534571,""
25874.5254070759,15.0000002109155,2.14749048155463E-05,0.510560285414114,2.68436310194329E-05,0.638200356767642,56.5410143733597,15.0002615037751,15.0000404543928,""
25889.9699070454,15.0000001324561,2.14612219208431E-05,0.510891766315299,2.68265274010539E-05,0.638614707894123,56.5410566042365,15.0002609751778,15.000040019509,""
25905.4144070148,15.0000000326246,2.14472655809632E-05,0.511223196836513,2.68090819762041E-05,0.639028996045641,56.5411987684765,15.000260437892,15.000039575936,""
25920.8589069843,15.0000001284958,2.1435870582317E-05,0.511554290468309,2.67948382278963E-05,0.639442863085387,56.5412122791904,15.0002550723592,15.000034303682,""
25936.3034069538,15.0000002399822,2.14248476710172E-05,0.511885335160009,2.67810595887715E-05,0.639856668950011,56.5411029347166,15.0002497082791,15.0000290328675,""
25951.7479069233,15.000000153852,2.14158453722517E-05,0.512216113801294,2.67698067153146E-05,0.640270142251617,56.541039343732,15.000245209911,15.0000246198663,""
25967.1924068928,15.0000000519068,2.14071371238265E-05,0.5125468537255,2.67589214047831E-05,0.640683567156876,56.5410194441536,15.0002407158897,15.0000202112069,""
25982.6369068623,15.0000001003476,2.13997462233516E-05,0.512877379209686,2.67496827791894E-05,0.641096724012107,56.5410458862926,15.0002390144349,15.0000185919228,""
25998.0814068317,15.0000001608596,2.13925473662533E-05,0.51320787343274,2.67406842078166E-05,0.641509841790926,56.541116581555,15.000237316166,15.0000169758359,""
26013.5259068012,14.9999999300957,2.13829272598415E-05,0.513538136208111,2.67286590748019E-05,0.641922670260139,56.5411033462747,15.0002378377626,15.0000175874555,""
26028.9704067707,14.9999996758822,2.13729535654089E-05,0.513868365183936,2.67161919567611E-05,0.642335456479919,56.5410099631467,15.0002383596071,15.0000181993159,""
26044.4149067402,14.9999998473056,2.13637739232706E-05,0.514198337638239,2.67047174040883E-05,0.642747922047799,56.5409482061239,15.0002390702267,15.0000189944286,""
26059.8594067097,15.0000000530972,2.13547104434715E-05,0.51452827256587,2.66933880543394E-05,0.643160340707338,56.5409166498384,15.0002397745776,15.0000197832634,""
26075.3039066792,14.9999999309512,2.13477674960219E-05,0.514857996045041,2.66847093700274E-05,0.643572495056302,56.5409607397431,15.0002352217707,15.0000153073714,""
26090.7484066486,14.9999997822474,2.13411353037497E-05,0.515187688537321,2.66764191296871E-05,0.643984610671652,56.5410770665134,15.0002306695998,15.0000108321183,""
26106.1929066181,14.9999997213456,2.13338477206459E-05,0.515517192251517,2.66673096508074E-05,0.644396490314397,56.5410670940562,15.0002267112345,15.0000069533643,""
26121.6374065876,14.9999996675755,2.1326463925344E-05,0.515846668252853,2.66580799066799E-05,0.644808335316066,56.5409365145958,15.0002227583271,15.0000030800681,""
26137.0819065571,14.9999996760392,2.13166571067851E-05,0.516175907971228,2.66458213834814E-05,0.645219884964035,56.5409062353447,15.000224551739,15.0000049531258,""
26152.5264065266,14.9999996895727,2.1306493966236E-05,0.516505112942593,2.6633117457795E-05,0.645631391178241,56.5409717358435,15.0002263476396,15.0000068286722,""
26167.970906496,14.9999999980621,2.1298429257088E-05,0.516834076678337,2.662303657136E-05,0.646042595847921,56.5410194186655,15.0002311474264,15.0000117081099,""
26183.4154064655,15.0000003306501,2.12906736729266E-05,0.51716300487708,2.66133420911582E-05,0.646453756096351,56.5410500868406,15.0002359455095,15.0000165858493,""
26198.859906435,15.0000001744193,2.1280002906093E-05,0.517491679271201,2.66000036326163E-05,0.646864599089002,56.5411199262793,15.0002383348205,15.0000190624698,""
26214.3044064045,14.9999999781337,2.12689019511255E-05,0.517820316211841,2.65861274389069E-05,0.647275395264802,56.5412271715604,15.0002407236225,15.00002153858,""
26229.748906374,14.999999976623,2.12578837940457E-05,0.518148655665456,2.65723547425571E-05,0.647685819581821,56.541207494207,15.0002422439452,15.0000231439161,""
26245.1934063435,14.9999999911192,2.12468778764823E-05,0.518476951143344,2.65585973456029E-05,0.64809618892918,56.5410666145325,15.0002437618085,15.000024746792,""
26260.6379063129,15.0000000967677,2.1236635837904E-05,0.518804962278019,2.654579479738E-05,0.648506202847523,56.5410523553686,15.0002399894509,15.0000210577445,""
26276.0824062824,15.0000002099291,2.12265069145206E-05,0.519132931307152,2.65331336431508E-05,0.64891616413394,56.541159010026,15.0002362161398,15.0000173677456,""
26291.5269062519,15.0000002959009,2.12155952984897E-05,0.519460615763262,2.65194941231122E-05,0.649325769704077,56.5412719940295,15.0002296686648,15.00001090984,""
26306.9714062214,15.0000003796252,2.12045675808817E-05,0.519788258006918,2.65057094761021E-05,0.649735322508647,56.5413910221204,15.000223122966,15.0000044537091,""
26322.4159061909,14.9999999642634,2.11964314451634E-05,0.520115648317627,2.64955393064542E-05,0.650144560397034,56.5414488967788,15.0002245561277,15.0000059705294,""
26337.8604061604,14.999999507527,2.11887249762678E-05,0.520443001193039,2.64859062203348E-05,0.650553751491299,56.5414483741431,15.0002259896976,15.0000074877578,""
26353.3049061298,14.9999997778154,2.11785635938926E-05,0.520770108926528,2.64732044923658E-05,0.65096263615816,56.5414773239746,15.0002314447755,15.0000130260558,""
26368.7497081757,15.0000001085559,2.11680365951306E-05,0.521097186568109,2.64600457439132E-05,0.651371483210137,56.5415344190886,15.0002368999601,15.0000185644621,""
26384.1942083836,15.0000000014493,2.11581988184221E-05,0.521423985456441,2.64477485230276E-05,0.651779981820551,56.5415298615528,15.0002414332947,15.0000231882114,""
26399.6405777931,14.9999998578278,2.11484625815308E-05,0.521750783287957,2.64355782269134E-05,0.652188479109946,56.5414664280007,15.000245967178,15.0000278125202,""
26415.0850777626,14.9999999038823,2.11399158906254E-05,0.52207729822677,2.64248948632817E-05,0.652596622783463,56.5414299400346,15.0002475079014,15.0000294334298,""
26430.5314471722,14.9999999657726,2.11315454624464E-05,0.522403816382738,2.64144318280581E-05,0.653004770478423,56.541419160131,15.0002490488113,15.0000310545356,""
26445.9759471416,15.0000001315227,2.11227318638764E-05,0.522730063193446,2.64034148298456E-05,0.653412578991808,56.5414955468778,15.0002468323606,15.0000289206819,""
26461.4223167896,15.0000003059725,2.11138508859264E-05,0.523056314889233,2.63923136074079E-05,0.653820393611541,56.5416551026926,15.0002446156415,15.0000267865699,""
26476.8668167591,15.0000002581802,2.11057169612838E-05,0.523382299948577,2.63821462016047E-05,0.654227874935721,56.5417278639155,15.0002426593943,15.0000249103161,""
26492.3131864071,15.0000001917905,2.10976934916786E-05,0.523708290538266,2.63721168645982E-05,0.654635363172832,56.5417178863689,15.0002407029103,15.0000230338353,""
26507.7576863766,15.0000001897147,2.10888009386792E-05,0.524034012624775,2.6361001173349E-05,0.655042515780968,56.5416553669446,15.0002407390133,15.0000231512652,""
26523.2040560246,15.0000001930249,2.10797772498943E-05,0.524359739904055,2.63497215623679E-05,0.655449674880069,56.5415427599367,15.0002407751208,15.0000232687094,""
26538.648555994,14.9999999432644,2.10704028753506E-05,0.524685179860001,2.63380035941882E-05,0.655856474825001,56.5414545361395,15.0002451213516,15.0000276978742,""
26554.094925642,14.9999996722514,2.10609747467427E-05,0.52501062213251,2.63262184334283E-05,0.656263277665638,56.5413895176145,15.0002494681086,15.0000321275753,""
26569.5394256115,14.9999999037955,2.10482806201344E-05,0.525335721239701,2.6310350775168E-05,0.656669651549627,56.5413773510308,15.0002533166856,15.0000360696486,""
26584.9857952595,15.0000001775583,2.10350959395903E-05,0.525660814234761,2.62938699244878E-05,0.657076017793451,56.5414155010819,15.0002571657286,15.0000400121992,""
26600.430295229,15.000000152372,2.10236395862294E-05,0.525985540343445,2.62795494827867E-05,0.657481925429306,56.5414522726222,15.0002549966931,15.0000379288935,""
26615.8766648769,15.0000001020572,2.10124404658626E-05,0.526310256706316,2.62655505823283E-05,0.657887820882895,56.541487741027,15.0002528273951,15.0000358453356,""
26631.3211648464,15.0000000226901,2.10035080845386E-05,0.52663466791592,2.62543851056732E-05,0.6582933348949,56.5415453932209,15.0002510048759,15.0000341100275,""
26646.7675344944,14.9999999408679,2.09949141372021E-05,0.526959078555067,2.62436426715026E-05,0.658698848193834,56.5416241594162,15.0002491821361,15.0000323745093,""
26662.2120344639,14.9999997613837,2.09853435427687E-05,0.527283203987139,2.62316794284609E-05,0.659104004983924,56.5416325112441,15.0002518268031,15.0000351049648,""
26677.6584038734,14.9999995736487,2.09756251682487E-05,0.527607331769156,2.62195314603109E-05,0.659509164711445,56.5415739219974,15.0002544717903,15.0000378357508,""
26693.1029038429,14.9999998730267,2.09672248716689E-05,0.52793117964482,2.62090310895861E-05,0.659913974556025,56.5415514333868,15.0002542972045,15.0000377418676,""
26708.5492734909,15.0000002135272,2.09590211785594E-05,0.528255030607582,2.61987764731992E-05,0.660318788259478,56.5415632437741,15.0002541225977,15.000037647973,""
26723.9937734604,14.9999999308821,2.09502635139816E-05,0.528578613479924,2.6187829392477E-05,0.660723266849905,56.541547029299,15.0002489336399,15.0000325435753,""
26739.4401431084,14.9999995955825,2.0941421454943E-05,0.528902201153998,2.61767768186788E-05,0.661127751442498,56.5415041935225,15.000243744054,15.0000274385596,""
26754.8846433163,14.9999996651612,2.09309961849387E-05,0.529225487751714,2.61637452311734E-05,0.661531859689643,56.5415519278525,15.0002449266478,15.0000287120264,""
26770.3310127258,14.9999997689762,2.09203316018269E-05,0.529548774121202,2.61504145022836E-05,0.661935967651502,56.5416856535153,15.0002461093848,15.0000299856474,""
26785.7755126953,15.0000000430244,2.09100887728994E-05,0.529871741498583,2.61376109661242E-05,0.662339676873229,56.5417345010894,15.0002482353793,15.0000321935627,""
26801.2218823433,15.0000003315164,2.08999079228442E-05,0.530194705894498,2.61248849035552E-05,0.662743382368122,56.5417028226962,15.0002503616312,15.0000344017454,""
26816.6663823128,15.0000002463227,2.08907517820602E-05,0.530517373658408,2.61134397275752E-05,0.663146717073009,56.541699073278,15.0002523775122,15.00003650501,""
26832.1127519608,15.0000001294541,2.08817485170216E-05,0.53084004173648,2.6102185646277E-05,0.6635500521706,56.5417218108462,15.0002543936373,15.0000386085291,""
26847.5572519302,15.0000000361418,2.08724708423723E-05,0.531162424792033,2.60905885529653E-05,0.663953030990042,56.5417901603084,15.000257466389,15.0000417636177,""
26863.0036215782,14.9999999448157,2.08631505684514E-05,0.531484809844722,2.60789382105643E-05,0.664356012305903,56.5419017633023,15.0002605395126,15.0000449190882,""
26878.4481217861,15.0000000587945,2.085379988874E-05,0.531806905192758,2.60672498609249E-05,0.664758631490947,56.5420010485871,15.0002643534894,15.0000488166791,""
26893.8944909573,15.0000001902248,2.08444433270528E-05,0.532129001753097,2.6055554158816E-05,0.665161252191371,56.5420886864605,15.0002681679277,15.0000527147417,""
26909.3389909267,15.0000000984698,2.08361942614578E-05,0.532450825271653,2.60452428268222E-05,0.665563531589566,56.5421890899943,15.0002738931579,15.0000585247379,""
26924.7853605747,14.9999999877256,2.08281109735792E-05,0.532772652466015,2.6035138716974E-05,0.665965815582519,56.5423016065713,15.0002796190812,15.0000643354375,""
26940.2298605442,14.9999999904203,2.08165789714651E-05,0.533094170464473,2.60207237143313E-05,0.666367713080592,56.5422991242774,15.0002822509939,15.0000670543343,""
26955.6762301922,15.0000000027721,2.08045252227529E-05,0.533415686622168,2.60056565284411E-05,0.66676960827771,56.5421877875288,15.0002848832251,15.0000697735601,""
26971.1207301617,14.9999999389566,2.07940823930541E-05,0.533736865224623,2.59926029913177E-05,0.667171081530779,56.542176569127,15.0002850060798,15.000069983167,""
26986.5670998096,14.9999998686414,2.07838812256427E-05,0.534058037632883,2.59798515320534E-05,0.667572547041103,56.5422600706656,15.0002851289495,15.0000701927993,""
27002.0115997791,14.9999998382349,2.07748457940385E-05,0.534378915397179,2.59685572425482E-05,0.667973644246473,56.5422651003925,15.0002858769321,15.0000710262581,""
27017.4579694271,14.9999998112296,2.07659851474293E-05,0.534699793376658,2.59574814342867E-05,0.668374741720823,56.5421959246103,15.0002866250053,15.0000718598178,""
27032.9024693966,14.9999999703369,2.07567440902239E-05,0.535020388862339,2.59459301127799E-05,0.668775486077923,56.5422210026004,15.0002842532339,15.0000695738392,""
27048.3488390446,15.0000001453633,2.07474442605429E-05,0.535340986335102,2.59343053256786E-05,0.669176232918877,56.542335174182,15.0002818811753,15.0000672875838,""
27063.7933390141,15.0000001616859,2.07377201280608E-05,0.535661288905486,2.5922150160076E-05,0.669576611131858,56.542449431417,15.0002751518454,15.000060641861,""
27079.239708662,15.0000001644381,2.0727930481868E-05,0.535981591522205,2.5909913102335E-05,0.669976989402756,56.5425637964706,15.0002684217008,15.0000539953336,""
27094.6842086315,14.9999999320728,2.07184512986189E-05,0.536301597500306,2.58980641232737E-05,0.670376996875383,56.5426201313663,15.0002630811421,15.0000487427752,""
27110.1305780411,14.9999996795464,2.07090177693551E-05,0.536621603190916,2.58862722116939E-05,0.670777003988645,56.542621683153,15.000257739937,15.000043489581,""
27125.5750780106,14.9999999983004,2.06988519256239E-05,0.53694130575326,2.58735649070298E-05,0.671176632191576,56.5425547787383,15.0002560286933,15.0000418594528,""
27141.0214476585,15.0000003660653,2.06885737900814E-05,0.537261006982433,2.58607172376017E-05,0.671576258728041,56.5424232484854,15.0002543172425,15.0000402291272,""
27156.465947628,15.000000294959,2.06793886543365E-05,0.537580410672784,2.58492358179206E-05,0.671975513340979,56.5423489129987,15.0002516396048,15.0000376412185,""
27171.912317276,15.0000001861809,2.06703678280735E-05,0.537899813810191,2.58379597850918E-05,0.672374767262739,56.5423285152347,15.000248961643,15.0000350529965,""
27187.3568172455,14.9999999862423,2.06625445386927E-05,0.538218954808803,2.58281806733658E-05,0.672773693511004,56.5423359414782,15.0002449106784,15.0000310817843,""
27202.8031868935,14.9999997784453,2.06549017021946E-05,0.538538100559276,2.58186271277432E-05,0.673172625699095,56.5423696047849,15.0002408592234,15.0000271100915,""
27218.2476871014,14.9999998130172,2.06451580938724E-05,0.538856970241788,2.58064476173405E-05,0.673571212802235,56.542409448368,15.0002347545631,15.0000210849062,""
27233.6940565109,14.9999998684407,2.0635094451864E-05,0.539175842493069,2.57938680648301E-05,0.673969803116336,56.5424551258908,15.0002286491639,15.0000150589917,""
27249.1385564804,15.0000002848517,2.0626387713361E-05,0.539494427209355,2.57829846417012E-05,0.674368034011694,56.542506778007,15.0002232288952,15.0000097255755,""
27264.5849261284,15.0000007324029,2.06178857274151E-05,0.539813012700867,2.57723571592689E-05,0.674766265876084,56.5425640702648,15.0002178079702,15.0000043915138,""
27280.0294260979,15.0000002190104,2.06081005256613E-05,0.540131311809865,2.57601256570766E-05,0.675164139762331,56.5426105110093,15.0002178498102,15.0000045143879,""
27295.4757957459,14.9999996227066,2.0598119053436E-05,0.540449611805882,2.5747648816795E-05,0.675562014757352,56.5426467456196,15.0002178916553,15.0000046372769,""
27310.9202957153,14.9999998911724,2.05885312333869E-05,0.540767611701749,2.57356640417336E-05,0.675959514627186,56.5426477377834,15.000225556923,15.0000123892315,""
27326.3666653633,15.0000002343113,2.05790019057942E-05,0.541085610333953,2.57237523822428E-05,0.676357012917441,56.5426155643594,15.0002332231187,15.0000201421246,""
27341.8111655712,14.9999998394311,2.05691447778965E-05,0.541403309909602,2.57114309723706E-05,0.676754137387002,56.5425681095883,15.0002396207347,15.0000266205906,""
27357.2575347424,14.9999993807281,2.05592364228848E-05,0.541721008297547,2.56990455286059E-05,0.677151260371934,56.542506269731,15.0002460191249,15.0000330998406,""
27372.7020347118,14.999999749589,2.05495120813961E-05,0.542038405435326,2.56868901017452E-05,0.677548006794158,56.5424045291471,15.0002495257889,15.0000366936066,""
27388.1484043598,15.0000001900882,2.05398143868006E-05,0.542355800998031,2.56747679835007E-05,0.677944751247539,56.5422652514294,15.0002530328775,15.0000402878078,""
27403.5929043293,15.0000000348502,2.05304097587607E-05,0.54267290269167,2.56630121984509E-05,0.678341128364588,56.5421613386602,15.0002525028574,15.0000398428446,""
27419.0392739773,14.9999998279977,2.05210484462317E-05,0.542990003868951,2.56513105577896E-05,0.678737504836189,56.5420906342412,15.0002519727732,15.0000393978276,""
27434.4837739468,14.999999790699,2.05112653053059E-05,0.543306809209474,2.56390816316324E-05,0.679133511511842,56.542037936486,15.000254128187,15.0000416355233,""
27449.9301435947,14.9999997680965,2.05014165237095E-05,0.543623613667641,2.56267706546369E-05,0.679529517084552,56.5420021391789,15.0002562838617,15.0000438734898,""
27465.3746435642,15.0000000309341,2.049108918546E-05,0.543940108403968,2.56138614818249E-05,0.67992513550496,56.542046871417,15.0002579218441,15.0000456001515,""
27480.8210132122,15.0000003185832,2.04806874400469E-05,0.544256600072496,2.56008593000586E-05,0.680320750090619,56.5421672151515,15.0002595600248,15.0000473270222,""
27496.2655131817,15.0000002112735,2.04711083227749E-05,0.544572787357225,2.55888854034687E-05,0.680715984196531,56.5421345739833,15.000259148426,15.0000469976163,""
27511.7118828297,15.0000000696272,2.04616533764187E-05,0.544888972319292,2.55770667205233E-05,0.681111215399115,56.5419583727935,15.0002587367774,15.0000466681705,""
27527.1563827991,14.9999999829447,2.04528165667429E-05,0.545204875172987,2.55660207084286E-05,0.681506093966234,56.541913380222,15.000254327931,15.0000423423273,""
27542.6027524471,14.9999999010327,2.04440728925173E-05,0.54552077903916,2.55550911156466E-05,0.68190097379895,56.5419914361622,15.000249918551,15.0000380159605,""
27558.0472524166,15.0000000204888,2.04334735841943E-05,0.545836381702346,2.55418419802429E-05,0.682295477127933,56.5420413366272,15.0002448254379,15.0000330179271,""
27573.4936218262,15.0000001574997,2.04225893239302E-05,0.546151982390568,2.55282366549128E-05,0.682689977988211,56.5420648548936,15.0002397317083,15.0000280192888,""
27588.9381220341,15.0000001213562,2.04181903450188E-05,0.546467353419689,2.55227379312735E-05,0.683084191774612,56.542115871553,15.0002351356413,15.0000234794326,""
27604.3844914436,15.0000000701093,2.04147820968262E-05,0.546782733345826,2.55184776210328E-05,0.683478416682283,56.5421926656125,15.000230539018,15.0000189390269,""
27619.8289914131,15.0000000467471,2.04022021183843E-05,0.54709784212081,2.55027526479804E-05,0.683872302651012,56.5421622283041,15.0002282483979,15.0000167584528,""
27635.2753610611,15.0000000258161,2.03882174949547E-05,0.547412953401519,2.54852718686934E-05,0.684266191751899,56.5420313589158,15.0002259575005,15.0000145776148,""
27650.7198610306,14.9999997719586,2.03720623408684E-05,0.547727618365261,2.54650779260855E-05,0.684659522956576,56.5420414117692,15.0002311557583,15.0000198657042,""
27666.1662306786,14.9999994977109,2.03555727206138E-05,0.548042258940803,2.54444659007673E-05,0.685052823676003,56.5421833803329,15.0002363546454,15.0000251544337,""
27681.610730648,14.99999985614,2.03465383892074E-05,0.548356534865028,2.54331729865092E-05,0.685445668581285,56.5422770600977,15.0002407697618,15.0000296573706,""
27697.057100296,15.0000002699719,2.03386445932767E-05,0.548670798814324,2.54233057415958E-05,0.685838498517906,56.5423255819314,15.0002451854126,15.0000341608527,""
27712.5016005039,15.0000001099982,2.03334620353686E-05,0.548984855167171,2.54168275442108E-05,0.686231068958964,56.5423359513617,15.0002477751266,15.0000368235312,""
27727.9479699135,14.9999998997421,2.03286942510396E-05,0.54929892354085,2.54108678137996E-05,0.686623654426062,56.5423106444348,15.0002503651539,15.0000394865319,""
27743.392469883,14.9999999709907,2.03201507691345E-05,0.54961276788722,2.54001884614182E-05,0.687015959859024,56.5422801197217,15.0002534289942,15.0000426398202,""
27758.8388395309,15.0000000669344,2.03110271014783E-05,0.549926621698377,2.53887838768479E-05,0.687408277122971,56.5422447107341,15.0002564932053,15.0000457934902,""
27774.2833395004,15.0000001366091,2.03025173957795E-05,0.550240202661836,2.53781467447244E-05,0.687800253327295,56.5421514532346,15.0002552840041,15.0000446629787,""
27789.7297091484,15.0000002039867,2.02941007110057E-05,0.55055378554471,2.53676258887572E-05,0.688192231930887,56.5420041284284,15.0002540746565,15.0000435323303,""
27805.1742091179,15.0000002627318,2.02850747737116E-05,0.550867095671655,2.53563434671395E-05,0.688583869589569,56.5419748359042,15.000250996154,15.0000405341718,""
27820.6205785275,15.0000003207259,2.02759540302717E-05,0.551180407666575,2.53449425378397E-05,0.688975509583219,56.5420557557496,15.000247917279,15.0000375356505,""
27836.0650784969,15.0000000722312,2.02661177070243E-05,0.551493426467667,2.53326471337804E-05,0.689366783084584,56.542075194351,15.0002455564112,15.0000352604292,""
27851.5114481449,14.9999997967362,2.0256170068815E-05,0.551806443937198,2.53202125860187E-05,0.689758054921498,56.5420372537789,15.0002431952577,15.0000329849324,""
27866.9559481144,14.9999999533063,2.02452382007086E-05,0.552119141975295,2.53065477508858E-05,0.690148927469119,56.5419460999259,15.0002444628264,15.0000343384066,""
27882.4023177624,15.0000001479567,2.02341534933676E-05,0.552431834579217,2.52926918667095E-05,0.690539793224022,56.5418052820253,15.0002457305485,15.0000356920447,""
27897.8468177319,15.0000001422381,2.02233914415555E-05,0.552744197558085,2.52792393019443E-05,0.690930246947606,56.5417645477065,15.0002459507958,15.0000360011034,""
27913.2931873798,15.0000001188489,2.02126775219686E-05,0.553056553460415,2.52658469024607E-05,0.691320691825519,56.5418171266674,15.0002461710697,15.0000363101995,""
27928.7376873493,15.0000000939421,2.02025086144393E-05,0.553368593163909,2.52531357680491E-05,0.691710741454886,56.5418368897271,15.0002455722334,15.0000357968615,""
27944.1840569973,15.000000068898,2.01924221810395E-05,0.553680627783986,2.52405277262993E-05,0.692100784729982,56.5418260730953,15.0002449733245,15.0000352834614,""
27959.6285569668,14.9999999297856,2.01829907496396E-05,0.553992364763447,2.52287384370495E-05,0.692490455954308,56.5418022334795,15.0002450619338,15.0000354575178,""
27975.0749266148,14.9999997805729,2.01736588900578E-05,0.55430409944857,2.52170736125723E-05,0.692880124310713,56.5417662567929,15.0002451505538,15.0000356315954,""
27990.5194265842,14.9999999286435,2.01658780882642E-05,0.554615570588974,2.52073476103303E-05,0.693269463236217,56.5417631694739,15.0002474747754,15.0000380340151,""
28005.9657962322,15.0000001030383,2.01583352587414E-05,0.55492704462765,2.51979190734267E-05,0.693658805784562,56.5417907045103,15.0002497992784,15.0000404367256,""
28021.4102962017,15.0000000167343,2.01471357951861E-05,0.555238222615926,2.51839197439827E-05,0.694047778269908,56.5418049022728,15.0002518762128,15.0000426136361,""
28036.8566656113,14.9999999073254,2.01353708256006E-05,0.555549398421532,2.51692135320007E-05,0.694436748026915,56.5418066911239,15.0002539533987,15.00004479081,""
28052.3011655808,15.0000000687058,2.01259424280895E-05,0.555860257818469,2.51574280351118E-05,0.694825322273086,56.541773542397,15.0002493781189,15.0000402904623,""
28067.7475352287,15.0000002541215,2.01168732968533E-05,0.556171111825354,2.51460916210666E-05,0.695213889781692,56.5417078872996,15.0002448022853,15.0000357895699,""
28083.1920354366,15.0000000577721,2.01076828187267E-05,0.556481683660435,2.51346035234084E-05,0.695602104575544,56.5417148180715,15.0002379650689,15.0000290403083,""
28098.6384048462,14.9999998275033,2.00984723182301E-05,0.556792255315332,2.51230903977877E-05,0.695990319144165,56.5417892364644,15.000231127025,15.0000222902299,""
28114.0829048157,14.9999998619978,2.00891949308506E-05,0.557102541911796,2.51114936635632E-05,0.696378177389745,56.5419073070641,15.0002275071266,15.0000187535417,""
28129.5292744637,14.9999999200291,2.00799059117078E-05,0.557412827827903,2.50998823896347E-05,0.696766034784878,56.542065970779,15.0002238867901,15.0000152164255,""
28144.9737744331,15.0000000943983,2.00720672867544E-05,0.55772285007144,2.50900841084429E-05,0.6971535625893,56.5420368417057,15.000220196357,15.0000116007321,""
28160.4201440811,15.0000002791423,2.00644518179102E-05,0.558032874880826,2.50805647723877E-05,0.697541093601032,56.5418332765518,15.0002165054771,15.000007984601,""
28175.8646440506,14.9999999263666,2.00580482826886E-05,0.558342677157172,2.50725603533607E-05,0.697928346446466,56.5418129817104,15.0002185471097,15.0000101046406,""
28191.3110136986,14.999999525663,2.00518313529217E-05,0.55865248831133,2.50647891911521E-05,0.698315610389162,56.5419628282349,15.0002205889894,15.0000122249368,""
28206.7555139065,14.9999997806625,2.00458531428029E-05,0.558962099358073,2.50573164285036E-05,0.698702624197591,56.5420301708203,15.0002266356243,15.0000183393791,""
28222.201883316,15.0000000941695,2.00399110532093E-05,0.559271722699237,2.50498888165116E-05,0.699089653374046,56.5420209705187,15.0002326829911,15.0000244545613,""
28237.6463832855,15.0000002397333,2.00344242935056E-05,0.559581156666712,2.50430303668821E-05,0.69947644583339,56.5420199737077,15.0002367169666,15.0000285563652,""
28253.0927526951,15.0000003703229,2.00290073006389E-05,0.559890604555488,2.50362591257987E-05,0.69986325569436,56.5420265853106,15.0002407514304,15.0000326586656,""
28268.5372526646,15.0000002837214,2.00207127144284E-05,0.560199825668542,2.50258908930355E-05,0.700249782085677,56.5420262968469,15.0002427133007,15.0000346908273,""
28283.9836223125,15.0000001776968,2.00119709277481E-05,0.560509054865584,2.50149636596851E-05,0.70063631858198,56.5420196116828,15.0002446754086,15.0000367232351,""
28299.428122282,15.0000001123075,2.00104511529761E-05,0.560818124405783,2.50130639412201E-05,0.701022655507229,56.5420008075633,15.0002476745155,15.0000397652741,""
28314.87449193,15.0000000505455,2.00100513173569E-05,0.561127212401326,2.50125641466961E-05,0.701409015501658,56.5419707697562,15.0002506739856,15.0000428076815,""
28330.3189918995,14.9999997766261,2.00201642136957E-05,0.561436414671785,2.50252052671196E-05,0.701795518339731,56.5418965989348,15.0002521333179,15.0000442707576,""
28345.7653615475,14.9999994836667,2.00319101013289E-05,0.561745677918447,2.50398876266611E-05,0.702182097398059,56.5417815374376,15.0002535928268,15.0000457340109,""
28361.209861517,14.9999995867408,2.00423021825192E-05,0.562055196882235,2.5052877728149E-05,0.702568996102793,56.5417697724483,15.0002551313956,15.0000472791266,""
28376.6562311649,14.9999997253421,2.00524854739954E-05,0.562364798846997,2.50656068424942E-05,0.702955998558746,56.5418536254348,15.0002566701506,15.0000488244294,""
28392.1007311344,14.9999999623435,2.00566952594424E-05,0.562674543328196,2.5070869074303E-05,0.703343179160245,56.5418953325207,15.0002554852552,15.0000476437673,""
28407.5471007824,15.0000002082098,2.00599773779474E-05,0.562984353279681,2.50749717224343E-05,0.703730441599601,56.5418980541331,15.0002543002163,15.0000464629621,""
28422.9916007519,15.000000011334,2.00571196287191E-05,0.563294118637011,2.50713995358988E-05,0.704117648296264,56.5418425860946,15.0002520756639,15.0000442548615,""
28438.4379703999,14.999999774642,2.0053306772206E-05,0.563603920390717,2.50666334652575E-05,0.704504900488396,56.5417332916726,15.0002498508422,15.0000420464936,""
28453.8824703693,15.0000000777753,2.00466899407463E-05,0.563913539412293,2.50583624259329E-05,0.704891924265366,56.5416848481081,15.0002472289165,15.0000394496875,""
28469.3288400173,15.0000004295173,2.00396359106441E-05,0.564223173316067,2.50495448883051E-05,0.705278966645084,56.5416926405009,15.0002446066733,15.0000368525672,""
28484.7733399868,14.9999998212075,2.00318955661828E-05,0.564532570592653,2.50398694577285E-05,0.705665713240817,56.5416286160948,15.0002454715356,15.0000377514,""
28500.2197093964,14.9999991263449,2.00240472875619E-05,0.564841974310589,2.50300591094523E-05,0.706052467888236,56.5414982254007,15.0002463365026,15.0000386503417,""
28515.6642093658,14.9999996459567,2.00162457415274E-05,0.565151131544881,2.50203071769093E-05,0.706438914431101,56.5415188997449,15.0002474232594,15.000039770943,""
28531.1105790138,15.0000002751464,2.00084503842459E-05,0.56546029363599,2.50105629803074E-05,0.706825367044988,56.5416790798881,15.0002485101477,15.00004089168,""
28546.5550792217,15.0000002580248,2.00002082004432E-05,0.565769203081224,2.5000260250554E-05,0.70721150385153,56.5417318281309,15.0002456444421,15.0000380705884,""
28562.0014486313,15.0000001825588,1.99918952103941E-05,0.566078116358031,2.49898690129926E-05,0.707597645447538,56.5416854287842,15.0002427783896,15.0000352491554,""
28577.4459486008,15.000000179179,1.99819052311242E-05,0.5663867442033,2.49773815389052E-05,0.707983430254125,56.5417079745586,15.0002407793634,15.0000332989543,""
28592.8923182487,15.0000001823131,1.99716522737188E-05,0.566695370715249,2.49645653421485E-05,0.708369213394062,56.5417941312163,15.0002387800951,15.0000313485172,""
28608.3368182182,15.0000000017037,1.99651882741534E-05,0.56700374443554,2.49564853426918E-05,0.708754680544425,56.5417892245664,15.00024153387,15.0000341457889,""
28623.7831878662,14.9999998044476,1.99593147497874E-05,0.567312121857852,2.49491434372343E-05,0.709140152322315,56.541700346643,15.0002442879782,15.0000369433993,""
28639.2276878357,14.999999748754,1.99523213418062E-05,0.567620287728304,2.49404016772578E-05,0.709525359660379,56.5416922426628,15.0002541775264,15.0000468840017,""
28654.6740574837,14.9999997058739,1.99451520542128E-05,0.567928463691341,2.4931440067766E-05,0.709910579614176,56.5417585829144,15.0002640682718,15.0000568258075,""
28670.1185576916,14.9999999376896,1.99381086057865E-05,0.568236412769474,2.49226357572332E-05,0.710295515961842,56.541839866389,15.0002712601559,15.0000640701872,""
28685.5649271011,15.0000001944416,1.99310838372579E-05,0.568544369486365,2.49138547965724E-05,0.710680461857956,56.5419349346579,15.0002784529104,15.0000713154436,""
28701.0094270706,15.0000001588642,1.99241027345386E-05,0.568852101952409,2.49051284181732E-05,0.711065127440511,56.5419634295894,15.0002798858215,15.0000727967489,""
28716.4557964802,15.0000000967484,1.99171274828419E-05,0.569159842424988,2.48964093535523E-05,0.711449803031235,56.5419306326502,15.0002813189061,15.0000742782336,""
28731.9002964497,14.9999998852616,1.99107467539264E-05,0.569467368519953,2.48884334424081E-05,0.711834210649941,56.5419187658901,15.0002799710661,15.0000729841177,""
28747.3466660976,14.9999996601741,1.99044581574537E-05,0.569774904123882,2.48805726968171E-05,0.712218630154852,56.5419261588339,15.0002786230629,15.0000716898451,""
28762.7911660671,15.000000115016,1.98982359340487E-05,0.570082235567862,2.48727949175609E-05,0.712602794459827,56.5419103644867,15.0002741284149,15.0000672450176,""
28778.2375357151,15.000000631768,1.98920232314337E-05,0.570389578076725,2.48650290392921E-05,0.712986972595907,56.54187323709,15.0002696332228,15.0000627996521,""
28793.6820356846,15.0000003006032,1.98866403909677E-05,0.570696730282933,2.48583004887096E-05,0.713370912853667,56.5419214820536,15.0002658260185,15.0000590416133,""
28809.1284053326,14.9999998921792,1.9881386808837E-05,0.571003895683563,2.48517335110463E-05,0.713754869604453,56.542048231934,15.0002620183533,15.0000552831195,""
28824.572905302,14.9999999672507,1.98756879718459E-05,0.571310876734057,2.48446099648073E-05,0.714138595917571,56.542017605417,15.0002606628958,15.0000539774208,""
28840.01927495,15.0000000864096,1.98699185364454E-05,0.571617871873157,2.48373981705567E-05,0.714522339841447,56.5418423457519,15.0002593072743,15.0000526715641,""
28855.4637749195,15.0000002649008,1.98615503932511E-05,0.57192463565812,2.48269379915638E-05,0.71490579457265,56.5418047083342,15.0002560403192,15.0000494636603,""
28870.9101445675,15.0000004488305,1.98527734371696E-05,0.572231406113657,2.4815966796462E-05,0.715289257642072,56.5418934731689,15.0002527729685,15.0000462553681,""
28886.354644537,14.9999999667636,1.98479276922691E-05,0.572537965816746,2.48099096153364E-05,0.715672457270933,56.5418589122405,15.0002520886513,15.0000456144419,""
28901.801014185,14.9999994237852,1.98436983151206E-05,0.572844535376461,2.48046228939007E-05,0.716055669220576,56.5417111190692,15.0002514042512,15.0000449734382,""
28917.2455141544,14.9999997035019,1.98383467997369E-05,0.573150937582229,2.47979334996711E-05,0.716438671977786,56.5416770973376,15.0002548892369,15.0000485140137,""
28932.6918838024,15.0000000585017,1.98328182929935E-05,0.573457356421669,2.47910228662419E-05,0.716821695527086,56.5417474695385,15.0002583746445,15.0000520550178,""
28948.1363837719,14.999999859858,1.98253095733243E-05,0.573763560000744,2.47816369666554E-05,0.71720445000093,56.5417831253539,15.000262484835,15.000056218624,""
28963.5827531815,14.9999996104949,1.98174885978788E-05,0.574069772639354,2.47718607473485E-05,0.717587215799193,56.5417869475668,15.0002665955231,15.0000603827342,""
28979.0272531509,14.9999996492135,1.98106903202597E-05,0.574375755250234,2.47633629003247E-05,0.717969694062793,56.54176145093,15.0002650627956,15.0000589037866,""
28994.4736227989,14.9999997143435,1.9804051914492E-05,0.574681744553967,2.4755064893115E-05,0.718352180692458,56.5417090701613,15.0002635298827,15.00005742466,""
29009.9181227684,14.9999997288954,1.97982467376514E-05,0.574987532506896,2.47478084220642E-05,0.71873441563362,56.5416549006884,15.0002608707949,15.0000548163413,""
29025.3644924164,14.999999738808,1.97925718584674E-05,0.575293331619628,2.47407148230843E-05,0.719116664524535,56.5415990796399,15.0002582113853,15.0000522077069,""
29040.8089926243,14.9999999569212,1.97862836012143E-05,0.575598932794924,2.47328545015178E-05,0.719498665993655,56.5415365417873,15.0002581659108,15.0000522159145,""
29056.2553620338,15.0000001941889,1.97798978860963E-05,0.575904545614998,2.47248723576204E-05,0.719880682018747,56.541467837738,15.0002581204308,15.0000522241231,""
29071.6998620033,15.0000000467107,1.97744402261557E-05,0.576209965372577,2.47180502826946E-05,0.720262456715721,56.5413959522027,15.0002574361206,15.0000515899819,""
29087.1462316513,14.9999998638313,1.97691280156423E-05,0.576515397511208,2.47114100195528E-05,0.72064424688901,56.541321137597,15.0002567517276,15.0000509557638,""
29102.5907316208,14.9999999975524,1.97637498897444E-05,0.576820649911248,2.47046873621805E-05,0.72102581238906,56.5412842617153,15.0002570086242,15.0000512625396,""
29118.0371012688,15.0000001604377,1.97583606187739E-05,0.577125916754796,2.46979507734674E-05,0.721407395943494,56.5412820903872,15.0002572655519,15.0000515693526,""
29133.4816012383,14.9999999510853,1.97510358430617E-05,0.577430972958001,2.46887948038271E-05,0.721788716197501,56.5412307535642,15.0002573296334,15.0000516892507,""
29148.9279708862,14.9999997073995,1.97434047241748E-05,0.577736038688607,2.46792559052186E-05,0.722170048360759,56.5411344413123,15.0002573937227,15.0000518091633,""
29164.3724710941,14.9999998171237,1.97345909205851E-05,0.578040845637275,2.46682386507314E-05,0.722551057046594,56.5410568398952,15.0002568244363,15.0000512971863,""
29179.8188402653,14.9999999594681,1.97255892031773E-05,0.578345654447678,2.46569865039716E-05,0.722932068059598,56.5409963239007,15.0002562550809,15.0000507851474,""
29195.2633402348,15.0000001198634,1.9718182786333E-05,0.578650210874472,2.46477284829163E-05,0.72331276359309,56.540950713456,15.0002538091765,15.000048400216,""
29210.7097098827,15.0000002819472,1.9711027295397E-05,0.57895477013004,2.46387841192462E-05,0.72369346266255,56.5409187108628,15.000251362976,15.0000460149958,""
29226.1542098522,15.0000003989569,1.97016204437922E-05,0.579259066875268,2.46270255547403E-05,0.724073833594085,56.5408911192304,15.0002463794052,15.0000410966238,""
29241.6005795002,15.0000005118145,1.96918564692839E-05,0.579563364792772,2.46148205866049E-05,0.724454205990966,56.540867549315,15.000241395231,15.0000361776564,""
29257.0450794697,15.0000002302133,1.96847561397506E-05,0.579867406590154,2.46059451746882E-05,0.724834258237692,56.540754338638,15.0002395296532,15.0000343702827,""
29272.4914491177,14.999999912064,1.96780760376025E-05,0.58017145051245,2.45975950470031E-05,0.725214313140563,56.5405592811447,15.0002376638496,15.0000325626903,""
29287.9359490871,15.0000000011579,1.96694732206087E-05,0.580475249774132,2.45868415257609E-05,0.725594062217665,56.5404578582154,15.0002393461848,15.0000343119525,""
29303.3823187351,15.0000001279985,1.9660564954795E-05,0.580779052918497,2.45757061934938E-05,0.725973816148122,56.5404418363391,15.0002410287237,15.0000360614264,""
29318.8268187046,15.0000000351593,1.96533733334872E-05,0.581082608239423,2.4566716666859E-05,0.726353260299279,56.5403744711952,15.0002438626527,15.0000389546333,""
29334.2731883526,14.9999999219306,1.96464525071425E-05,0.581386166887631,2.45580656339281E-05,0.726732708609539,56.5402602717783,15.0002466969247,15.0000418481904,""
29349.7176883221,14.9999997972693,1.96389274971156E-05,0.581689494911116,2.45486593713945E-05,0.727111868638895,56.5402205629674,15.0002494729093,15.0000446883833,""
29365.16405797,14.9999996715299,1.96313057095695E-05,0.58199282893411,2.45391321369619E-05,0.727491036167638,56.5402487381919,15.00025224923,15.00004752892,""
29380.6085579395,14.9999998245592,1.96250342238749E-05,0.582295943874151,2.45312927798436E-05,0.727869929842689,56.5402746991855,15.0002542730092,15.000049613143,""
29396.0549275875,15.0000000035226,1.96189759227154E-05,0.582599066594495,2.45237199033943E-05,0.728248833243119,56.5402986490399,15.0002562970334,15.0000516976183,""
29411.499427557,14.9999999410389,1.96137954762108E-05,0.582902004661689,2.45172443452635E-05,0.728627505827111,56.5403615677608,15.0002585421451,15.0000539930495,""
29426.9457969666,14.9999998560781,1.96087535562157E-05,0.583204955923339,2.45109419452696E-05,0.729006194904174,56.5404599841047,15.0002607875286,15.0000562887586,""
29442.390296936,15.0000000007927,1.96055035058303E-05,0.583507763784479,2.45068793822879E-05,0.729384704730598,56.5405574869447,15.0002628284277,15.0000583859957,""
29457.836666584,15.0000001669227,1.96025374178229E-05,0.583810591359112,2.45031717722786E-05,0.72976323919889,56.5406541809425,15.0002648695738,15.0000604834866,""
29473.2811665535,15.0000002191064,1.95945399953626E-05,0.584113225498492,2.44931749942032E-05,0.730141531873115,56.5406554808765,15.0002647384027,15.0000604108794,""
29488.7275362015,15.0000002606706,1.95857423474305E-05,0.58441587137046,2.44821779342881E-05,0.730519839213075,56.5405700043801,15.0002646072157,15.0000603382634,""
29504.1720364094,15.0000000038823,1.95815139850756E-05,0.584718316694925,2.44768924813445E-05,0.730897895868657,56.5406206440988,15.0002604808239,15.0000562522729,""
29519.6184058189,14.9999997192063,1.95780111971968E-05,0.585020772569693,2.44725139964959E-05,0.731275965712116,56.540795055728,15.0002563539327,15.0000521657878,""
29535.0629057884,14.9999997699838,1.95761329631293E-05,0.585323123574921,2.44701662039116E-05,0.731653904468651,56.540811280819,15.00025267531,15.0000485356154,""
29550.5092754364,14.999999852119,1.95745128052788E-05,0.585625500325336,2.44681410065985E-05,0.73203187540667,56.5406837523484,15.0002489962421,15.0000449050036,""
29565.9537754059,14.9999999015755,1.95690296189815E-05,0.585927737629727,2.44612870237269E-05,0.732409672037159,56.5406500762385,15.0002473318086,15.0000432861746,""
29581.4001450539,14.9999999479811,1.95629309770757E-05,0.586229995155562,2.44536637213446E-05,0.732787493944452,56.5407016424351,15.0002456671736,15.0000416671497,""
29596.8446450233,14.9999999458147,1.95578860444409E-05,0.586532069856416,2.44473575555511E-05,0.733165087320521,56.5407754057936,15.000244539972,15.0000405847257,""
29612.2910146713,14.9999999390987,1.95530081740055E-05,0.586834157839041,2.44412602175068E-05,0.733542697298801,56.5408693390303,15.000243412634,15.0000395021706,""
29627.7355148792,15.0000000410432,1.95480641566223E-05,0.587136078266262,2.44350801957779E-05,0.733920097832828,56.5409418356468,15.0002461372778,15.0000422734233,""
29643.1818840504,15.0000001531889,1.95431089072816E-05,0.587438014357195,2.4428886134102E-05,0.734297517946494,56.5409948960989,15.0002488622513,15.0000450450115,""
29658.6263840199,14.9999999794055,1.95348019687441E-05,0.587739730116697,2.44185024609302E-05,0.734674662645872,56.5410422943042,15.000253035876,15.0000492739916,""
29674.0727536678,14.9999997787623,1.95259595534225E-05,0.588041453098221,2.44074494417781E-05,0.735051816372776,56.5410845676741,15.000257210006,15.0000535034837,""
29689.5172536373,14.9999999365727,1.95157265480269E-05,0.588342882509739,2.43946581850336E-05,0.735428603137173,56.5410847201136,15.0002589600292,15.0000553191319,""
29704.9636232853,15.0000001280836,1.95052702879476E-05,0.588644307403922,2.43815878599345E-05,0.735805384254902,56.5410466865632,15.0002607102643,15.0000571349998,""
29720.4081232548,15.0000002491303,1.94946545078719E-05,0.588945414808738,2.43683181348398E-05,0.736181768510922,56.540997928163,15.0002539923789,15.0000504792683,""
29735.8544929028,15.0000003635653,1.94840117762136E-05,0.589246513807895,2.4355014720267E-05,0.736558142259869,56.5409394402874,15.0002472736803,15.0000438227311,""
29751.2989928722,15.0000002165109,1.94753545465793E-05,0.589547323545861,2.43441931832241E-05,0.736934154432327,56.5409199290689,15.0002405673297,15.0000371813744,""
29766.7453625202,15.0000000448157,1.94670132072996E-05,0.589848129317059,2.43337665091245E-05,0.737310161646323,56.5409357145513,15.0002338601673,15.0000305392138,""
29782.1898624897,15.0000000390898,1.94580098797422E-05,0.590148666288919,2.43225123496777E-05,0.737685832861149,56.5409277446244,15.0002296706127,15.0000264170814,""
29797.6362321377,15.0000000490071,1.94488994963423E-05,0.590449202500807,2.43111243704278E-05,0.738061503126009,56.5408982680001,15.0002254805509,15.00002229445,""
29813.0807321072,15.000000084221,1.94401464322053E-05,0.590749465228036,2.43001830402567E-05,0.738436831535045,56.5409184055475,15.0002212425534,15.0000181226914,""
29828.5271017551,15.0000001218265,1.94314492770425E-05,0.591049726384684,2.42893115963031E-05,0.738812157980855,56.5409834397443,15.0002170040429,15.0000139504278,""
29843.9716017246,15.0000000862951,1.94234653155269E-05,0.591349730611477,2.42793316444087E-05,0.739187163264346,56.5410770260648,15.0002143797052,15.0000113963947,""
29859.4179711342,15.0000000438506,1.94155943482338E-05,0.591649735852273,2.42694929352922E-05,0.739562169815341,56.541196456017,15.0002117550499,15.0000088420524,""
29874.8624713421,14.99999985809,1.94095147190551E-05,0.59194952287527,2.42618933988189E-05,0.739936903594087,56.5412080914577,15.0002146935765,15.0000118354036,""
29890.3088407516,14.9999996587529,1.94037210376026E-05,0.592249317051902,2.42546512970033E-05,0.740311646314877,56.5411222893511,15.0002176324587,15.0000148291171,""
29905.7533407211,14.9999996966317,1.93978057361974E-05,0.592548918809673,2.42472571702468E-05,0.740686148512091,56.5411203472321,15.0002227349234,15.0000199999588,""
29921.1997103691,14.99999975697,1.93918701201073E-05,0.592848531820201,2.42398376501341E-05,0.741060664775251,56.5411941726303,15.0002278380058,15.0000251714265,""
29936.6442103386,14.999999808693,1.93838265682677E-05,0.593147917982942,2.42297832103346E-05,0.741434897478677,56.5412039256825,15.0002315116376,15.0000289083294,""
29952.0905799866,14.9999998596065,1.93754439812241E-05,0.593447309834504,2.42193049765302E-05,0.74180913729313,56.5411558193597,15.0002351857141,15.0000326456846,""
29967.5350799561,14.9999999797301,1.93687633964801E-05,0.593746468587184,2.42109542456001E-05,0.742183085733981,56.5411385549745,15.0002401731927,15.0000376933623,""
29982.981449604,15.0000001064349,1.93623548746428E-05,0.594045631975278,2.42029435933035E-05,0.742557039969098,56.5411491254301,15.0002451612751,15.0000427416511,""
29998.4259498119,14.9999998951391,1.93517470610249E-05,0.594344523710461,2.41896838262811E-05,0.742930654638077,56.5412065288062,15.0002463096557,15.0000439696763,""
30013.8723192215,14.9999996517188,1.93404637767597E-05,0.594643413826302,2.41755797209496E-05,0.743304267282877,56.5413061976171,15.0002474581754,15.0000451978501,""
30029.316819191,14.999999884556,1.93307719904004E-05,0.594941992034761,2.41634649880005E-05,0.743677490043451,56.5412990417876,15.0002464811,15.000044286616,""
30044.763188839,15.000000162697,1.93213344325608E-05,0.595240562101085,2.4151668040701E-05,0.744050702626357,56.5411955549035,15.0002455039065,15.0000433752715,""
30060.2076888084,15.0000001018561,1.9315917518917E-05,0.595538906961899,2.41448968986462E-05,0.744423633702374,56.54116871645,15.0002418769877,15.0000398084221,""
30075.6540584564,15.0000000087496,1.93111459449224E-05,0.595837257553974,2.4138932431153E-05,0.744796571942468,56.541210956196,15.0002382496298,15.0000362411409,""
30091.0985584259,15.0000002415533,1.93060005804103E-05,0.596135439280626,2.41325007255129E-05,0.745169299100783,56.5412160689797,15.0002349588845,15.0000330146381,""
30106.5449278355,15.0000005054341,1.9300794389496E-05,0.596433635751541,2.412599298687E-05,0.745542044689426,56.541187736098,15.0002316677408,15.0000297877446,""
30121.9894278049,15.0000001096805,1.9292666453157E-05,0.596731612470559,2.41158330664462E-05,0.745914515588199,56.5411999591049,15.0002348521682,15.0000330356947,""
30137.4357974529,14.9999996509712,1.92840672859188E-05,0.597029595708512,2.41050841073985E-05,0.74628699463564,56.5412487030776,15.0002380369811,15.0000362840379,""
30152.8802974224,14.9999999490403,1.92769856843714E-05,0.597327337520451,2.40962321054643E-05,0.746659171900564,56.5412076519461,15.0002424906391,15.0000408030603,""
30168.3266670704,15.0000003193916,1.92701474030843E-05,0.597625082311574,2.40876842538554E-05,0.747031352889467,56.5410857755002,15.0002469448363,15.0000453226298,""
30183.7711670399,15.0000002139186,1.92626863552284E-05,0.597922599513209,2.40783579440355E-05,0.747403249391511,56.5410972893655,15.0002461329296,15.0000445715702,""
30199.2175366879,15.0000000629614,1.92551239369321E-05,0.598220121871126,2.40689049211651E-05,0.747775152338907,56.5412287992913,15.0002453209246,15.0000438204197,""
30214.6620366573,14.999999881144,1.92464247260622E-05,0.598517389478501,2.40580309075778E-05,0.748146736848127,56.5413758216666,15.0002470109475,15.0000455824528,""
30230.1084063053,14.9999996963505,1.92375410537806E-05,0.598814657810103,2.40469263172258E-05,0.748518322262629,56.5415368255435,15.0002487011749,15.0000473446992,""
30245.5529062748,14.9999997468653,1.92295970154333E-05,0.599111668365934,2.40369962692916E-05,0.748889585457418,56.5415594636695,15.0002519328863,15.0000506369371,""
30260.9992759228,14.9999998199204,1.92218034117562E-05,0.599408679100332,2.40272542646953E-05,0.749260848875415,56.5414577586673,15.0002551649889,15.0000539295736,""
30276.4437758923,14.9999998381866,1.92136945266691E-05,0.599705441720327,2.40171181583364E-05,0.749631802150408,56.5414365341679,15.000261164621,15.0000600013094,""
30291.8901455402,14.9999998512031,1.92055336193552E-05,0.600002206021348,2.4006917024194E-05,0.750002757526685,56.5414875969405,15.0002671649794,15.0000660737802,""
30307.3346455097,15.0000002725592,1.91978508108933E-05,0.600298724741293,2.39973135136166E-05,0.750373405926616,56.5415196624801,15.000264833952,15.0000638085402,""
30322.7810149193,15.0000007331565,1.91902441281855E-05,0.600595245491539,2.39878051602318E-05,0.750744056864424,56.5415346792799,15.0002625026424,15.000061543026,""
30338.2255148888,15.0000004568228,1.91836070271236E-05,0.600891543043364,2.39795087839045E-05,0.751114428804205,56.5415201502406,15.0002490959638,15.0000481973048,""
30353.6718845367,15.0000001096606,1.91771256616519E-05,0.601187846194193,2.39714070770649E-05,0.751484807742741,56.5414791038797,15.0002356876623,15.0000348499681,""
30369.1163847446,15.0000000205774,1.91708373086737E-05,0.601483944118678,2.39635466358422E-05,0.751854930148347,56.5414627730569,15.000225918746,15.0000251440234,""
30384.5627541542,14.9999999563001,1.91645792783588E-05,0.601780050492228,2.39557240979485E-05,0.752225063115285,56.5414686070619,15.0002161486475,15.000015436904,""
30400.0072541237,15.0000000751324,1.91576640966266E-05,0.602075944484494,2.39470801207832E-05,0.752594930605618,56.5415091490396,15.0002112021956,15.0000105540811,""
30415.4536237717,15.0000002116074,1.91506416273803E-05,0.602371845732017,2.39383020342254E-05,0.752964807165022,56.5415808164919,15.0002062551448,15.0000056706671,""
30430.8981237412,15.0000001897445,1.91436806550809E-05,0.602667525409084,2.39296008188511E-05,0.753334406761355,56.5415256076368,15.0002053873257,15.000004865206,""
30446.3444933891,15.0000001526206,1.91367286588327E-05,0.602963210807013,2.39209108235409E-05,0.753704013508767,56.5413566950152,15.0002045194016,15.0000040596474,""
30461.7889933586,15.0000002238104,1.91283731229006E-05,0.60325865392101,2.39104664036257E-05,0.754073317401263,56.5412897366635,15.0002044673675,15.0000040720141,""
30477.2353630066,15.0000003054582,1.911978906749E-05,0.603554099349086,2.38997363343625E-05,0.754442624186357,56.5413140775835,15.0002044153271,15.0000040843823,""
30492.6798632145,15.0000000208742,1.91119376575034E-05,0.603849292154559,2.38899220718792E-05,0.754811615193199,56.5413617387577,15.000206548535,15.0000062843714,""
30508.1262326241,14.9999997008871,1.9104203888919E-05,0.604144485532966,2.38802548611487E-05,0.755180606916208,56.5414302873471,15.0002086820009,15.0000084846267,""
30523.5707325935,14.9999996984206,1.90971076528557E-05,0.604439447470031,2.38713845660697E-05,0.755549309337538,56.541374939488,15.0002150986722,15.0000149641915,""
30539.0171022415,14.9999997266472,1.9090113811432E-05,0.604734413370328,2.386264226429E-05,0.75591801671291,56.5412087196719,15.0002215161203,15.0000214445406,""
30554.461602211,15.0000000074407,1.90837243239953E-05,0.605029167022717,2.38546554049941E-05,0.756286458778397,56.5410773681622,15.0002264473656,15.0000264358888,""
30569.9079716206,15.0000003127114,1.90774320095893E-05,0.605323927700501,2.38467900119866E-05,0.756654909625626,56.540977170618,15.0002313792079,15.0000314278412,""
30585.35247159,15.0000000194184,1.90721405568906E-05,0.605618500943317,2.38401756961132E-05,0.757023126179146,56.5409521178153,15.0002323060263,15.0000324104783,""
30600.798841238,14.9999996681054,1.90670108741144E-05,0.60591308520148,2.3833763592643E-05,0.75739135650185,56.5409942315098,15.000233232957,15.0000333932344,""
30616.2433412075,14.9999998137072,1.90596776551939E-05,0.606207463455215,2.38245970689924E-05,0.757759329319019,56.5409764587846,15.0002345467956,15.0000347717549,""
30631.6897108555,15.0000000075131,1.90519853881419E-05,0.606501849665541,2.38149817351774E-05,0.758127312081927,56.5409051752264,15.0002358607934,15.0000361504422,""
30647.134210825,15.000000064485,1.90443116534764E-05,0.606795996139261,2.38053895668455E-05,0.758494995174076,56.5409632355627,15.0002357144855,15.0000360638316,""
30662.5805804729,15.0000001081822,1.90366398516746E-05,0.60709014503618,2.37957998145933E-05,0.758862681295225,56.5411368180551,15.00023556816,15.0000359772105,""
30678.0250804424,14.9999999983066,1.90304116447706E-05,0.607384076797853,2.37880145559632E-05,0.759230095997316,56.5411685903928,15.0002331876435,15.0000336563751,""
30693.4714500904,14.999999873494,1.90244173927039E-05,0.607678014608903,2.37805217408798E-05,0.759597518261129,56.5410737898375,15.0002308068388,15.0000313352587,""
30708.9159500599,14.9999999345017,1.90168617316016E-05,0.607971733478504,2.3771077164502E-05,0.75996466684813,56.540995063107,15.0002320473859,15.0000326388745,""
30724.3623197079,15.0000000135921,1.90090508559818E-05,0.608265458055552,2.37613135699773E-05,0.76033182256944,56.5409306589197,15.0002332880832,15.0000339426481,""
30739.8068196774,14.9999999476306,1.90025359197996E-05,0.608558959608365,2.37531698997495E-05,0.760698699510456,56.5409258810586,15.0002351124055,15.0000358247938,""
30755.2531893253,14.9999998675366,1.89962311351338E-05,0.608852466154925,2.37452889189172E-05,0.761065582693656,56.5409742730588,15.0002369369488,15.0000377071673,""
30770.6976892948,14.9999998874596,1.8987928339638E-05,0.609145738847307,2.37349104245475E-05,0.761432173559134,56.5410075892537,15.0002347537284,15.0000355928196,""
30786.1440587044,14.999999917134,1.89792987631192E-05,0.609439014713195,2.3724123453899E-05,0.761798768391494,56.5410274759643,15.0002325702438,15.000033478216,""
30801.5885586739,14.9999998481733,1.89689904125757E-05,0.609731999957329,2.37112380157197E-05,0.762164999946661,56.5409934527791,15.0002289891346,15.0000299643795,""
30817.0349283218,14.9999997695795,1.89584068576441E-05,0.610024979061713,2.36980085720552E-05,0.762531223827142,56.5409113950844,15.0002254075918,15.0000264501177,""
30832.4794285297,14.9999998713269,1.89477674813966E-05,0.610317640775703,2.36847093517457E-05,0.762897050969629,56.5408572339331,15.0002235973213,15.0000247181744,""
30847.9257979393,14.9999999907021,1.89371174992157E-05,0.610610291902353,2.36713968740196E-05,0.763262864877942,56.5408279005183,15.0002217868317,15.0000229860215,""
30863.3702979088,15.0000002201864,1.89301873382596E-05,0.610902682256837,2.36627341728245E-05,0.763628352821046,56.5407444377438,15.0002235254379,15.0000247798714,""
30878.8166675568,15.0000004604668,1.89238635190528E-05,0.611195071210664,2.36548293988161E-05,0.76399383901333,56.5406127804714,15.0002252642545,15.0000265739385,""
30894.2611675262,15.0000000208353,1.89176696103477E-05,0.611487258865064,2.36470870129346E-05,0.76435907358133,56.5405923915652,15.0002310820806,15.0000324633072,""
30909.7075371742,14.9999995146,1.8911496052068E-05,0.611779454784399,2.3639370065085E-05,0.764724318480499,56.5406709792948,15.000236900611,15.0000383533888,""
30925.1520371437,14.9999999209133,1.89030808379804E-05,0.612071416800244,2.36288510474755E-05,0.765089271000305,56.540673649267,15.0002422110341,15.000043733458,""
30940.5984067917,15.0000004166869,1.88942980099969E-05,0.612363381703237,2.36178725124962E-05,0.765454227129047,56.540608818293,15.0002475221001,15.0000491141784,""
30956.0429069996,15.0000003637838,1.88891579988274E-05,0.612655134369433,2.36114474985343E-05,0.765818917961791,56.5405315259645,15.0002433012145,15.0000449483877,""
30971.4892764091,15.000000257062,1.88846130918822E-05,0.612946893407728,2.36057663648528E-05,0.76618361675966,56.5404431414538,15.000239079818,15.0000407820928,""
30986.9337763786,15.0000001892681,1.88790067107237E-05,0.61323848009092,2.35987583884046E-05,0.76654810011365,56.5404874840751,15.0002319009932,15.0000336650002,""
31002.3801457882,15.000000125287,1.88732258173701E-05,0.613530079636904,2.35915322717126E-05,0.76691259954613,56.5406497352802,15.0002247212994,15.0000265470461,""
31017.8246457577,15.0000000758953,1.88674905584793E-05,0.613821491150194,2.35843631980991E-05,0.767276863937743,56.5406844273587,15.0002213069179,15.0000231906615,""
31033.2710154057,15.0000000279307,1.88617619647372E-05,0.61411291292514,2.35772024559215E-05,0.767641141156425,56.5406058745747,15.0002178921231,15.0000198338706,""
31048.7155153751,15.0000001927501,1.88540402144299E-05,0.614404116594419,2.35675502680374E-05,0.768005145743023,56.5405439961831,15.0002183415046,15.0000203474832,""
31064.1618850231,15.0000003785247,1.88459907778555E-05,0.614695325553907,2.35574884723194E-05,0.768369156942384,56.5404969007439,15.0002187909406,15.0000208611579,""
31079.6063849926,15.0000001645105,1.88397656958958E-05,0.614986313818612,2.35497071198698E-05,0.768732892273265,56.5404634838077,15.00021933976,15.0000214627868,""
31095.0527546406,14.9999999110973,1.88338388561146E-05,0.615277306900536,2.35422985701432E-05,0.769096633625671,56.5404421918376,15.0002198886458,15.0000220644886,""
31110.4972546101,14.9999999234123,1.8834694947233E-05,0.615568212249207,2.35433686840413E-05,0.769460265311509,56.5404505528877,15.0002195200097,15.0000217232683,""
31125.943624258,14.9999999619244,1.88366639540754E-05,0.615859144198444,2.35458299425943E-05,0.769823930248055,56.5404852047931,15.0002191513289,15.0000213820067,""
31141.3881242275,15.0000000837371,1.88434162530685E-05,0.616150167061857,2.35542703163357E-05,0.770187708827322,56.5405447715687,15.000218318008,15.0000205620128,""
31156.8344938755,15.0000002137861,1.88509547161253E-05,0.616441245863474,2.35636933951567E-05,0.770551557329343,56.5406264295421,15.0002174845863,15.0000197419197,""
31172.278993845,15.000000126234,1.88536792607666E-05,0.616732415089172,2.35670990759583E-05,0.770915518861465,56.5406991153038,15.0002139961342,15.0000162735062,""
31187.725363493,15.0000000171753,1.88556134719027E-05,0.617023640205714,2.35695168398783E-05,0.771279550257143,56.5407638710535,15.0002105072599,15.0000128046728,""
31203.1698634624,15.0000000084108,1.88529861414348E-05,0.617314810928609,2.35662326767935E-05,0.771643513660762,56.5407626297178,15.0002083137133,15.0000106409376,""
31218.6162331104,15.0000000095624,1.88496087250955E-05,0.617606013753404,2.35620109063694E-05,0.772007517191755,56.5407029634915,15.0002061199012,15.0000084769405,""
31234.0607330799,14.9999995072272,1.88425165411936E-05,0.617897034356316,2.3553145676492E-05,0.772371292945395,56.5407398179897,15.0002092254595,15.0000116154294,""
31249.5071024895,14.9999989549886,1.88348124455902E-05,0.618188066011583,2.35435155569877E-05,0.772735082514479,56.5408620853525,15.0002123313937,15.0000147542982,""
31264.951602459,14.9999994660158,1.88281302924719E-05,0.618478873873506,2.35351628655899E-05,0.773098592341883,56.5409299421566,15.0002201035687,15.0000225616051,""
31280.3979721069,15.0000000824636,1.88216153623205E-05,0.618769685906192,2.35270192029006E-05,0.773462107382739,56.5409496937222,15.0002278766846,15.0000303698571,""
31295.8424720764,14.999999807885,1.88132027990485E-05,0.619060260629853,2.35165034988107E-05,0.773825325787317,56.5409092952602,15.0002327347865,15.0000352744061,""
31311.2888417244,14.9999994448934,1.88044765977087E-05,0.619350837248022,2.35055957471358E-05,0.774188546560028,56.5408157167307,15.0002375934765,15.0000401795488,""
31326.7333419323,14.9999996257899,1.87952216450467E-05,0.619641139103443,2.34940270563084E-05,0.774551423879304,56.5407406202243,15.0002441083173,15.0000467434691,""
31342.1797113419,14.9999998607109,1.87858782744631E-05,0.619931436614521,2.34823478430788E-05,0.774914295768151,56.5406818362232,15.0002506239466,15.0000533081838,""
31357.6242113113,14.9999998232349,1.87767514710845E-05,0.620221454561982,2.34709393388556E-05,0.775276818202477,56.5406848271377,15.0002497722662,15.0000525143101,""
31373.0705809593,14.9999997586811,1.87676590822765E-05,0.620511467318799,2.34595738528456E-05,0.775639334148499,56.5407423728828,15.0002489204826,15.0000517203404,""
31388.5150809288,14.9999998481503,1.87577385674342E-05,0.620801191081937,2.34471732092927E-05,0.776001488852421,56.5407675843312,15.0002447088599,15.0000475642341,""
31403.9614505768,14.9999999529548,1.87476800529738E-05,0.621090908033902,2.34346000662172E-05,0.776363635042377,56.5407642606086,15.0002404967273,15.0000434076248,""
31419.4059505463,15.0000000297567,1.87405526081454E-05,0.621380368496997,2.34256907601818E-05,0.776725460621246,56.5407983819736,15.0002344597197,15.0000374229444,""
31434.8523201942,15.0000001037801,1.8733907933369E-05,0.621669827451499,2.34173849167112E-05,0.777087284314374,56.5408655471723,15.0002284219813,15.0000314375395,""
31450.2968204021,15.0000000387902,1.87289594891495E-05,0.6219591014099,2.34111993614369E-05,0.777448876762375,56.5408757577268,15.0002226284949,15.0000256941509,""
31465.7431895733,14.9999999599334,1.87242904798534E-05,0.622248385604306,2.34053630998168E-05,0.777810482005383,56.5408357465956,15.0002168343074,15.0000199500673,""
31481.1876895428,15.0000000708699,1.87187169671621E-05,0.622537497046653,2.33983962089527E-05,0.778171871308316,56.5408053670897,15.0002152653116,15.0000184350062,""
31496.6340591908,15.0000002007609,1.87129931995423E-05,0.622826620723156,2.33912414994278E-05,0.778533275903944,56.5407834699434,15.0002136961259,15.0000169197616,""
31512.0785591602,15.0000001233382,1.87073961816679E-05,0.623115559638427,2.33842452270848E-05,0.778894449548034,56.5407540900526,15.0002156478523,15.0000189233791,""
31527.5249288082,15.0000000251962,1.87018193321254E-05,0.623404508765597,2.33772741651567E-05,0.779255635956996,56.540718111415,15.0002175998151,15.0000209272392,""
31542.9694287777,15.000000115277,1.86935661927071E-05,0.623693233763946,2.33669577408839E-05,0.779616542204933,56.5407101974544,15.0002219046787,15.0000252930765,""
31558.4157984257,15.0000002241909,1.8684869101305E-05,0.623981962415825,2.33560863766312E-05,0.779977453019781,56.540726993751,15.0002262100635,15.0000296594423,""
31573.8602983952,15.0000000177817,1.86785575862971E-05,0.624270462468183,2.33481969828714E-05,0.780338078085228,56.540731399491,15.0002310295031,15.0000345270773,""
31589.3066680431,14.999999779783,1.86726401074368E-05,0.624558965383408,2.33408001342959E-05,0.78069870672926,56.540724901161,15.0002358495261,15.0000393953016,""
31604.7511680126,15.0000000577322,1.86651183157993E-05,0.624847251779891,2.33313978947491E-05,0.781059064724864,56.5406647346734,15.0002390929463,15.0000427025352,""
31620.1975376606,15.0000003874143,1.86573297129033E-05,0.625135542990978,2.33216621411291E-05,0.781419428738722,56.5405573434865,15.000242336759,15.0000460101691,""
31635.6420376301,14.9999999965268,1.86503758816822E-05,0.625423605814597,2.33129698521027E-05,0.781779507268247,56.5405766276666,15.0002444202866,15.0000481445391,""
31651.0884072781,14.9999995333162,1.86435594296911E-05,0.625711671436006,2.33044492871139E-05,0.782139589295008,56.5407072963318,15.0002465040665,15.0000502791674,""
31666.5329072475,14.9999998158391,1.86376700797455E-05,0.62599953589926,2.32970875996819E-05,0.782499419874074,56.5408131981081,15.0002491235943,15.0000529553686,""
31681.9792768955,15.00000017327,1.86319336548441E-05,0.626287407628932,2.32899170685552E-05,0.782859259536165,56.5408973581176,15.0002517434393,15.0000556318939,""
31697.423776865,14.9999998535784,1.86232221057043E-05,0.626575046579666,2.32790276321304E-05,0.783218808224583,56.5409154923131,15.0002537053417,15.0000576572387,""
31712.8701462746,14.9999994657938,1.86140156184372E-05,0.626862687496676,2.32675195230465E-05,0.783578359370845,56.540875633455,15.0002556674816,15.0000596828288,""
31728.314646244,14.9999998544827,1.86067164584507E-05,0.627150079166814,2.32583955730634E-05,0.783937598958518,56.5408433976345,15.0002535176231,15.0000575900319,""
31743.761015892,15.0000003213372,1.85997329704639E-05,0.627437470017904,2.32496662130798E-05,0.78429683752238,56.5408178473192,15.0002513675043,15.0000554969816,""
31759.2055158615,15.0000004147666,1.85928631995272E-05,0.627724642850522,2.32410789994091E-05,0.784655803563152,56.540907664175,15.0002409858142,15.0000451742084,""
31774.6518855095,15.0000004706038,1.85860113522523E-05,0.628011820001023,2.32325141903153E-05,0.785014775001278,56.5410987416435,15.0002306028674,15.0000348501856,""
31790.096385479,15.0000004270318,1.85807701043947E-05,0.628298805782336,2.32259626304934E-05,0.78537350722792,56.5412133375238,15.0002209418253,15.0000252444628,""
31805.542755127,15.0000003734333,1.8575795869307E-05,0.628585800267168,2.32197448366337E-05,0.785732250333961,56.5412608758329,15.0002112796138,15.0000156375772,""
31820.9872553349,15.000000131982,1.85701240194062E-05,0.628872617500448,2.32126550242578E-05,0.78609077187556,56.5412837315798,15.0002064356472,15.0000108441429,""
31836.4336247444,14.9999998715434,1.85643353250247E-05,0.629159445736643,2.32054191562809E-05,0.786449307170804,56.5412849534486,15.0002015910944,15.0000060501285,""
31851.8781247139,15.000000127452,1.85616738973364E-05,0.629446134262777,2.32020923716705E-05,0.786807667828471,56.5413579887084,15.0002046327339,15.000009134432,""
31867.3244943619,15.0000004355488,1.85595326063786E-05,0.629732840016844,2.31994157579732E-05,0.787166050021056,56.5414939683619,15.0002076747417,15.0000122191088,""
31882.7689943314,15.0000003036882,1.85558514050278E-05,0.630019430579571,2.31948142562848E-05,0.787524288224464,56.5415759586231,15.0002138162316,15.0000184089519,""
31898.2153639793,15.0000001273272,1.85519132227286E-05,0.630306042430095,2.31898915284107E-05,0.787882553037619,56.5416106813087,15.0002199584649,15.0000245995443,""
31913.6598639488,14.9999999508371,1.85479147582487E-05,0.630592514381606,2.31848934478108E-05,0.788240642977007,56.5416705132172,15.0002278284387,15.0000325098661,""
31929.1062333584,14.9999997743105,1.85439056835509E-05,0.630879003474375,2.31798821044386E-05,0.788598754342969,56.5417523397349,15.0002356993651,15.0000404211455,""
31944.5507333279,14.9999999256725,1.85376333487946E-05,0.631165316792186,2.31720416859932E-05,0.788956645990233,56.5417607277637,15.0002406301919,15.0000454009449,""
31959.9971029758,15.0000001102732,1.85309827473602E-05,0.631451641240018,2.31637284342003E-05,0.789314551550023,56.5417048596889,15.0002455616157,15.0000503813471,""
31975.4416029453,15.0000001729199,1.85265474351805E-05,0.631737789182552,2.31581842939756E-05,0.78967223647819,56.5417391404275,15.0002481937929,15.000053057185,""
31990.8879725933,15.0000002232074,1.85224810992713E-05,0.632023948096569,2.31531013740891E-05,0.790029935120711,56.5418522699757,15.0002508262887,15.0000557333468,""
32006.3324725628,15.0000000289619,1.85177305064009E-05,0.632309954162805,2.31471631330011E-05,0.790387442703507,56.5418575646687,15.0002535013496,15.0000584498405,""
32021.7788422108,14.9999998098674,1.85128650115938E-05,0.632595975115766,2.31410812644923E-05,0.790744968894708,56.5417685977956,15.0002561767343,15.000061166663,""
32037.2233421803,14.999999878581,1.85093044644698E-05,0.632881852819133,2.31366305805873E-05,0.791102316023917,56.5417428527714,15.000263566895,15.0000685921818,""
32052.6697118282,14.9999999765492,1.8505961394206E-05,0.633167746982598,2.31324517427575E-05,0.791459683728247,56.5417723397827,15.0002709579503,15.0000760185994,""
32068.1142117977,14.9999999937248,1.85032527285261E-05,0.633453527859262,2.31290659106576E-05,0.791816909824077,56.541828268482,15.000273712776,15.0000788116115,""
32083.5605814457,15.0000000026848,1.85006497150152E-05,0.633739330179517,2.31258121437689E-05,0.792174162724396,56.541907301129,15.0002764679352,15.0000816049617,""
32099.0050814152,14.9999999844848,1.84939123374967E-05,0.634024965158482,2.31173904218709E-05,0.792531206448102,56.5418727698509,15.0002730360704,15.0000782211494,""
32114.4514510632,14.999999963517,1.84864825748942E-05,0.634310612512477,2.31081032186178E-05,0.792888265640596,56.5417391047253,15.0002696037902,15.0000748369275,""
32129.8959510326,14.9999998525344,1.84811304698102E-05,0.634596060774089,2.31014130872628E-05,0.793245075967612,56.5417368101226,15.0002628557024,15.0000681249693,""
32145.3423204422,14.9999997323628,1.84761252841205E-05,0.634881516053466,2.30951566051506E-05,0.793601895066832,56.5418491280083,15.0002561067978,15.0000614121987,""
32160.7868206501,14.9999999417205,1.8469904270482E-05,0.635166785572411,2.30873803381026E-05,0.793958481965513,56.5418501098086,15.0002458863235,15.0000512418686,""
32176.2331900597,15.0000001847247,1.84634787996425E-05,0.635452064293866,2.30793484995532E-05,0.794315080367332,56.5417540049171,15.0002356646123,15.0000410703076,""
32191.6776900291,15.0000002466831,1.84581323962483E-05,0.635737155152611,2.30726654953104E-05,0.794671443940764,56.5417613456506,15.0002271141711,15.0000325592512,""
32207.1240596771,15.0000002901612,1.84529660239035E-05,0.636022254830859,2.30662075298794E-05,0.795027818538573,56.5418588504767,15.0002185626948,15.0000240471645,""
32222.5685596466,14.9999999410371,1.84477662309486E-05,0.636307182804735,2.30597077886857E-05,0.795383978505918,56.5418687078946,15.0002152148712,15.0000207438669,""
32238.0149292946,14.9999995517335,1.84425601003774E-05,0.636592122269302,2.30532001254718E-05,0.795740152836628,56.5418022118823,15.0002118666423,15.0000174401695,""
32253.4594292641,14.9999997236682,1.84355011664611E-05,0.636876860906652,2.30443764580764E-05,0.796096076133316,56.5417749438127,15.0002133727666,15.0000189940933,""
32268.905798912,14.9999999530544,1.84281304466971E-05,0.63716160610919,2.30351630583713E-05,0.796452007636487,56.5417818270932,15.0002148790733,15.0000205482053,""
32284.3502991199,15.0000000408087,1.84204376100818E-05,0.637446116911749,2.30255470126023E-05,0.796807646139686,56.5417429357826,15.0002146938793,15.0000204157162,""
32299.7966685295,15.0000001140679,1.84126896223319E-05,0.637730628586337,2.30158620279148E-05,0.797163285732921,56.5416641970706,15.0002145086628,15.0000202832111,""
32315.241168499,15.0000000174324,1.84042549236287E-05,0.63801489029611,2.30053186545359E-05,0.797518612870138,56.5416672057585,15.0002114203644,15.0000172500043,""
32330.687538147,14.9999999033651,1.8395703706862E-05,0.638299150217574,2.29946296335774E-05,0.797873937771968,56.5417413270175,15.0002083316921,15.0000142164303,""
32346.1320381165,14.9999999315146,1.83887187225782E-05,0.638583173774259,2.29858984032228E-05,0.798228967217823,56.5417672953794,15.0002055885936,15.0000115272579,""
32361.5784077644,14.9999999742635,1.83819959384635E-05,0.638867197773504,2.29774949230794E-05,0.798583997216881,56.5417514018935,15.0002028451629,15.0000088377599,""
32377.0229077339,15.0000001618417,1.83769335177178E-05,0.639151035261169,2.29711668971472E-05,0.798938794076461,56.5417214505058,15.000198613089,15.0000046534163,""
32392.4692771435,15.0000003643235,1.83721495524496E-05,0.639434881522781,2.2965186940562E-05,0.799293601903477,56.5416792752987,15.0001943805028,15.0000004685662,""
32407.913777113,15.0000002565654,1.8366139932559E-05,0.639718548002523,2.29576749156988E-05,0.799648185003154,56.5416839738172,15.0001897681915,14.9999959102869,""
32423.3601467609,15.0000001168901,1.83599232603926E-05,0.64000222435267,2.29499040754907E-05,0.800002780440838,56.5417293892764,15.0001851553217,14.9999913514558,""
32438.8046467304,15.0000000171065,1.83542061139243E-05,0.640285709714833,2.29427576424054E-05,0.800357137143541,56.5417407489244,15.000183920342,14.9999901651712,""
32454.2510163784,14.9999999214157,1.83485722482307E-05,0.640569203021573,2.29357153102884E-05,0.800711503776966,56.541722543669,15.0001826852128,14.999988978743,""
32469.6955163479,15.0000002685299,1.83434339450005E-05,0.640852520723195,2.29292924312506E-05,0.801065650903994,56.5416602180244,15.0001847710128,14.9999911120056,""
32485.1418859959,15.0000006613153,1.83383783866994E-05,0.641135848921092,2.29229729833743E-05,0.801419811151365,56.541559591321,15.0001868570653,14.9999932455263,""
32500.5863859653,15.0000003304729,1.83321823868622E-05,0.641418991564498,2.29152279835777E-05,0.801773739455623,56.5415072607113,15.0001873540878,14.9999937967484,""
32516.0327556133,14.9999999249528,1.8325793302455E-05,0.641702142988443,2.29072416280688E-05,0.802127678735554,56.5414968084553,15.0001878511705,14.9999943480373,""
32531.4772555828,14.9999997899117,1.83170037940454E-05,0.641985054180135,2.28962547425567E-05,0.802481317725168,56.5414781008604,15.0001942507367,15.0000008054097,""
32546.9236252308,14.9999996827767,1.83078082388155E-05,0.642267964883735,2.28847602985193E-05,0.802834956104669,56.5414522321559,15.0002006510776,15.0000072635638,""
32562.3681252003,14.9999999088748,1.82989539719565E-05,0.642550603570462,2.28736924649457E-05,0.803188254463077,56.5414325745653,15.0002083841047,15.0000150587671,""
32577.8144948483,15.0000001694399,1.8290156040747E-05,0.642833236346671,2.28626950509337E-05,0.803541545433339,56.5414182945743,15.000216118068,15.000022854914,""
32593.2589948177,15.0000001305235,1.8283786971667E-05,0.64311563991364,2.28547337145838E-05,0.80389454989205,56.5414129563781,15.0002217822736,15.0000285714054,""
32608.7053642273,15.0000000606226,1.82778270862019E-05,0.643398044736254,2.28472838577524E-05,0.804247555920317,56.5414153614308,15.0002274471649,15.0000342885888,""
32624.1498641968,14.9999998895839,1.82688555995753E-05,0.643680211366475,2.28360694994691E-05,0.804600264208094,56.5413446795369,15.0002332514249,15.0000401574622,""
32639.5962338448,14.99999970805,1.82593740688643E-05,0.643962377685332,2.28242175860803E-05,0.804952972106665,56.5412107121489,15.0002390563875,15.0000460270461,""
32655.0407340527,14.9999999242648,1.82515276430416E-05,0.644244284571866,2.28144095538021E-05,0.805305355714832,56.541162039036,15.0002421947448,15.0000492295239,""
32670.4871034622,15.0000001817339,1.82439565022841E-05,0.644526187490806,2.28049456278552E-05,0.805657734363508,56.541187156111,15.0002453334818,15.0000524323893,""
32685.9316034317,14.9999999187149,1.82357527051764E-05,0.644807846478362,2.27946908814706E-05,0.806009808097953,56.541246628391,15.0002476152243,15.0000547752671,""
32701.3779730797,14.9999996016609,1.82274407405783E-05,0.645089504071206,2.27843009257229E-05,0.806361880089008,56.5413358255954,15.000249897243,15.0000571184285,""
32716.8224730492,14.9999996507514,1.82196089521906E-05,0.645370915391902,2.27745111902382E-05,0.806713644239877,56.541350194443,15.0002556514393,15.0000629388463,""
32732.2688426971,14.9999997378727,1.8211857319471E-05,0.645652324866421,2.27648216493387E-05,0.807065406083026,56.5412998840319,15.0002614063322,15.0000687599687,""
32747.7133426666,14.9999998577082,1.82044244095547E-05,0.645933500426111,2.27555305119434E-05,0.807416875532638,56.5412171345757,15.0002653811401,15.0000727975665,""
32763.1597123146,14.9999999809603,1.81970444194628E-05,0.646214676177584,2.27463055243285E-05,0.80776834522198,56.5411063394065,15.0002693564292,15.0000768356531,""
32778.6042125225,14.9999999842965,1.81899377925774E-05,0.64649562718061,2.27374222407217E-05,0.808119533975763,56.5410028575285,15.0002699544229,15.0000774946684,""
32794.0505819321,14.9999999751554,1.81828764780916E-05,0.646776579867355,2.27285955976146E-05,0.808470724834194,56.5409056678514,15.0002705524891,15.0000781537636,""
32809.4950819016,15.000000035512,1.8176753328599E-05,0.647057326534884,2.27209416607487E-05,0.808821658168605,56.5408533228255,15.0002686070186,15.0000762692397,""
32824.9414515495,15.0000001031152,1.81707883673587E-05,0.647338078022109,2.27134854591984E-05,0.809172597527636,56.5408396736614,15.0002666613126,15.0000743844877,""
32840.385951519,14.9999999305276,1.81643780129734E-05,0.647618631110622,2.27054725162168E-05,0.809523288888277,56.5407868566753,15.0002631525401,15.0000709352114,""
32855.8323209286,14.9999997328752,1.81578911951083E-05,0.647899190263335,2.26973639938854E-05,0.809873987829169,56.5407002365254,15.0002596433428,15.0000674855175,""
32871.2768208981,14.9999996835929,1.81499792032962E-05,0.648179522143555,2.26874740041203E-05,0.810224402679444,56.5407440077242,15.0002562640146,15.0000641748635,""
32886.723190546,14.999999649788,1.8141824183728E-05,0.648459855142776,2.267728022966E-05,0.81057481892847,56.5409002265695,15.0002528842774,15.0000608638088,""
32902.1676905155,14.9999998879677,1.81327345722255E-05,0.64873992443467,2.26659182152819E-05,0.810924905543337,56.5409195830232,15.000252279899,15.0000603217872,""
32917.6140601635,15.0000001545913,1.81234849432891E-05,0.649019988601689,2.26543561791114E-05,0.811274985752111,56.5408209834585,15.0002516754476,15.0000597797,""
32933.058560133,15.0000002766748,1.81185475680495E-05,0.649299841253656,2.26481844600618E-05,0.81162480156707,56.5408251410128,15.0002521867163,15.0000603411262,""
32948.504929781,15.000000383661,1.81143423144208E-05,0.64957969759656,2.26429278930259E-05,0.811974621995699,56.5409178217646,15.0002526980468,15.0000609026204,""
32963.9494297504,15.0000001963182,1.81107588989213E-05,0.649859418645899,2.26384486236516E-05,0.812324273307374,56.5409068878969,15.0002555549288,15.0000638185178,""
32979.3957993984,14.9999999781443,1.81072807128233E-05,0.650139156310393,2.26341008910292E-05,0.812673945387991,56.5408067340474,15.0002584121567,15.0000667347682,""
32994.8402993679,14.9999999369245,1.81008905663095E-05,0.650418723315957,2.26261132078869E-05,0.813023404144946,56.5407724503753,15.0002652670149,15.0000736439506,""
33010.2866690159,14.9999999142383,1.80940040748965E-05,0.650698300887642,2.26175050936206E-05,0.813372876109552,56.5407948489804,15.0002721227029,15.0000805539695,""
33025.7311689854,15.0000001676632,1.80874597841291E-05,0.650977668123456,2.26093247301614E-05,0.81372208515432,56.5407905444655,15.0002724807081,15.0000809668162,""
33041.1775386333,15.0000004500777,1.80809728224204E-05,0.651257039128784,2.26012160280255E-05,0.81407129891098,56.5407632686021,15.0002728387566,15.0000813797129,""
33056.6220386028,15.0000001973049,1.80766656873241E-05,0.651536238768139,2.25958321091552E-05,0.814420298460173,56.5408336052697,15.0002652134783,15.0000738033228,""
33072.0684080124,14.9999998883186,1.80727292537865E-05,0.651815448769393,2.25909115672331E-05,0.814769310961741,56.5409878844878,15.000257587277,15.0000662260157,""
33087.5129079819,15.000000107407,1.80670627852505E-05,0.652094494365368,2.25838284815631E-05,0.81511811795671,56.5410398933267,15.000253687942,15.0000623835278,""
33102.9592776299,15.0000003820117,1.80611006461112E-05,0.652373551477578,2.2576375807639E-05,0.815466939346972,56.5410040251687,15.000249788135,15.0000585405747,""
33118.4037775993,15.0000003510579,1.80545130597468E-05,0.652652407810899,2.25681413246835E-05,0.815815509763624,56.5409997514233,15.0002452722415,15.0000540735322,""
33133.8501472473,15.0000002879626,1.80478178757591E-05,0.652931269418096,2.25597723446989E-05,0.81616408677262,56.5410226149735,15.0002407558013,15.0000496059488,""
33149.2946474552,15.0000002170374,1.80410778842946E-05,0.653209919913088,2.25513473553683E-05,0.81651239989136,56.5410720572573,15.0002329480416,15.0000418540187,""
33164.7410168648,15.0000001452784,1.8034329291909E-05,0.653488573863412,2.25429116148863E-05,0.816860717329266,56.5411443295493,15.000225139337,15.0000341011503,""
33180.1855168343,14.9999999928736,1.80263803197982E-05,0.653766997483631,2.25329753997478E-05,0.817208746854538,56.5410790060119,15.000220689264,15.0000297111261,""
33195.6318864822,14.9999998319499,1.80182252668594E-05,0.654045421236549,2.25227815835742E-05,0.817556776545686,56.5408955938771,15.0002162386524,15.0000253205705,""
33211.0763864517,15.0000000239684,1.80083779315745E-05,0.654323569993439,2.25104724144682E-05,0.817904462491799,56.5408474796236,15.0002228635047,15.0000320070481,""
33226.5227560997,15.0000002532419,1.79982400884643E-05,0.654601711194285,2.24978001105804E-05,0.818252138992857,56.5409153999973,15.0002294891591,15.0000386943351,""
33241.9672560692,15.0000000099808,1.79910548138523E-05,0.6548795968884,2.24888185173153E-05,0.818599496110501,56.5410056794269,15.0002370133477,15.0000462798118,""
33257.4136257172,14.9999997167947,1.79843732382277E-05,0.655157478296505,2.24804665477846E-05,0.818946847870631,56.5411151472531,15.0002445384473,15.0000538662066,""
33272.8581259251,14.9999999854001,1.79770728484384E-05,0.655435140264442,2.2471341060548E-05,0.819293925330553,56.5411919742671,15.000249769476,15.000059157409,""
33288.3044950962,15.0000003134153,1.79696655807287E-05,0.655712804047697,2.24620819759109E-05,0.819641005059621,56.5412408496731,15.0002550011376,15.0000644492516,""
33303.7489950657,14.9999998699292,1.79626174911532E-05,0.655990244401487,2.24532718639415E-05,0.819987805501858,56.5412365067281,15.0002555976854,15.000065108783,""
33319.1953647137,14.9999993447675,1.7955629873053E-05,0.656267685849903,2.24445373413162E-05,0.820334607312379,56.5411865838971,15.0002561943053,15.0000657683943,""
33334.6398646832,14.9999995681962,1.7947663550918E-05,0.656544894306887,2.24345794386475E-05,0.820681117883608,56.5411210594015,15.0002577715522,15.0000674088389,""
33350.0862343311,14.999999870924,1.79395285030282E-05,0.656822102170605,2.24244106287853E-05,0.821027627713256,56.5410421646303,15.0002593489899,15.0000690494821,""
33365.5307343006,14.999999915977,1.79340380011805E-05,0.657099102791875,2.24175475014757E-05,0.821373878489844,56.5410658788449,15.0002581395109,15.0000678965452,""
33380.9771039486,14.9999999337241,1.79289998463339E-05,0.657376107182304,2.24112498079174E-05,0.82172013397788,56.5411773923765,15.0002569298854,15.0000667434687,""
33396.4216039181,15.0000000285033,1.79217510598867E-05,0.657652911043918,2.24021888248584E-05,0.822066138804897,56.5411397909739,15.0002568280042,15.0000667006787,""
33411.8679735661,15.000000131468,1.79141222462953E-05,0.657929719780352,2.23926528078691E-05,0.82241214972544,56.5409746580008,15.0002567261106,15.0000666578834,""
33427.3124735355,15.0000000727931,1.79068776812577E-05,0.658206299794904,2.23835971015721E-05,0.82275787474363,56.5408857672884,15.0002579202345,15.0000679114248,""
33442.7588431835,14.9999999969446,1.78996980044053E-05,0.658482879799395,2.23746225055066E-05,0.823103599749244,56.5408620272562,15.000259114503,15.0000691651179,""
33458.203343153,14.9999999524932,1.78942538172023E-05,0.658759263839713,2.23678172715029E-05,0.823449079799641,56.5408401372271,15.0002603031,15.0000704101454,""
33473.649712801,14.9999999113734,1.78891067455264E-05,0.659035653445245,2.23613834319081E-05,0.823794566806557,56.5408198228662,15.0002614918408,15.0000716553237,""
33489.0942127705,15.0000001278493,1.78830298240551E-05,0.659311859542155,2.23537872800689E-05,0.824139824427694,56.5407946599228,15.0002555086379,15.0000657278357,""
33504.5405824184,15.000000371763,1.78767923433005E-05,0.65958807330189,2.23459904291256E-05,0.824485091627363,56.5407653508793,15.0002495247106,15.0000597996301,""
33519.9850823879,15.000000186935,1.78708778137082E-05,0.659864094192948,2.23385972671352E-05,0.824830117741185,56.5408112176471,15.0002389011772,15.0000492316634,""
33535.4314517975,14.9999999564192,1.78650179429444E-05,0.66014012109273,2.23312724286805E-05,0.825175151365912,56.5409212599036,15.0002282763578,15.0000386624175,""
33550.875951767,14.9999999615797,1.78576795718143E-05,0.660415937292733,2.23220994647679E-05,0.825519921615916,56.541003913605,15.0002204176678,15.0000308643604,""
33566.3223214149,14.9999999918657,1.785008593696E-05,0.660691756393927,2.23126074212E-05,0.825864695492408,56.5410632201393,15.0002125580265,15.0000230653593,""
33581.7668213844,14.9999998951862,1.78415132259678E-05,0.660967326848522,2.23018915324598E-05,0.826209158560652,56.5411052652966,15.0002123627725,15.000022931627,""
33597.2131910324,14.9999997849453,1.78327708517189E-05,0.661242893623719,2.22909635646487E-05,0.826553617029649,56.5411326010424,15.0002121674949,15.0000227978785,""
33612.6576912403,14.9999998525906,1.78246840221837E-05,0.661518206779065,2.22808550277297E-05,0.826897758473832,56.5411048428739,15.0002154808322,15.0000261741798,""
33628.1040606499,14.9999999392454,1.78167088956938E-05,0.661793515331495,2.22708861196173E-05,0.827241894164368,56.5410301225807,15.0002187945706,15.0000295508897,""
33643.5485606194,14.9999998852617,1.78092478527736E-05,0.662068588348187,2.22615598159669E-05,0.827585735435234,56.5409841226745,15.0002193573234,15.000030175361,""
33658.9949302673,14.9999998162345,1.78018743009078E-05,0.662343659829178,2.22523428761348E-05,0.827929574786472,56.5409625785831,15.0002199201444,15.000030799908,""
33674.4394302368,14.9999996467447,1.77949798561671E-05,0.662618511127677,2.22437248202088E-05,0.828273138909596,56.5409981960078,15.0002208945746,15.0000318343094,""
33689.8857998848,14.9999994664809,1.77881670063502E-05,0.662893363485507,2.22352087579378E-05,0.828616704356884,56.5410824920498,15.0002218691227,15.0000328688361,""
33705.3302998543,14.9999996566134,1.77811383260882E-05,0.663167999742819,2.22264229076103E-05,0.828959999678524,56.5410945471734,15.0002213075408,15.000032368864,""
33720.7766695023,14.9999998864479,1.77740714284492E-05,0.663442637714071,2.22175892855615E-05,0.829303297142588,56.5410451248566,15.0002207458909,15.0000318688315,""
33736.2211697102,15.0000001902825,1.77674001095194E-05,0.663717062381409,2.22092501368993E-05,0.829646327976761,56.5410775219189,15.0002158447328,15.000027028999,""
33751.6675388813,15.0000005020922,1.77607961009385E-05,0.663991489183368,2.22009951261731E-05,0.82998936147921,56.541179524133,15.0002109429817,15.0000221885808,""
33767.1120388508,15.0000001080311,1.77523073014781E-05,0.664265679698216,2.21903841268476E-05,0.830332099622769,56.541118381462,15.0002069047143,15.0000182159366,""
33782.5584084988,14.99999963816,1.77434918871485E-05,0.664539868340237,2.21793648589356E-05,0.830674835425297,56.5409185170126,15.000202865958,15.0000142428114,""
33798.0029084682,14.9999998089965,1.77372215397959E-05,0.664813830905231,2.21715269247448E-05,0.831017288631539,56.5409260941233,15.0002055644672,15.0000169945542,""
33813.4492781162,15.0000000486851,1.77313899651567E-05,0.665087793309861,2.21642374564459E-05,0.831359741637326,56.5411099567205,15.0002082633031,15.0000197466302,""
33828.8937780857,14.999999940057,1.77271465185934E-05,0.66536159349198,2.21589331482418E-05,0.831701991864975,56.5411469873931,15.0002135235085,15.0000250658804,""
33844.3401477337,14.9999997939601,1.77231769801852E-05,0.665635404508617,2.21539712252316E-05,0.832044255635771,56.5410593094294,15.0002187843508,15.0000303857746,""
33859.7846477032,14.9999998259994,1.77140215665016E-05,0.665908997740914,2.2142526958127E-05,0.832386247176143,56.5410646677029,15.0002233030651,15.0000349692112,""
33875.2310173512,14.9999998772161,1.77039679432558E-05,0.666182592155797,2.21299599290697E-05,0.832728240194746,56.5411490123111,15.0002278223265,15.0000395532026,""
33890.6755173206,15.0000001581167,1.76954665333758E-05,0.666455912683525,2.21193331667197E-05,0.833069890854406,56.5412046599813,15.000230216745,15.000042008012,""
33906.1218869686,15.0000004637998,1.76872325315587E-05,0.666729224627751,2.21090406644484E-05,0.833411530784689,56.5412359690891,15.0002326114534,15.0000444631186,""
33921.5663869381,15.0000001957959,1.76821328955494E-05,0.667002335092339,2.21026661194367E-05,0.833752918865423,56.5412774879697,15.0002271331887,15.0000390414016,""
33937.0127565861,14.9999998658913,1.76775752626811E-05,0.667275449456976,2.20969690783514E-05,0.83409431182122,56.5413276755008,15.0002216542609,15.0000336190282,""
33952.4572565556,15.0000000488451,1.76724138387564E-05,0.667548401439535,2.20905172984455E-05,0.834435501799419,56.5413491065102,15.0002128380713,15.0000248588819,""
33967.9036262035,15.0000002871811,1.76671470721992E-05,0.667821364056499,2.2083933840249E-05,0.834776705070624,56.5413461645189,15.0002040208145,15.0000160976751,""
33983.348126173,14.9999999919738,1.76593479924664E-05,0.668094115863024,2.2074184990583E-05,0.83511764482878,56.5413924105392,15.000198604059,15.0000107465679,""
33998.7944955826,14.9999996390816,1.76511088151361E-05,0.668366869862966,2.20638860189201E-05,0.835458587328708,56.5414803447791,15.0001931866479,15.0000053948129,""
34014.2389955521,15.0000000338595,1.76443277528501E-05,0.668639396483251,2.20554096910626E-05,0.835799245604063,56.5415376632641,15.0001944054597,15.0000066691885,""
34029.6853652,15.000000509547,1.7637798646264E-05,0.668911922376486,2.204724830783E-05,0.836139902970608,56.5415690659319,15.0001956244191,15.0000079437184,""
34045.1298651695,15.0000002889921,1.76296619969383E-05,0.669184218592558,2.20370774961729E-05,0.836480273240697,56.5416667872467,15.0001988662781,15.0000112488588,""
34060.5762348175,14.9999999930412,1.76212451915156E-05,0.669456513631237,2.20265564893945E-05,0.836820642039046,56.54182066861,15.0002021085296,15.0000145543992,""
34076.020734787,15.0000000643581,1.761220102557E-05,0.669728544491463,2.20152512819625E-05,0.837160680614329,56.5418906298865,15.0002069686029,15.0000194806565,""
34091.467104435,15.000000175478,1.7603046628635E-05,0.670000568125351,2.20038082857938E-05,0.837500710156689,56.5418896037457,15.0002118292646,15.0000244075102,""
34106.9116046429,15.0000000963224,1.75953609668882E-05,0.67027234060155,2.19942012086103E-05,0.837840425751938,56.5418098838382,15.0002173529118,15.0000299957223,""
34122.3579740524,14.9999999965202,1.75879294185795E-05,0.670544108044732,2.19849117732244E-05,0.838180135055914,56.5416635974092,15.0002228772276,15.0000355846108,""
34137.8024740219,14.9999999733146,1.75799074497437E-05,0.670815637913476,2.19748843121796E-05,0.838519547391845,56.5416763979315,15.0002255547962,15.000038325859,""
34153.2488436699,14.9999999584208,1.75717816908266E-05,0.671087165062684,2.19647271135333E-05,0.838858956328354,56.5418236702983,15.0002282326889,15.000041067439,""
34168.6933436394,14.9999999193651,1.75650809109971E-05,0.671358467542221,2.19563511387464E-05,0.839198084427777,56.5418435821429,15.00022646009,15.000039354962,""
34184.1397132874,14.9999998776788,1.75586270685549E-05,0.671629769494905,2.19482838356937E-05,0.839537211868632,56.5417558988484,15.0002246872765,15.0000376422777,""
34199.5842132568,14.9999999226757,1.75512421126426E-05,0.671900854420761,2.19390526408033E-05,0.839876068025951,56.5417271209921,15.0002220301151,15.0000350532756,""
34215.0305826664,14.9999999771063,1.75436940365737E-05,0.672171940095626,2.19296175457171E-05,0.840214925119532,56.5417480782649,15.000219372632,15.0000324639601,""
34230.4750826359,14.9999999942115,1.75369645349811E-05,0.672442807026638,2.19212056687264E-05,0.840553508783297,56.5417069805835,15.0002209303372,15.0000340765635,""
34245.9214522839,15.0000000072556,1.75303766414623E-05,0.672713674361499,2.19129708018279E-05,0.840892092951874,56.5416134981688,15.0002224882309,15.000035689362,""
34261.3659522533,15.0000000671724,1.75223658003355E-05,0.67298431362807,2.19029572504194E-05,0.841230392035088,56.5415382775788,15.0002257297482,15.0000390017342,""
34276.8123219013,15.0000001322048,1.75141058534001E-05,0.673254951623188,2.18926323167501E-05,0.841568689528985,56.5414784460118,15.000228971658,15.0000423145074,""
34292.2568218708,14.9999999225606,1.75064845249468E-05,0.673525349453941,2.18831056561835E-05,0.841906686817427,56.5414927596881,15.000226420705,15.0000398251115,""
34307.7031915188,14.9999996829295,1.74989734649889E-05,0.673795743850087,2.18737168312361E-05,0.842244679812609,56.5415695955346,15.0002238694432,15.0000373354142,""
34323.1476914883,14.9999999152448,1.74913400160928E-05,0.674065906072529,2.1864175020116E-05,0.842582382590662,56.54163597672,15.0002214018297,15.0000349340614,""
34338.5940611362,15.0000001991147,1.74836841293233E-05,0.674336066200016,2.18546051616542E-05,0.84292008275002,56.5416935616838,15.0002189339175,15.0000325324179,""
34354.0385611057,15.0000002191587,1.74764807388175E-05,0.674605999269944,2.18456009235218E-05,0.84325749908743,56.5416994444701,15.000219716362,15.0000333780843,""
34369.4849307537,15.0000002103758,1.74693553144184E-05,0.674875931085297,2.1836694143023E-05,0.843594913856622,56.5416617760029,15.0002204989012,15.000034223853,""
34384.9294307232,15.0000000220467,1.7461707937989E-05,0.67514563478639,2.18271349224863E-05,0.843932043482987,56.5416220981803,15.0002235737477,15.0000373635452,""
34400.3758003712,14.999999814054,1.74539683064055E-05,0.675415336996088,2.18174603830069E-05,0.84426917124511,56.5415807197069,15.0002266489665,15.0000405036175,""
34415.8203003407,14.9999997691229,1.74465812581415E-05,0.675684808492954,2.18082265726768E-05,0.844606010616192,56.541592982136,15.0002296714888,15.0000435887942,""
34431.2666697502,14.9999997420379,1.74392547796422E-05,0.675954277987355,2.17990684745528E-05,0.844942847484194,56.541650388931,15.0002326943771,15.0000466743444,""
34446.7111697197,14.9999999534941,1.74323480754305E-05,0.676223528719486,2.17904350942881E-05,0.845279410899357,56.5415908197198,15.000234383236,15.0000484245071,""
34462.1575393677,15.000000191119,1.7425513794345E-05,0.676492779490953,2.17818922429312E-05,0.845615974363691,56.5414328437926,15.0002360722994,15.0000501748817,""
34477.6020395756,15.0000001153945,1.74197001710928E-05,0.67676183376451,2.1774625213866E-05,0.845952292205637,56.5413909053822,15.0002346455761,15.0000488110844,""
34493.0484089851,15.0000000052896,1.74140643054349E-05,0.677030891917936,2.17675803817936E-05,0.84628861489742,56.5414465140587,15.0002332186802,15.0000474471219,""
34508.4929089546,14.9999999037669,1.74050699040196E-05,0.677299717475333,2.17563373800245E-05,0.846624646844167,56.5413665027628,15.0002337303677,15.000048023903,""
34523.9392786026,14.9999998031728,1.73954862413365E-05,0.677568540552076,2.17443578016706E-05,0.846960675690095,56.5411725092288,15.0002342421171,15.0000486007539,""
34539.3837785721,14.9999998225048,1.73892017039678E-05,0.67783713013265,2.17365021299598E-05,0.847296412665813,56.5411155351564,15.0002360611995,15.0000504798142,""
34554.8301482201,14.9999998550184,1.73834941867401E-05,0.678105717021828,2.17293677334251E-05,0.847632146277285,56.5411736326622,15.0002378805021,15.0000523591018,""
34570.2746481895,14.9999998742065,1.73793246750441E-05,0.678374145142065,2.17241558438051E-05,0.847967681427581,56.5412180560773,15.0002391838942,15.0000537143589,""
34585.7210178375,14.9999998919315,1.73754241410476E-05,0.678642583625283,2.17192801763095E-05,0.848303229531604,56.5412510099567,15.0002404874442,15.00005506978,""
34601.1655180454,14.9999999782291,1.73671334442365E-05,0.678910819298099,2.17089168052957E-05,0.848638524122624,56.5412098051329,15.0002382861625,15.0000529370805,""
34616.611887455,15.000000072088,1.73580716469865E-05,0.679179057561007,2.16975895587331E-05,0.848973821951259,56.5411063651186,15.0002360846143,15.0000508041228,""
34632.0563874245,15.0000001436699,1.73501696598697E-05,0.679447043137975,2.16877120748372E-05,0.849308803922469,56.5410874293878,15.0002339702253,15.0000487475422,""
34647.5027570724,15.0000002128063,1.73424700663142E-05,0.679715022508579,2.16780875828928E-05,0.849643778135723,56.5411393617723,15.0002318555803,15.0000466907127,""
34662.9472570419,15.0000004685537,1.73403407460943E-05,0.67998285315938,2.16754259326179E-05,0.849978566449225,56.5412128881667,15.0002307012969,15.0000455780248,""
34678.3936264515,15.0000007449194,1.73391891314167E-05,0.680250695810087,2.16739864142709E-05,0.850313369762609,56.5413045326211,15.0002295468738,15.0000444652022,""
34693.838126421,15.0000003680517,1.73374447220995E-05,0.680518466629865,2.16718059026244E-05,0.850648083287332,56.5413962760141,15.0002282268157,15.0000431911724,""
34709.284496069,14.9999999190114,1.73355959237868E-05,0.680786262940327,2.16694949047335E-05,0.850982828675409,56.5414881227148,15.0002269065978,15.0000419169885,""
34724.7289960384,14.9999997849575,1.73322820251576E-05,0.681053955633661,2.1665352531447E-05,0.851317444542076,56.5414507053512,15.0002302224459,15.0000452755407,""
34740.1753656864,14.999999685695,1.73287101213097E-05,0.681321668215957,2.16608876516371E-05,0.851652085269946,56.5413050266472,15.0002335386954,15.0000486344996,""
34755.6198656559,14.999999883892,1.73238676418122E-05,0.68158923493395,2.16548345522653E-05,0.851986543667437,56.5411751365058,15.0002376625256,15.0000528003678,""
34771.0662353039,15.0000001150188,1.73188010042031E-05,0.681856814085335,2.16485012552539E-05,0.852321017606668,56.5410584332595,15.000241786855,15.0000569667402,""
34786.5107352734,14.9999998752121,1.73140101363444E-05,0.682124232018098,2.16425126704305E-05,0.852655290022622,56.5410385060129,15.0002477104819,15.0000629347336,""
34801.9571049213,14.9999995832328,1.73092671167294E-05,0.682391659649517,2.16365838959117E-05,0.852989574561897,56.5410995409419,15.0002536348258,15.0000689034493,""
34817.4016048908,14.9999998152028,1.73028141653579E-05,0.682658903920971,2.16285177066974E-05,0.853323629901214,56.5412012292527,15.0002536090661,15.0000689254131,""
34832.8479745388,15.0000001052682,1.72960592063996E-05,0.682926153954614,2.16200740079995E-05,0.853657692443267,56.54133693579,15.0002535833033,15.0000689473796,""
34848.2924745083,15.0000001256331,1.72870538238739E-05,0.683193159471913,2.16088172798424E-05,0.853991449339891,56.5413303081654,15.0002485039159,15.0000639261049,""
34863.7388441563,15.0000001160847,1.72776506713352E-05,0.683460159927366,2.1597063339169E-05,0.854325199909208,56.5412047128995,15.0002434239135,15.0000589042223,""
34879.1833441257,14.9999999822271,1.72695162853958E-05,0.683726900725058,2.15868953567447E-05,0.854658625906323,56.5412118441657,15.0002397392075,15.0000552722124,""
34894.6297135353,14.9999998345499,1.72616044056168E-05,0.683993633728402,2.1577005507021E-05,0.854992042160503,56.5413298587648,15.0002360540555,15.0000516397628,""
34910.0742135048,14.9999998192546,1.72544883166893E-05,0.684260138985153,2.15681103958616E-05,0.855325173731441,56.5414135365489,15.0002318333188,15.0000474722502,""
34925.5205831528,14.9999998186688,1.72475115808942E-05,0.684526642023055,2.15593894761177E-05,0.855658302528819,56.5414685614236,15.0002276120712,15.0000433042331,""
34940.9650833607,14.9999998580661,1.72448626823242E-05,0.684792996469692,2.15560783529053E-05,0.855991245587115,56.5414759502548,15.000223248755,15.0000389798683,""
34956.4114527702,14.999999901916,1.72429772156603E-05,0.685059362617904,2.15537215195754E-05,0.856324203272379,56.5414435836888,15.0002188849108,15.00003465498,""
34971.8559527397,14.9999999662392,1.72399009023738E-05,0.68532562863307,2.15498761279672E-05,0.856657035791337,56.541420067156,15.0002144681167,15.0000302859645,""
34987.3023223877,15.0000000328505,1.72366138607478E-05,0.685591914890829,2.15457673259347E-05,0.856989893613537,56.5414039280339,15.000210050788,15.0000259164201,""
35002.7468223572,14.9999999610019,1.72309935850306E-05,0.685858046585913,2.15387419812883E-05,0.857322558232391,56.5414133246904,15.0002069915615,15.0000229031915,""
35018.1931920052,14.9999998737138,1.7224960249306E-05,0.686124188881124,2.15312003116325E-05,0.857655236101405,56.5414440147925,15.0002039319647,15.0000198895981,""
35033.6376919746,14.9999997731034,1.72197284001189E-05,0.686390152967925,2.15246605001487E-05,0.857987691209907,56.5415391133741,15.000204959619,15.0000209621624,""
35049.0840616226,14.9999996709934,1.72146375015819E-05,0.686656123438215,2.15182968769774E-05,0.858320154297768,56.5416879096987,15.0002059873977,15.0000220348567,""
35064.5285618305,14.9999999292481,1.72052571971913E-05,0.686921861841304,2.15065714964891E-05,0.85865232730163,56.5416669204382,15.0002082042526,15.0000243101334,""
35079.9749312401,15.0000002277707,1.71951167915867E-05,0.687187597044764,2.14938959894834E-05,0.858984496305955,56.5415044999496,15.0002104213758,15.0000265856855,""
35095.4194312096,15.0000000128831,1.71874128604951E-05,0.687453071583581,2.14842660756189E-05,0.859316339479476,56.5414920668368,15.000215951243,15.0000321694281,""
35110.8658008575,14.9999997405933,1.71801390736616E-05,0.687718537811523,2.14751738420771E-05,0.859648172264404,56.5416045052079,15.0002214817797,15.0000377538465,""
35126.310300827,14.9999996081383,1.71730520572628E-05,0.687983783905808,2.14663150715785E-05,0.85997972988226,56.5415991601691,15.0002297094829,15.0000460354621,""
35141.7566702366,14.9999994913064,1.71659971073226E-05,0.688249028807987,2.14574963841533E-05,0.860311286009984,56.5414957994752,15.000237938182,15.0000543180801,""
35157.2011702061,14.9999998527536,1.71577737170179E-05,0.688514038433682,2.14472171462723E-05,0.860642548042103,56.5414762803957,15.000243179287,15.0000596229408,""
35172.6475398541,15.0000002677955,1.71493421106308E-05,0.688779044134604,2.14366776382885E-05,0.860973805168256,56.5415264924466,15.0002484210264,15.0000649284437,""
35188.0920398235,15.000000013568,1.71392568252952E-05,0.689043770983557,2.1424071031619E-05,0.861304713729446,56.5415722331973,15.0002501600308,15.0000667313602,""
35203.5384094715,14.9999996843086,1.71288769078133E-05,0.689308486121682,2.14110961347666E-05,0.861635607652102,56.5416142668899,15.0002518992457,15.000068534495,""
35218.982909441,14.9999999609681,1.71189692020469E-05,0.68957290418236,2.13987115025586E-05,0.861966130227949,56.5415757930097,15.0002502877018,15.0000669931478,""
35234.429279089,15.0000003056263,1.71091438544289E-05,0.68983730722996,2.13864298180361E-05,0.86229663403745,56.5414704136106,15.0002486759627,15.000065451614,""
35249.8737790585,15.0000000252697,1.71006572267958E-05,0.690101441193975,2.13758215334947E-05,0.862626801492469,56.5414523954826,15.0002442838029,15.0000611235134,""
35265.3201487064,14.9999996747074,1.7092407014106E-05,0.690365565046471,2.13655087676325E-05,0.862956956308088,56.5415069299218,15.0002398911114,15.0000567948888,""
35280.7646486759,14.9999998031856,1.70845132463031E-05,0.690629446017552,2.13556415578789E-05,0.863286807521939,56.5415594970181,15.0002351753308,15.0000521454674,""
35296.2110183239,14.9999999855107,1.70766816588283E-05,0.690893321470561,2.13458520735354E-05,0.863616651838201,56.5416104426122,15.0002304589794,15.0000474954832,""
35311.6555182934,14.9999998599386,1.70699950486609E-05,0.691156977250828,2.13374938108261E-05,0.863946221563535,56.5416847968555,15.0002267401781,15.0000438418591,""
35327.1018879414,14.9999996997196,1.70635109526979E-05,0.691420631583792,2.13293886908723E-05,0.86427578947974,56.5417785902802,15.0002230209267,15.0000401877927,""
35342.5463879108,14.9999998758561,1.70547797499496E-05,0.691684049235179,2.1318474687437E-05,0.864605061543974,56.5417578876015,15.0002205623886,15.0000377999272,""
35357.9927573204,15.000000089882,1.70456477535142E-05,0.691947462357912,2.13070596918928E-05,0.86493432794739,56.5416422265989,15.000218103553,15.0000354117726,""
35373.4372572899,14.9999998508788,1.70376909319942E-05,0.692210622266725,2.12971136649928E-05,0.865263277833407,56.5415802176678,15.0002177713479,15.0000351430789,""
35388.8836269379,14.9999995607962,1.70299420483121E-05,0.692473774651447,2.12874275603901E-05,0.865592218314309,56.541562667939,15.0002174391026,15.0000348743527,""
35404.3281269073,14.9999997680716,1.70216008832295E-05,0.692736682839077,2.12770011040369E-05,0.865920853548847,56.5416026238327,15.0002192318661,15.0000367423825,""
35419.7744965553,15.0000000314685,1.70131530971923E-05,0.69299958505004,2.12664413714904E-05,0.866249481312549,56.5416902324811,15.0002210248467,15.0000386106384,""
35435.2189967632,14.9999999902988,1.70048469261836E-05,0.693262236126069,2.12560586577294E-05,0.866577795157586,56.5417864653098,15.0002246749459,15.0000423275876,""
35450.6653661728,14.999999914742,1.699656479397E-05,0.693524879922657,2.12457059924625E-05,0.866906099903321,56.5418898611503,15.0002283254869,15.0000460449866,""
35466.1098661423,15.0000002169603,1.69901907425568E-05,0.693787304262645,2.1237738428196E-05,0.867234130328307,56.5419343569795,15.0002307711184,15.0000485514864,""
35481.5562357903,15.0000005619042,1.69841558253426E-05,0.694049726922139,2.12301947816783E-05,0.867562158652674,56.5419301111345,15.0002332170459,15.0000510582897,""
35497.0007357597,15.0000002708616,1.69757834269753E-05,0.694311923502107,2.12197292837192E-05,0.867889904377634,56.54189650538,15.0002344327763,15.0000523458554,""
35512.4471054077,14.9999999078536,1.69669930291212E-05,0.694574117169785,2.12087412864014E-05,0.868217646462231,56.5418386028755,15.000235648654,15.000053633577,""
35527.8916053772,14.9999999793238,1.69579224622649E-05,0.694836044345584,2.11974030778311E-05,0.86854505543198,56.5418985785553,15.0002390591588,15.0000571150242,""
35543.3379750252,15.0000000999856,1.69488006149542E-05,0.695097961340723,2.11860007686928E-05,0.868872451675904,56.542056039934,15.0002424700764,15.0000605968928,""
35558.7824752331,15.0000000392575,1.69407788533513E-05,0.695359624533079,2.11759735666891E-05,0.869199530666348,56.542105505906,15.0002441912585,15.0000623893369,""
35574.2288446426,14.9999999579695,1.69329523316597E-05,0.69562127973967,2.11661904145746E-05,0.869526599674588,56.5420657259831,15.0002459126489,15.0000641819979,""
35589.6733446121,15.0000000532926,1.69223616437981E-05,0.695882655457788,2.11529520547477E-05,0.869853319322235,56.5420219946404,15.0002458810441,15.0000642261196,""
35605.1197140217,15.0000001686571,1.69112757131257E-05,0.69614401854264,2.11390946414071E-05,0.870180023178301,56.5419749894286,15.0002458494355,15.0000642702466,""
35620.5642139912,15.0000001113107,1.69037081766917E-05,0.696405113813892,2.11296352208646E-05,0.870506392267365,56.541950952153,15.0002448738987,15.0000633638124,""
35636.0105836391,15.0000000343525,1.68967683694534E-05,0.696666198477228,2.11209604618167E-05,0.870832748096535,56.5419458737313,15.0002438982438,15.0000624572684,""
35651.4550836086,15.0000000543601,1.68882940771898E-05,0.696927045982084,2.11103675964873E-05,0.871158807477605,56.5419814101382,15.0002406555764,15.0000592906458,""
35666.9014532566,15.0000000853869,1.68795441756608E-05,0.697187888302178,2.1099430219576E-05,0.871484860377722,56.5420504728654,15.0002374125165,15.0000561236398,""
35682.3459532261,15.0000001763692,1.68694630330515E-05,0.697448449219568,2.10868287913143E-05,0.87181056152446,56.5421063574537,15.0002367480395,15.0000555318663,""
35697.7923228741,15.0000002741817,1.68591422608656E-05,0.697708996974036,2.1073927826082E-05,0.872136246217545,56.5421513840914,15.000236083482,15.0000549400213,""
35713.2368228436,15.0000001779046,1.68528544515615E-05,0.697969305079926,2.10660680644519E-05,0.872461631349908,56.5422408132674,15.0002369913308,15.0000559152542,""
35728.6831924915,15.0000000595233,1.68472877484217E-05,0.698229607436451,2.10591096855271E-05,0.872787009295563,56.5423668707728,15.0002378992895,15.0000568906052,""
35744.127692461,15.0000000900064,1.68414968206857E-05,0.698489728986753,2.10518710258572E-05,0.873112161233441,56.5424858561532,15.0002370077592,15.0000560646277,""
35759.574062109,15.0000001374526,1.6835664901579E-05,0.698749855280159,2.10445811269737E-05,0.873437319100198,56.5425990398994,15.0002361161209,15.0000552385502,""
35775.0185620785,15.0000001952982,1.68303016750564E-05,0.699009804556579,2.10378770938205E-05,0.873762255695723,56.5425337443518,15.0002354817111,15.0000546623886,""
35790.4649317265,15.0000002543374,1.68250216862646E-05,0.699269759215455,2.10312771078307E-05,0.874087199019319,56.5423214272775,15.0002348472244,15.0000540861572,""
35805.9094316959,15.0000001522753,1.68221437164457E-05,0.699529581210292,2.10276796455571E-05,0.874411976512865,56.5422697367037,15.0002350425985,15.0000543373342,""
35821.3558011055,15.0000000318128,1.68196960920065E-05,0.699789416504443,2.10246201150082E-05,0.874736770630554,56.5423502724667,15.0002352379962,15.0000545885416,""
35836.800301075,14.999999984774,1.68145973493737E-05,0.700049115296515,2.10182466867172E-05,0.875061394120644,56.5424156675519,15.0002344214948,15.0000538241944,""
35852.246670723,14.9999999461164,1.68090221813459E-05,0.700308826674624,2.10112777266824E-05,0.87538603334328,56.542468618408,15.0002336048945,15.0000530597546,""
35867.6911706924,15.0000000494133,1.68026698615883E-05,0.70056834860619,2.10033373269854E-05,0.875710435757737,56.5424001518053,15.0002306638855,15.0000501777738,""
35883.1375403404,15.0000001689549,1.67961771091779E-05,0.700827873583199,2.09952213864724E-05,0.876034841978999,56.5422318093521,15.0002277225205,15.000047295444,""
35898.5820403099,14.9999999528263,1.67912344829047E-05,0.701087221067707,2.09890431036308E-05,0.876359026334634,56.5421989553484,15.0002265884064,15.0000462122936,""
35914.0284099579,14.9999996982539,1.67865696098709E-05,0.701346573704034,2.09832120123386E-05,0.876683217130043,56.5422774731756,15.000225454155,15.000045129012,""
35929.4729101658,14.9999997742335,1.67817453659094E-05,0.701605770344012,2.09771817073868E-05,0.877007212930015,56.5423122656289,15.0002284635358,15.000048182725,""
35944.9192795753,14.9999998880867,1.67768917880782E-05,0.701864975954345,2.09711147350978E-05,0.877331219942932,56.542311138621,15.0002314732809,15.0000512368076,""
35960.3637795448,14.999999894716,1.67770956036935E-05,0.702124101234159,2.09713695046169E-05,0.877655126542699,56.5422833858232,15.0002300370681,15.000049832489,""
35975.8101491928,14.9999998890531,1.67782089706503E-05,0.702383249077195,2.09727612133128E-05,0.877979061346494,56.5422337604102,15.0002286006813,15.0000484280003,""
35991.2546491623,15.0000000812352,1.67791627177211E-05,0.702642392234206,2.09739533971514E-05,0.878302990292757,56.5421531149669,15.0002250176813,15.0000448739983,""
36006.7010188103,15.0000002961467,1.67800878787046E-05,0.702901571564344,2.09751098483808E-05,0.87862696445543,56.5420469889228,15.0002214342476,15.0000413195661,""
36022.1455190182,15.0000001689043,1.67762996239053E-05,0.703160670941457,2.09703745298816E-05,0.878950838676821,56.5419539484236,15.0002212265903,15.0000411480927,""
36037.5918881893,15.0000000023459,1.67716622062744E-05,0.703419792924078,2.0964577757843E-05,0.879274741155098,56.5418716234579,15.000221018908,15.0000409765984,""
36053.0363881588,15.0000000601229,1.67662289311833E-05,0.703678749871928,2.09577861639791E-05,0.87959843733991,56.5418814044611,15.0002228677306,15.0000428615955,""
36068.4827578068,15.0000001436976,1.67606515094515E-05,0.703937714084138,2.09508143868144E-05,0.879922142605172,56.5419667190073,15.0002247167771,15.0000447468207,""
36083.9272577763,14.9999999815967,1.67520776529467E-05,0.704196454690441,2.09400970661834E-05,0.880245568363052,56.5420207195813,15.0002296222866,15.0000497067144,""
36099.3736274242,14.9999997912053,1.67429624706109E-05,0.704455191960689,2.09287030882637E-05,0.880568989950861,56.5420490656211,15.0002345283899,15.0000546672086,""
36114.8181273937,15.0000001221789,1.67334666106782E-05,0.704713653482759,2.09168332633478E-05,0.880892066853449,56.5420475630087,15.0002386341215,15.0000588224607,""
36130.2644970417,15.0000005132423,1.67239007387589E-05,0.704972102205443,2.09048759234486E-05,0.881215127756804,56.5420216066439,15.0002427403501,15.0000629782157,""
36145.7089970112,15.000000163525,1.67148658005E-05,0.70523027752243,2.0893582250625E-05,0.881537846903037,56.5420810096628,15.000247782468,15.0000680763333,""
36161.1553666592,14.9999997283683,1.67059253790272E-05,0.705488440396906,2.0882406723784E-05,0.881860550496133,56.5422103219995,15.0002528251962,15.0000731750681,""
36176.5998666286,14.999999795443,1.66974088667156E-05,0.705746344634398,2.08717610833945E-05,0.882182930792997,56.542300143919,15.0002612373213,15.000081644168,""
36192.0462362766,14.9999999204727,1.66889676756475E-05,0.706004239032486,2.08612095945594E-05,0.882505298790608,56.5423576648308,15.0002696504647,15.0000901142931,""
36207.4907362461,15.0000000343424,1.66805906900688E-05,0.706261882352095,2.0850738362586E-05,0.882827352940119,56.5423216116336,15.0002730066981,15.0000935328002,""
36222.9371058941,15.0000001469386,1.66722241062791E-05,0.706519517137292,2.08402801328489E-05,0.883149396421615,56.5422090025804,15.0002763633377,15.0000969517211,""
36238.3816058636,14.9999998691258,1.66633436821997E-05,0.706776893917866,2.08291796027496E-05,0.883471117397332,56.5421560537603,15.0002753097518,15.0000959589269,""
36253.8279755116,14.9999995461501,1.66543691081123E-05,0.707034260851539,2.08179613851404E-05,0.883792826064424,56.5421518742347,15.0002742560384,15.0000949660126,""
36269.272475481,14.9999997508449,1.66456319045591E-05,0.707291365530524,2.08070398806989E-05,0.884114206913155,56.542152203224,15.0002745444568,15.0000953238041,""
36284.7188448906,15.000000016613,1.66369363829338E-05,0.707548459527929,2.07961704786673E-05,0.884435574409911,56.5421562168518,15.0002748329101,15.0000956816389,""
36300.1633448601,15.0000001100366,1.66281284504845E-05,0.707805293224405,2.07851605631056E-05,0.884756616530507,56.5422282975716,15.0002730032773,15.00009391575,""
36315.6097145081,15.0000001835166,1.66192989167559E-05,0.708062116533772,2.07741236459449E-05,0.885077645667215,56.5423559945078,15.000271173423,15.0000921496474,""
36331.0542144775,15.0000001992833,1.66090449565552E-05,0.708318655820215,2.0761306195694E-05,0.885398319775269,56.5423443370355,15.0002659482569,15.0000870029651,""
36346.5005841255,15.0000002083633,1.65985316179028E-05,0.708575180359575,2.07481645223785E-05,0.885718975449469,56.5422189015203,15.0002607224584,15.0000818556597,""
36361.945084095,15.0000000599279,1.65882495658971E-05,0.70883140247054,2.07353119573714E-05,0.886039253088175,56.5422110594468,15.0002566379837,15.0000778441909,""
36377.391453743,14.9999998932004,1.65780079449682E-05,0.709087606428794,2.07225099312103E-05,0.886359508035992,56.5422991774946,15.0002525530146,15.0000738322365,""
36392.8359539509,15.0000000143569,1.65694625766685E-05,0.709343537758533,2.07118282208356E-05,0.886679422198167,56.5423455717223,15.0002503325619,15.0000716825471,""
36408.2823233604,15.0000001689547,1.65612234633844E-05,0.709599456259413,2.07015293292305E-05,0.886999320324266,56.5423579441762,15.0002481118405,15.0000695325974,""
36423.7268233299,15.0000000430256,1.65495507315111E-05,0.709855075315055,2.06869384143889E-05,0.887318844143819,56.5423800956814,15.0002492311621,15.0000707383168,""
36439.1731929779,14.9999998844797,1.65372535735804E-05,0.710110676616638,2.06715669669755E-05,0.887638345770798,56.5424102244206,15.0002503506191,15.0000719441822,""
36454.6176929474,14.9999999488846,1.65255654482395E-05,0.71036593486828,2.06569568102994E-05,0.88795741858535,56.5424433318195,15.0002491314554,15.0000708079369,""
36470.0640625954,15.0000000392304,1.65139861738732E-05,0.71062116737449,2.06424827173415E-05,0.888276459218112,56.542478873655,15.0002479121441,15.0000696715541,""
36485.5085625649,15.0000000961313,1.65046897045075E-05,0.710876101524258,2.06308621306344E-05,0.888595126905323,56.5424591464446,15.0002474737038,15.0000693113652,""
36500.9549319744,15.0000001491464,1.64958064051615E-05,0.711131017961619,2.06197580064519E-05,0.888913772452024,56.5423944009149,15.0002470352104,15.0000689511327,""
36516.3994319439,15.0000000792925,1.64857617978637E-05,0.711385653389204,2.06072022473297E-05,0.889232066736505,56.5424141700357,15.0002444646945,15.0000664661751,""
36531.8458015919,14.9999999951122,1.64755047708546E-05,0.711640274189016,2.05943809635682E-05,0.88955034273627,56.5425027429607,15.0002418938675,15.0000639809166,""
36547.2903015614,15.0000000986745,1.64655787603256E-05,0.711894601173625,2.0581973450407E-05,0.889868251467031,56.542500252771,15.0002406239011,15.0000627950451,""
36562.7366712093,15.0000002241465,1.64557115016284E-05,0.712148911133719,2.05696393770355E-05,0.890186138917149,56.5424236680408,15.0002393537809,15.0000616090301,""
36578.1811711788,15.0000000775252,1.64460076541406E-05,0.712402934937851,2.05575095676757E-05,0.890503668672314,56.5424291635531,15.0002355227688,15.0000578606635,""
36593.6275408268,14.9999998991226,1.64363321397177E-05,0.712656943040271,2.05454151746471E-05,0.890821178800339,56.5425014126259,15.0002316912928,15.000054111843,""
36609.0720407963,14.9999998056341,1.64283914253029E-05,0.712910694328373,2.05354892816286E-05,0.891138367910466,56.5425471509385,15.0002315197816,15.0000540192613,""
36624.5184104443,14.999999722054,1.64207652798154E-05,0.713164435189355,2.05259565997693E-05,0.891455543986693,56.5425713497699,15.0002313482496,15.0000539266684,""
36639.9629104137,14.9999998707064,1.6412462208458E-05,0.713417935593181,2.05155777605724E-05,0.891772419491477,56.542575320971,15.0002284185448,15.0000510745017,""
36655.4092800617,15.000000046536,1.64040346902961E-05,0.713671428489275,2.05050433628701E-05,0.892089285611593,56.5425628588703,15.0002254884854,15.0000482219898,""
36670.8537800312,15.0000001158868,1.6397243623268E-05,0.713924695768092,2.0496554529085E-05,0.892405869710115,56.5425413014503,15.0002208311664,15.0000436403552,""
36686.3001496792,15.0000001727843,1.63907497263269E-05,0.714177958188008,2.04884371579087E-05,0.89272244773501,56.5425123533197,15.0002161732837,15.0000390581659,""
36701.7446496487,14.9999999880957,1.63827799134276E-05,0.714430997484954,2.04784748917845E-05,0.893038746856192,56.5424881715145,15.0002166453119,15.0000396025885,""
36717.1910192966,14.9999997750809,1.63745399144936E-05,0.714684032325114,2.0468174893117E-05,0.893355040406393,56.5424678530731,15.0002171173973,15.0000401470769,""
36732.6355192661,14.9999998284267,1.63667869430925E-05,0.714936828786562,2.04584836788657E-05,0.893671035983202,56.5424671617706,15.0002206752363,15.000043783351,""
36748.0818886757,14.999999913011,1.63591216923506E-05,0.715189617950331,2.04489021154382E-05,0.893987022437914,56.542482393213,15.000224233506,15.0000474200653,""
36763.5263888836,14.9999998569804,1.63485141937935E-05,0.715442130837195,2.04356427422419E-05,0.894302663546493,56.5424644945031,15.0002257834186,15.0000490521443,""
36778.9727582932,14.9999997844401,1.63373682313277E-05,0.715694629442965,2.04217102891596E-05,0.894618286803706,56.5424197275448,15.0002273335188,15.0000506844208,""
36794.4172582626,14.9999997763069,1.63247915202893E-05,0.715946784247829,2.04059894003616E-05,0.894933480309786,56.5424417795919,15.0002251849717,15.0000486307771,""
36809.8636279106,14.9999997757379,1.63119517577158E-05,0.716198912373985,2.03899396971448E-05,0.895248640467481,56.5425179916406,15.0002230361645,15.0000465768848,""
36825.3081278801,14.9999997289867,1.62953583647334E-05,0.716450616646449,2.03691979559167E-05,0.895563270808062,56.5424392116376,15.0002210407697,15.0000446737871,""
36840.7544975281,14.9999996767999,1.62780768083878E-05,0.716702279518714,2.03475960104848E-05,0.895877849398393,56.5422348585974,15.0002190451333,15.0000427704589,""
36856.1989974976,14.999999507669,1.6272344576139E-05,0.716953638988639,2.03404307201737E-05,0.896192048735798,56.5422142258589,15.0002196392731,15.0000434413285,""
36871.6453671455,14.9999993247545,1.62687227649858E-05,0.717204978987489,2.03359034562323E-05,0.896506223734362,56.5423423436676,15.0002202334848,15.0000441122793,""
36887.0898673534,14.9999996503577,1.62623766758776E-05,0.717456151907729,2.0327970844847E-05,0.896820189884661,56.542400843612,15.0002252197608,15.0000491782682,""
36902.536236763,15.0000000358951,1.62555313952659E-05,0.717707330228002,2.03194142440824E-05,0.897134162785002,56.5424030156115,15.0002302066403,15.0000542448702,""
36917.9807367325,14.99999985753,1.62479971949267E-05,0.717958288764889,2.03099964936584E-05,0.897447860956111,56.5423937020519,15.0002338216055,15.0000579377999,""
36933.4271063805,14.9999996126689,1.62403358384707E-05,0.718209243019521,2.03004197980884E-05,0.897761553774401,56.542375095902,15.0002374370084,15.0000616311765,""
36948.8716063499,14.9999997542576,1.62300884746358E-05,0.71845992691969,2.02876105932948E-05,0.898074908649613,56.5424405226804,15.0002395562864,15.0000638355209,""
36964.3179757595,14.99999994146,1.62193661208351E-05,0.718710597215661,2.02742076510439E-05,0.898388246519576,56.5425739038745,15.0002416758208,15.000066040132,""
36979.762475729,14.9999998419255,1.62090241279251E-05,0.718960963116871,2.02612801599063E-05,0.898701203896089,56.5426629876543,15.0002370771816,15.0000615263846,""
36995.208845377,14.9999997085176,1.61987503403485E-05,0.719211309110309,2.02484379254356E-05,0.899014136387887,56.5427162942835,15.0002324779857,15.0000570120908,""
37010.6533453465,14.999999911986,1.61882977771257E-05,0.719461353842031,2.02353722214072E-05,0.899326692302539,56.5426704007045,15.0002290009742,15.0000536190363,""
37026.0997149944,15.0000001552981,1.61778109444241E-05,0.719711379166929,2.02222636805302E-05,0.899639223958661,56.542544372848,15.0002255235418,15.000050225571,""
37041.5442149639,14.9999999171059,1.61679430404255E-05,0.719961110052421,2.02099288005318E-05,0.899951387565526,56.5425065467692,15.0002238162826,15.0000486028506,""
37056.9905846119,14.9999996219212,1.61581872447212E-05,0.72021082270968,2.01977340559015E-05,0.9002635283871,56.5425399183072,15.0002221088168,15.0000469799338,""
37072.4350845814,14.9999998186748,1.6148113315078E-05,0.720460245595665,2.01851416438475E-05,0.900575306994581,56.5425967652996,15.0002267993726,15.0000517576796,""
37087.8814542294,15.000000073701,1.61379795583447E-05,0.720709651038898,2.01724744479309E-05,0.900887063798623,56.5426725673393,15.0002314904963,15.0000565360038,""
37103.3259541988,15.0000001635699,1.61274912251268E-05,0.720958756343078,2.01593640314085E-05,0.901198445428848,56.5426654140504,15.00023526537,15.0000603979016,""
37118.7723238468,15.000000233879,1.6116936281048E-05,0.721207842228638,2.014617035131E-05,0.901509802785797,56.5425913543737,15.0002390407007,15.0000642602668,""
37134.2168238163,15.0000002671167,1.61084961642096E-05,0.721456655187844,2.0135620205262E-05,0.901820818984805,56.542570383608,15.0002406524695,15.0000659533206,""
37149.6631934643,15.0000002959619,1.61004433834906E-05,0.721705453658485,2.01255542293632E-05,0.902131817073106,56.5425922043617,15.0002422644335,15.0000676465792,""
37165.1076934338,15.0000002681876,1.6090878329148E-05,0.721953988528021,2.01135979114351E-05,0.902442485660027,56.5426398325554,15.0002438071604,15.0000692739291,""
37180.5540628433,15.0000002336879,1.60810339073584E-05,0.722202510554635,2.01012923841979E-05,0.902753138193294,56.5427082648986,15.0002453500739,15.000070901476,""
37195.9985628128,15.0000002293232,1.60724727035227E-05,0.722450765468247,2.00905908794033E-05,0.903063456835309,56.5428029761089,15.0002467028798,15.0000723385475,""
37211.4449324608,15.0000002285385,1.60641462945306E-05,0.722699006832042,2.00801828681633E-05,0.903373758540053,56.5429188712285,15.0002480558494,15.000073775793,""
37226.8894326687,15.0000000535709,1.60530964444309E-05,0.722946958855968,2.00663705555386E-05,0.90368369856996,56.5429233321145,15.0002455149844,15.0000713252558,""
37242.3358020782,14.9999998578651,1.60415438098666E-05,0.723194893164227,2.00519297623333E-05,0.903993616455284,56.5428380963828,15.0002429738119,15.0000688744221,""
37257.7803020477,15.0000000819339,1.6033106871847E-05,0.723442544217517,2.00413835898088E-05,0.904303180271896,56.5428188611795,15.0002385037103,15.0000644804893,""
37273.2266716957,15.0000003559982,1.60252424328049E-05,0.723690178613481,2.00315530410062E-05,0.904612723266852,56.5428527220535,15.0002340330676,15.0000600860247,""
37288.6711716652,15.0000004177167,1.60172325486828E-05,0.723937575646934,2.00215406858535E-05,0.904921969558667,56.5428436736148,15.0002273531778,15.0000534896351,""
37304.1175413132,15.0000004541461,1.60091947198158E-05,0.724184964416468,2.00114933997697E-05,0.905231205520585,56.5428001177145,15.0002206724793,15.0000468924471,""
37319.5620412827,14.9999999482567,1.59998387354673E-05,0.72443209323489,1.99997984193341E-05,0.905540116543612,56.5427477210642,15.000217607121,15.0000439091656,""
37335.0084109306,14.9999993776336,1.5990238420714E-05,0.724679209565657,1.99877980258925E-05,0.905849011957071,56.5426882071741,15.0002145413917,15.0000409255231,""
37350.4529111385,14.9999998484879,1.59812561790579E-05,0.724926055157355,1.99765702238224E-05,0.906157568946694,56.5426450393892,15.0002157477193,15.0000422112512,""
37365.8992805481,15.0000004436986,1.59723866489255E-05,0.725172886199086,1.99654833111568E-05,0.906466107748858,56.5426149940118,15.000216954193,15.0000434971349,""
37381.3437805176,15.0000003270053,1.59627009226812E-05,0.725419443461595,1.99533761533515E-05,0.906774304326994,56.5425918310186,15.0002184531552,15.0000450832059,""
37396.7901501656,15.0000001252609,1.5952863182209E-05,0.725665985554633,1.99410789777612E-05,0.907082481943291,56.5425741893031,15.0002199522987,15.000046669469,""
37412.234650135,14.9999999268978,1.59425033355118E-05,0.725912233215463,1.99281291693898E-05,0.907390291519328,56.5425395857013,15.0002225324322,15.0000493333462,""
37427.6810195446,14.9999997289121,1.59320455972754E-05,0.726158461820734,1.99150569965942E-05,0.907698077275917,56.5424913613738,15.000225112878,15.0000519975459,""
37443.1255195141,14.9999998342551,1.59237633995166E-05,0.726404421560191,1.99047042493957E-05,0.908005526950238,56.5424714816773,15.0002252828242,15.0000522457572,""
37458.5718891621,14.9999999759079,1.59158819471187E-05,0.726650366902121,1.98948524338984E-05,0.908312958627652,56.5424743351732,15.0002254527909,15.0000524939985,""
37474.0163891315,15.0000000858937,1.59101781356067E-05,0.726896110631496,1.98877226695083E-05,0.90862013828937,56.5424626888306,15.0002225562015,15.0000496681557,""
37489.4627587795,15.000000192102,1.59048760509332E-05,0.727141852340513,1.98810950636665E-05,0.908927315425641,56.5424394141494,15.0002196592614,15.0000468419708,""
37504.907258749,15.0000003288995,1.58984077583612E-05,0.727387408071556,1.98730096979515E-05,0.909234260089445,56.5423989388721,15.0002142501502,15.0000415055918,""
37520.353628397,15.0000004693821,1.58917228402223E-05,0.727632964629327,1.98646535502778E-05,0.909541205786659,56.5423446702931,15.0002088403841,15.0000361685668,""
37535.7981283665,15.0000002643513,1.58837952216048E-05,0.727878298016239,1.9854744027006E-05,0.909847872520299,56.5422973965633,15.0002028014777,15.0000302045624,""
37551.2444980145,15.0000000178408,1.587563649247E-05,0.728123625299034,1.98445456155875E-05,0.910154531623793,56.5422557154182,15.0001967618402,15.0000242398361,""
37566.6889979839,14.9999999194064,1.58692510488351E-05,0.72836873762483,1.98365638110439E-05,0.910460922031038,56.5422692663212,15.0001958476665,15.0000233908343,""
37582.1353676319,14.9999998387391,1.58631930342173E-05,0.728613845315802,1.98289912927717E-05,0.910767306644753,56.5423270395011,15.0001949333821,15.0000225417298,""
37597.5798676014,14.9999998395679,1.58546485300697E-05,0.72885872704732,1.98183106625871E-05,0.91107340880915,56.5423468065031,15.0001959307498,15.0000236139243,""
37613.0262372494,14.9999998501912,1.58456421408069E-05,0.72910360205351,1.98070526760087E-05,0.911379502566887,56.5423361646037,15.0001969282382,15.0000246862486,""
37628.4707372189,14.9999998739899,1.58373417789904E-05,0.729348223619588,1.9796677223738E-05,0.911685279524486,56.542267396041,15.000195870809,15.0000236976336,""
37643.9171066284,14.9999998993766,1.58291711008786E-05,0.729592833305018,1.97864638760983E-05,0.911991041631273,56.5421521213219,15.0001948132518,15.0000227088989,""
37659.3616065979,14.9999998277088,1.58196687028408E-05,0.729837179908142,1.9774585878551E-05,0.912296474885178,56.5421205072721,15.0001955570972,15.0000235326979,""
37674.8079762459,14.9999997443466,1.58099179463196E-05,0.730081512782866,1.97623974328995E-05,0.912601890978582,56.5421557674587,15.0001963010326,15.0000243565968,""
37690.2524762154,14.9999996818263,1.58005785794432E-05,0.730325568378136,1.9750723224304E-05,0.91290696047267,56.542115849662,15.0001956079458,15.0000237344363,""
37705.6988458633,14.9999996218088,1.57913142151372E-05,0.730569607545302,1.97391427689215E-05,0.913212009431628,56.5420158528534,15.000194914775,15.0000231122006,""
37721.1433460712,14.9999998230608,1.5784860144708E-05,0.730813419219847,1.9731075180885E-05,0.913516774024809,56.5420727852144,15.0001922638121,15.0000205296691,""
37736.5897154808,15.0000000558495,1.57789269530675E-05,0.7310572236418,1.97236586913344E-05,0.91382152955225,56.5422550613968,15.0001896125284,15.0000179468251,""
37752.0342154503,15.0000000565216,1.5774374583525E-05,0.731300865320525,1.97179682294063E-05,0.914126081650656,56.5423302600416,15.0001842336094,15.0000126283026,""
37767.4805850983,15.0000000291759,1.57700780885418E-05,0.7315445117385,1.97125976106773E-05,0.914430639673125,56.5423199995388,15.0001788540393,15.0000073091363,""
37782.9250850677,14.9999999895921,1.57646080189028E-05,0.731787998620342,1.97057600236285E-05,0.914734998275428,56.5423584314103,15.0001757990973,15.0000043178642,""
37798.3714547157,14.9999999485244,1.57589190174379E-05,0.73203149080234,1.96986487717974E-05,0.915039363502925,56.542435721673,15.0001727437854,15.00000132623,""
37813.8159546852,14.9999998570298,1.57528558384217E-05,0.732274799554484,1.96910697980272E-05,0.915343499443105,56.5424623635129,15.0001742036459,15.000002842259,""
37829.2623243332,14.9999997594253,1.57467221974672E-05,0.732518109123947,1.96834027468341E-05,0.915647636404934,56.5424486202718,15.0001756636831,15.0000043584716,""
37844.7068245411,14.9999999997485,1.57431344186455E-05,0.732761268825016,1.96789180233069E-05,0.91595158603127,56.5424236525337,15.0001768312049,15.0000055778208,""
37860.1531939507,15.0000002810007,1.57400198791721E-05,0.73300443554333,1.96750248489652E-05,0.916255544429162,56.5423897324923,15.000177998868,15.0000067973176,""
37875.5976939201,15.000000204722,1.57368729490366E-05,0.733247491223374,1.96710911862958E-05,0.916559364029218,56.5424601660402,15.0001771648937,15.0000060104384,""
37891.0440633297,15.0000000851267,1.57337195362171E-05,0.733490561126896,1.96671494202714E-05,0.916863201408621,56.5426137527501,15.0001763308185,15.000005223464,""
37906.4885632992,15.0000000045233,1.57282210134388E-05,0.733733483276405,1.96602762667985E-05,0.917166854095507,56.5426646766027,15.0001808813563,15.0000098287408,""
37921.9349329472,14.999999928636,1.57222848211081E-05,0.733976412785638,1.96528560263852E-05,0.917470515982047,56.5426338607839,15.0001854324449,15.0000144345751,""
37937.3794329166,14.9999996030094,1.57138184535496E-05,0.73421911924687,1.9642273066937E-05,0.917773899058588,56.5425945172382,15.0001941935826,15.0000232560819,""
37952.8258025646,14.9999992470361,1.57048792529409E-05,0.734461818990784,1.96310990661761E-05,0.91807727373848,56.5425483778147,15.0002029557809,15.0000320786566,""
37968.2703025341,14.9999997247421,1.56982561827328E-05,0.734704292400769,1.9622820228416E-05,0.918380365500961,56.5425168500015,15.0002094691155,15.0000386424031,""
37983.7166721821,15.0000003037561,1.56920641196058E-05,0.734946758427183,1.96150801495073E-05,0.918683448033979,56.5424969391952,15.0002159832386,15.0000452069443,""
37999.1611721516,15.0000000287454,1.56856267165044E-05,0.735189030119096,1.96070333956305E-05,0.91898628764887,56.5425333255898,15.0002199879966,15.0000492669378,""
38014.6075417995,14.9999996498937,1.56791426074926E-05,0.735431300349355,1.95989282593658E-05,0.919289125436694,56.5426144835963,15.0002239932394,15.0000533274228,""
38030.052041769,14.9999998808253,1.56700648465378E-05,0.735673332408702,1.95875810581723E-05,0.919591665510877,56.5426609012528,15.0002282993767,15.0000576971597,""
38045.498411417,15.0000001859692,1.56605015307573E-05,0.735915354770437,1.95756269134466E-05,0.919894193463046,56.5426797193804,15.0002326060354,15.0000620674257,""
38060.9429113865,15.0000001708533,1.56523920869187E-05,0.736157121377841,1.95654901086484E-05,0.920196401722301,56.5426750126502,15.0002370651117,15.0000665901437,""
38076.3892810345,15.0000001167415,1.56445530746689E-05,0.736398874943217,1.95556913433362E-05,0.920498593679021,56.5426516178772,15.0002415247278,15.0000711134092,""
38091.833781004,15.0000001527864,1.56363142680428E-05,0.736640389053266,1.95453928350535E-05,0.920800486316582,56.5426097578488,15.000244691998,15.0000743416127,""
38107.2801504135,15.0000001998228,1.56279995512563E-05,0.736881893104413,1.95349994390704E-05,0.921102366380516,56.5425532280108,15.0002478596516,15.000077570207,""
38122.724650383,15.0000001585725,1.56207319221142E-05,0.737123167720856,1.95259149026428E-05,0.92140395965107,56.542566678433,15.0002494100572,15.0000791838293,""
38138.171020031,15.0000001065486,1.56136590702286E-05,0.737364434099344,1.95170738377857E-05,0.92170554262418,56.5426356662215,15.0002509606504,15.0000807976469,""
38153.6155200005,15.0000004077416,1.56063129231169E-05,0.737605483007388,1.95078911538961E-05,0.922006853759235,56.5426298878601,15.000251717175,15.0000816166764,""
38169.0618896484,15.0000007520935,1.55989145816735E-05,0.737846525863824,1.94986432270919E-05,0.92230815732978,56.5425648049565,15.0002524737913,15.0000824358052,""
38184.5063896179,15.0000003516514,1.55900360641575E-05,0.738087324182423,1.94875450801968E-05,0.922609155228029,56.5425942372245,15.0002521423284,15.0000821680656,""
38199.9527592659,14.9999998601577,1.55808791494664E-05,0.738328111326373,1.9476098936833E-05,0.922910139157967,56.5426986069862,15.0002518108254,15.0000819002936,""
38215.3972594738,14.9999999777629,1.5574939626473E-05,0.738568680789934,1.94686745330913E-05,0.923210850987417,56.542741746656,15.0002510152707,15.000081167622,""
38230.8436288834,15.0000001698664,1.5569601947523E-05,0.738809244046676,1.94620024344038E-05,0.923511555058344,56.5427363766242,15.0002502196197,15.0000804348618,""
38246.2881288528,15.0000001235348,1.55610952478773E-05,0.739049590382238,1.94513690598467E-05,0.923811987977797,56.5427535513897,15.000250628172,15.0000809104449,""
38261.7344985008,15.0000000480154,1.55519933618808E-05,0.739289930609171,1.9439991702351E-05,0.924112413261464,56.5427885857364,15.0002510367737,15.0000813860857,""
38277.1789984703,15.0000001167619,1.5543708224856E-05,0.7395300175986,1.942963528107E-05,0.92441252199825,56.5428149175153,15.0002515307099,15.0000819462388,""
38292.6253681183,15.0000002031894,1.55355750627634E-05,0.739770091612981,1.94194688284542E-05,0.924712614516227,56.5428343658089,15.0002520247058,15.0000825064596,""
38308.0698680878,15.0000001906454,1.5526634610609E-05,0.740009912554346,1.94082932632613E-05,0.925012390692933,56.5428526802396,15.0002449555941,15.000075506877,""
38323.5162374973,15.0000001659658,1.55175413977132E-05,0.740249720486436,1.93969267471415E-05,0.925312150608045,56.5428701014842,15.0002378856268,15.0000685064471,""
38338.9607374668,15.0000000908528,1.55087230344969E-05,0.7404892671457,1.93859037931211E-05,0.925611583932125,56.5428322540684,15.0002277197164,15.0000584077066,""
38354.4071071148,15.0000000095412,1.54999550030294E-05,0.740728799196709,1.93749437537867E-05,0.925910998995886,56.5427506891572,15.0002175525755,15.0000483077436,""
38369.8516070843,15.0000000009166,1.54946688896577E-05,0.740968128018049,1.93683361120721E-05,0.926210160022561,56.5426847054916,15.0002116679398,15.0000424846119,""
38385.2979767323,15.0000000012175,1.54900360632885E-05,0.741207453079408,1.93625450791107E-05,0.92650931634926,56.5426310239236,15.0002057825918,15.0000366607752,""
38400.7424767017,15.0000000427081,1.54832883203955E-05,0.741446596036277,1.93541104004943E-05,0.926808245045346,56.5426658879898,15.0002039530921,15.0000348950526,""
38416.1888463497,15.0000000892672,1.54761421205644E-05,0.741685739158797,1.93451776507055E-05,0.927107173948496,56.5427707173118,15.0002021233708,15.0000331291162,""
38431.6333463192,14.9999999817089,1.54680765045265E-05,0.741924653324681,1.93350956306581E-05,0.927405816655852,56.5427911026578,15.0002037660601,15.0000348383185,""
38447.0797159672,14.9999998551765,1.54598368344305E-05,0.742163558797054,1.93247960430381E-05,0.927704448496317,56.5427448080876,15.0002054089481,15.0000365477278,""
38462.5242159367,14.9999999180221,1.5452713695524E-05,0.742402238376056,1.9315892119405E-05,0.92800279797007,56.5427741088258,15.0002079592851,15.0000391644261,""
38477.9705855846,15.0000000041935,1.54457996084558E-05,0.742640909783496,1.93072495105698E-05,0.92830113722937,56.5428630832619,15.0002105099308,15.0000417814412,""
38493.4150855541,15.0000000944189,1.54365918911075E-05,0.742879337131723,1.92957398638844E-05,0.928599171414654,56.5428030904937,15.0002139407883,15.0000452802787,""
38508.8614552021,15.0000001851563,1.5426951063558E-05,0.743117752831952,1.92836888294475E-05,0.92889719103994,56.542625562694,15.0002173720611,15.0000487795397,""
38524.3059551716,14.9999998156797,1.54183796721888E-05,0.743355905585861,1.9272974590236E-05,0.929194881982326,56.542533873993,15.0002178748853,15.0000493525985,""
38539.7523248196,14.9999993893916,1.54100084841878E-05,0.743594043072498,1.92625106052347E-05,0.929492553840622,56.542509851701,15.0002183777704,15.0000499257267,""
38555.196824789,14.9999997436274,1.54020945499777E-05,0.743831941212992,1.92526181874721E-05,0.92978992651624,56.542482178325,15.0002144425613,15.0000460562063,""
38570.6431941986,15.0000001942609,1.53942656517877E-05,0.744069828469423,1.92428320647346E-05,0.930087285586778,56.5424516214021,15.0002105068759,15.0000421862176,""
38586.0876941681,14.9999999393438,1.53877736648926E-05,0.744307504113764,1.92347170811158E-05,0.930384380142205,56.5424286272995,15.000209144293,15.0000408883414,""
38601.5340638161,14.9999995972229,1.53815328378027E-05,0.744545174052888,1.92269160472534E-05,0.93068146756611,56.5424115858385,15.0002077815452,15.0000395903081,""
38616.9785637856,14.9999995784484,1.53729934706717E-05,0.744782617537044,1.92162418383396E-05,0.930978271921305,56.5423926190424,15.0002102376821,15.000042118975,""
38632.4249334335,14.9999995996541,1.5364019214243E-05,0.745020052463988,1.92050240178038E-05,0.931275065579985,56.542372132203,15.0002126941163,15.0000446479479,""
38647.869433403,14.9999999342379,1.53556727447427E-05,0.745257235149799,1.91945909309284E-05,0.931571543937248,56.5423825990735,15.0002178892356,15.0000499077926,""
38663.315803051,15.0000003076505,1.53474435822066E-05,0.745494404352734,1.91843044777583E-05,0.931868005440917,56.5424174280754,15.0002230849839,15.0000551682741,""
38678.7603032589,15.0000003185279,1.533965990486E-05,0.745731337914558,1.9174574881075E-05,0.932164172393198,56.5423653615023,15.0002255307036,15.0000576863235,""
38694.2066726685,15.0000002845015,1.5331959248389E-05,0.745968261061851,1.91649490604862E-05,0.932460326327313,56.5422449324078,15.0002279767192,15.0000602046776,""
38709.6511726379,15.000000106276,1.5324195260701E-05,0.746204954488195,1.91552440758763E-05,0.932756193110244,56.5421785826216,15.0002251538841,15.0000574451396,""
38725.0975422859,14.9999999101498,1.53164181873108E-05,0.746441638570127,1.91455227341386E-05,0.933052048212659,56.5421547358875,15.0002223307073,15.0000546852676,""
38740.5420422554,15.0000002264149,1.53106496569111E-05,0.746678122990778,1.91383120711389E-05,0.933347653738472,56.5422329469942,15.0002181828087,15.0000505998286,""
38755.9884119034,15.0000006062983,1.53052600746336E-05,0.746914603700546,1.9131575093292E-05,0.933643254625683,56.5423913739372,15.0002140344079,15.000046513895,""
38771.4329118729,15.0000002577861,1.52973772622308E-05,0.747150877274742,1.91217215777885E-05,0.933938596593428,56.5424373750738,15.00020953025,15.000042078989,""
38786.8792812824,14.9999998187734,1.52890216331675E-05,0.747387145672327,1.91112770414593E-05,0.934233932090409,56.5423950832831,15.000205025547,15.0000376435462,""
38802.3237812519,14.9999998420298,1.52817397730158E-05,0.747623185031884,1.91021747162698E-05,0.934528981289854,56.5424389313631,15.000203182289,15.000035863607,""
38817.7701508999,14.9999999227433,1.52746601167394E-05,0.747859215019696,1.90933251459242E-05,0.93482401877462,56.5425504127381,15.0002013388078,15.0000340834523,""
38833.2146508694,14.9999998991085,1.52660169993858E-05,0.748095008418055,1.90825212492323E-05,0.935118760522569,56.5426874706052,15.0002023980821,15.0000352127224,""
38848.6610205173,14.9999998624904,1.52570765302951E-05,0.748330790959012,1.90713456628688E-05,0.935413488698764,56.5428446269595,15.0002034574847,15.0000363421292,""
38864.1055204868,14.9999999072118,1.52482345714529E-05,0.748566314303095,1.90602932143161E-05,0.935707892878869,56.5429025698539,15.0002031257264,15.0000360805289,""
38879.5518901348,14.9999999620658,1.52394100066557E-05,0.748801822445338,1.90492625083197E-05,0.936002278056673,56.5428827145746,15.0002027939279,15.0000358188968,""
38894.9963901043,15.000000149312,1.52299946612031E-05,0.749037063807049,1.90374933265039E-05,0.936296329758812,56.5428160288733,15.0001966256272,15.0000297249656,""
38910.4427597523,15.0000003530802,1.52204659482704E-05,0.749272288464565,1.9025582435338E-05,0.936590360580707,56.5427126188614,15.0001904565798,15.0000236302968,""
38925.8872597218,15.0000001902816,1.52133696509098E-05,0.749507274808982,1.90167120636372E-05,0.936884093511227,56.5426591778819,15.0001855865826,15.0000188226392,""
38941.3336293697,14.9999999817464,1.52067337676518E-05,0.749742249788145,1.90084172095647E-05,0.937177812235181,56.5426448763561,15.0001807159959,15.0000140143997,""
38956.7781293392,15.0000000112997,1.5199453770378E-05,0.749977014091318,1.89993172129725E-05,0.937471267614148,56.5426657034784,15.0001843006395,15.0000176695233,""
38972.2244989872,15.0000000705741,1.51920504675283E-05,0.750211772221212,1.89900630844103E-05,0.937764715276515,56.5427140450476,15.0001878857172,15.0000213250894,""
38987.6689989567,14.9999998809391,1.51833946823147E-05,0.750446290397025,1.89792433528933E-05,0.938057862996282,56.5427525316061,15.0001927086484,15.0000262181216,""
39003.1153686047,14.9999996601842,1.51744997912372E-05,0.750680796785016,1.89681247390465E-05,0.93835099598127,56.5427833126059,15.0001975321636,15.0000311117462,""
39018.5598685741,14.9999997019782,1.51670265019889E-05,0.750915065851254,1.89587831274861E-05,0.938643832314067,56.5428102440309,15.0002015610564,15.0000352101853,""
39034.0062379837,14.9999997766035,1.51598222600771E-05,0.751149323568419,1.89497778250964E-05,0.938936654460524,56.5428341695491,15.0002055904369,15.0000393091205,""
39049.4507381916,14.9999998125086,1.51527625306741E-05,0.751383368177555,1.89409531633426E-05,0.939229210221943,56.5428745217671,15.0002065330927,15.0000403147232,""
39064.8971076012,14.9999998435735,1.51457292587524E-05,0.751617405982081,1.89321615734406E-05,0.939521757477602,56.542927727812,15.0002074758627,15.0000413204475,""
39080.3416075706,15.0000000309022,1.51384602091152E-05,0.751851229281185,1.89230752613939E-05,0.939814036601482,56.5429790366926,15.0002096187142,15.0000435303816,""
39095.7879772186,15.0000002378267,1.51311452622483E-05,0.752085045466736,1.89139315778104E-05,0.940106306833419,56.5430288738492,15.000211761825,15.0000457405831,""
39111.2324771881,15.0000000055648,1.51251264119632E-05,0.752318663537473,1.8906408014954E-05,0.940398329421842,56.5430300534518,15.0002174293083,15.0000514695411,""
39126.6788468361,14.9999997182216,1.51193533736149E-05,0.752552277566004,1.88991917170186E-05,0.940690346957505,56.5429932221365,15.0002230974776,15.0000571991927,""
39142.1233468056,14.9999999258702,1.51123452711909E-05,0.752785694435483,1.88904315889886E-05,0.940982118044354,56.5429591709459,15.0002236071751,15.0000577744007,""
39157.5697164536,15.0000001956439,1.51051009674666E-05,0.753019107398147,1.88813762093333E-05,0.941273884247684,56.5429272831741,15.0002241169344,15.0000583496783,""
39173.0142166615,15.0000001425755,1.50999045669545E-05,0.753252335776852,1.88748807086931E-05,0.941565419721065,56.5429460129849,15.0002207041957,15.0000549905859,""
39188.460586071,15.0000000489651,1.50950976091669E-05,0.75348556259213,1.88688720114586E-05,0.941856953240162,56.5430042503096,15.000217291044,15.0000516310869,""
39203.9050860405,14.9999999988308,1.50918780895706E-05,0.753718660985801,1.88648476119633E-05,0.942148326232251,56.5429954972649,15.0002138785279,15.0000482687326,""
39219.3514556885,14.9999999541531,1.50889607287004E-05,0.753951768494852,1.88612009108755E-05,0.942439710618565,56.5429344867417,15.0002104655988,15.0000449059712,""
39234.795955658,14.9999999625191,1.50853217114786E-05,0.754184760958158,1.88566521393482E-05,0.942730951197698,56.5428729606174,15.0002107982716,15.0000452866342,""
39250.2423250675,14.9999999775575,1.50815445212453E-05,0.754417765059576,1.88519306515566E-05,0.94302220632447,56.5428110192438,15.0002111309847,15.0000456673433,""
39265.686825037,15.0000000063826,1.50769190251904E-05,0.754650629877751,1.8846148781488E-05,0.943313287347189,56.5428302470426,15.0002160474148,15.0000506331459,""
39281.133194685,15.0000000369469,1.50721309686838E-05,0.754883501683963,1.88401637108547E-05,0.943604377104954,56.5429127324599,15.00022096444,15.0000555995496,""
39296.5776946545,15.0000001245634,1.50661275941258E-05,0.755116202339426,1.88326594926572E-05,0.943895252924283,56.5429673711503,15.0002260174004,15.0000607038072,""
39312.0240643024,15.0000002193793,1.50598912923511E-05,0.7553489038634,1.88248641154388E-05,0.94418612982925,56.5430003318908,15.0002310709725,15.0000658086827,""
39327.4685642719,15.0000001790261,1.50542059077325E-05,0.755581423988389,1.88177573846656E-05,0.944476779985487,56.5429937916229,15.0002354571987,15.0000702422105,""
39342.9149339199,15.0000001216244,1.50486249567038E-05,0.755813942983075,1.88107811958798E-05,0.944767428728844,56.5429564978814,15.0002398439559,15.000074676275,""
39358.3594338894,15.0000001610163,1.50427493809794E-05,0.756046284550088,1.88034367262243E-05,0.94505785568761,56.5430080601349,15.0002375448848,15.0000724277333,""
39373.8058035374,15.0000002126281,1.50368166390327E-05,0.756278625704273,1.87960207987909E-05,0.945348282130341,56.5431287750553,15.0002352455353,15.0000701789193,""
39389.2503035069,15.0000000079737,1.50315983248525E-05,0.756510795928474,1.87894979060656E-05,0.945638494910592,56.5432237053593,15.0002271411074,15.0000621201092,""
39404.6966731548,14.9999997709254,1.50265158987377E-05,0.756742966942373,1.87831448734221E-05,0.945928708677966,56.5432986021615,15.0002190356983,15.0000540603235,""
39420.1411731243,14.9999998410162,1.50216771924419E-05,0.756974981837325,1.87770964905524E-05,0.946218727296657,56.5432023527131,15.0002104227606,15.0000454942868,""
39435.5875427723,14.99999994994,1.50168844271671E-05,0.757207000319019,1.87711055339589E-05,0.946508750398773,56.5429730393713,15.0002018087802,15.0000369272132,""
39451.0320427418,14.9999998590283,1.50094937909375E-05,0.757438826330381,1.87618672386719E-05,0.946798532912977,56.5429285819883,15.0001974298292,15.000032602844,""
39466.4784121513,14.9999997428231,1.50016046833971E-05,0.757670648924287,1.87520058542464E-05,0.947088311155359,56.5430277449995,15.0001930503483,15.0000282779515,""
39481.9229121208,14.999999870725,1.49961824078706E-05,0.757902277045253,1.87452280098382E-05,0.947377846306566,56.5430850959474,15.0001902722799,15.0000255443847,""
39497.3692817688,15.0000000295524,1.4991231922438E-05,0.758133901322382,1.87390399030474E-05,0.947667376652977,56.5431099879389,15.0001874938753,15.000022810487,""
39512.8137817383,15.0000001096346,1.49841121986834E-05,0.75836533573082,1.87301402483543E-05,0.947956669663524,56.5431516148445,15.0001878110969,15.0000231838277,""
39528.2601513863,15.000000179749,1.49765756602862E-05,0.758596767133378,1.87207195753577E-05,0.948245958916722,56.5432062406588,15.0001881283569,15.0000235572136,""
39543.7046515942,15.0000001135722,1.49705341487882E-05,0.758827998273984,1.87131676859852E-05,0.94853499784248,56.5432040183592,15.0001855391912,15.0000210172774,""
39559.1510210037,15.0000000301007,1.49647784796896E-05,0.759059224361535,1.8705973099612E-05,0.948824030451919,56.5431576907041,15.0001829497123,15.0000184770337,""
39574.5955209732,14.9999999603787,1.49585254358609E-05,0.759290265609884,1.86981567948262E-05,0.949112832012355,56.5431829371896,15.0001828722497,15.0000184505148,""
39590.0418906212,14.9999998923924,1.49521760523904E-05,0.759521304726361,1.8690220065488E-05,0.949401630907951,56.5432636916621,15.0001827947778,15.0000184239928,""
39605.4863905907,14.9999997929296,1.49454870585322E-05,0.759752146086349,1.86818588231652E-05,0.949690182607936,56.5433626242709,15.0001850146671,15.0000206945978,""
39620.9327602386,14.9999996894546,1.49387318989084E-05,0.759982982790054,1.86734148736355E-05,0.949978728487567,56.5434756675391,15.0001872348251,15.0000229654777,""
39636.3772602081,14.9999996913406,1.49345224080079E-05,0.760213655827318,1.86681530100098E-05,0.950267069784148,56.5433399961032,15.0001891582091,15.000024936051,""
39651.8236298561,14.9999997066233,1.49308013079343E-05,0.760444330714716,1.86635016349179E-05,0.950555413393394,56.5430116180769,15.0001910818259,15.0000269068628,""
39667.268130064,14.9999999532923,1.49258683311818E-05,0.760674862549396,1.86573354139772E-05,0.950843578186745,56.5429675452142,15.0001905364786,15.0000264069742,""
39682.7144994736,15.0000002294395,1.49207017268294E-05,0.760905400153751,1.86508771585368E-05,0.951131750192188,56.5431436036242,15.0001899910654,15.0000259070252,""
39698.1589994431,15.0000001311453,1.49156512480023E-05,0.7611357777921,1.86445640600028E-05,0.951419722240125,56.543241676146,15.0001882595697,15.0000242235921,""
39713.6053688526,14.9999999851491,1.49106223710473E-05,0.761366157917051,1.86382779638091E-05,0.951707697396313,56.543279414074,15.0001865278644,15.0000225399553,""
39729.0498688221,15.0000001150809,1.49032762472535E-05,0.761596344088847,1.86290953090669E-05,0.951995430111059,56.5432363198481,15.0001821010651,15.0000181675359,""
39744.4962384701,15.0000002802018,1.48954832190816E-05,0.761826526170206,1.8619354023852E-05,0.952283157712758,56.5431306886882,15.00017767373,15.0000137945872,""
39759.9407384396,15.0000000802938,1.48892590513128E-05,0.762056502752897,1.8611573814141E-05,0.952570628441121,56.5430420137685,15.0001751338357,15.0000113003241,""
39775.3871080875,14.9999998337911,1.48833360008721E-05,0.762286472975706,1.86041700010901E-05,0.952858091219632,56.542966429852,15.000172593634,15.000008805759,""
39790.831608057,14.9999999816093,1.48770686000849E-05,0.762516256627018,1.85963357501061E-05,0.953145320783773,56.543011423379,15.0001768962302,15.0000131625002,""
39806.277977705,15.0000001797938,1.48707339689116E-05,0.762746037517677,1.85884174611395E-05,0.953432546897096,56.5431496074139,15.0001811993472,15.0000175197688,""
39821.7224776745,15.0000000728695,1.48659603821422E-05,0.762975650644216,1.85824504776778E-05,0.953719563305271,56.5432258052833,15.0001848282934,15.0000211917868,""
39837.1688473225,14.9999999269423,1.48614869423556E-05,0.763205264593411,1.85768586779446E-05,0.954006580741764,56.5432541408892,15.0001884576789,15.0000248642494,""
39852.6133472919,15.0000000096184,1.48588693192038E-05,0.763434763565435,1.85735866490047E-05,0.954293454456794,56.5432591140767,15.0001876289293,15.0000240730235,""
39868.0597169399,15.0000001215421,1.48566091544762E-05,0.763664273507375,1.85707614430952E-05,0.954580341884218,56.5432460518939,15.0001868000795,15.0000232817019,""
39883.5042169094,15.0000002095527,1.48538998834765E-05,0.763893690205302,1.85673748543456E-05,0.954867112756627,56.5432112164333,15.0001839191653,15.0000204426085,""
39898.9505865574,15.0000002945146,1.48511035782931E-05,0.764123122045007,1.85638794728664E-05,0.955153902556258,56.5431595721989,15.0001810379023,15.0000176031714,""
39914.3950865269,15.0000001307068,1.48453052307835E-05,0.76435240734058,1.85566315384794E-05,0.955440509175725,56.5431078227084,15.0001802658384,15.0000168746693,""
39929.8414559364,14.9999999350084,1.48389265702335E-05,0.764581697460224,1.85486582127919E-05,0.95572712182528,56.5430559809418,15.000179493681,15.0000161460791,""
39945.2859559059,14.9999998965128,1.48332914363479E-05,0.764810806168666,1.85416142954348E-05,0.956013507710833,56.5431061239959,15.0001836251992,15.0000203192052,""
39960.7323255539,14.9999998781669,1.48277990868712E-05,0.765039912932227,1.8534748858589E-05,0.956299891165284,56.5432348967018,15.0001877572176,15.0000244928365,""
39976.1768255234,14.9999998857098,1.48234300647944E-05,0.765268867128893,1.8529287580993E-05,0.956586083911116,56.543296920584,15.000191534091,15.000028306926,""
39991.6231951714,14.9999998965756,1.48192774784063E-05,0.765497824916775,1.85240968480079E-05,0.956872281145968,56.5433075272106,15.0001953114216,15.0000321214771,""
40007.0676953793,14.9999997684448,1.48140728541647E-05,0.76572663125182,1.85175910677059E-05,0.957158289064775,56.5432563862049,15.0001951502179,15.0000320065366,""
40022.5140647888,14.9999996224463,1.48086640774711E-05,0.765955441351355,1.85108300968389E-05,0.957444301689193,56.5431576805805,15.0001949889946,15.0000318915822,""
40037.9585647583,14.9999997034303,1.48042784042421E-05,0.766184099563362,1.85053480053026E-05,0.957730124454203,56.5431252162787,15.0001945379188,15.0000314760583,""
40053.4049344063,14.9999998135993,1.48000900106362E-05,0.766412761428535,1.85001125132952E-05,0.958015951785668,56.5431437342886,15.0001940867884,15.000031060484,""
40068.8494343758,14.9999997672742,1.47963722282536E-05,0.766641294484037,1.8495465285317E-05,0.958301618105046,56.5430935571836,15.0001965324215,15.0000335453665,""
40084.2958040237,14.9999997008121,1.47927449946857E-05,0.766869835629031,1.84909312433572E-05,0.958587294536289,56.5429905172988,15.0001989783506,15.0000360305498,""
40099.7403039932,14.9999998779866,1.47887195874566E-05,0.767098249091427,1.84858994843208E-05,0.958872811364283,56.5430141033478,15.0002019279844,15.0000390166432,""
40115.1866736412,15.0000000865517,1.4784616491209E-05,0.767326670833747,1.84807706140112E-05,0.959158338542184,56.5431350687942,15.0002048779753,15.0000420030981,""
40130.6311738491,15.0000001893802,1.47810496626102E-05,0.767554967039268,1.84763120782628E-05,0.959443708799085,56.5431594468949,15.0002035877631,15.0000407468808,""
40146.0775432587,15.0000002785986,1.47775862241941E-05,0.76778327190537,1.84719827802426E-05,0.959729089881712,56.5431095918863,15.0002022973947,15.0000394905116,""
40161.5220432281,15.0000001040358,1.47718370571311E-05,0.768011424220329,1.84647963214138E-05,0.960014280275411,56.5431017372821,15.0001986456089,15.0000358828151,""
40176.9684126377,14.9999998954331,1.47656439453128E-05,0.768239579931355,1.8457054931641E-05,0.960299474914194,56.5431261471708,15.0001949933812,15.000032274682,""
40192.4129126072,15.0000000539086,1.47602069669448E-05,0.768467559479115,1.8450258708681E-05,0.960584449348894,56.5431090042047,15.0001927862868,15.0000301043858,""
40207.8592822552,15.0000002597815,1.475491586653E-05,0.76869553780852,1.84436448331625E-05,0.96086942226065,56.5430599509413,15.0001905789252,15.0000279338268,""
40223.3037822247,15.0000003519776,1.47529624959023E-05,0.768923403216911,1.84412031198779E-05,0.961154254021139,56.5430307873423,15.0001911500173,15.0000285300493,""
40238.7501518726,15.0000004295028,1.47516565955459E-05,0.769151279649042,1.84395707444324E-05,0.961439099561303,56.5430168823872,15.0001917211786,15.0000291263439,""
40254.1946518421,15.0000001323078,1.4751532597129E-05,0.769379112973343,1.84394157464113E-05,0.961723891216679,56.5429362006855,15.0001942183247,15.0000316512796,""
40269.6410214901,14.9999997866301,1.47516380756575E-05,0.769606970863758,1.84395475945719E-05,0.962008713579698,56.5428042772723,15.0001967157731,15.000034176521,""
40285.0855214596,14.999999949001,1.47481641683935E-05,0.76983474861457,1.84352052104919E-05,0.962293435768212,56.5428258835586,15.0001967986533,15.0000342909854,""
40300.5318911076,15.0000001771262,1.47439943608777E-05,0.77006254372736,1.84299929510971E-05,0.9625781796592,56.5429652090961,15.0001968815435,15.0000344054637,""
40315.976391077,15.0000001466398,1.47393153622287E-05,0.770290195557813,1.84241442027859E-05,0.962862744447266,56.5430566640187,15.0001947534203,15.0000323054772,""
40331.422760725,15.0000000826622,1.47345367089554E-05,0.770517852452678,1.84181708861943E-05,0.963147315565847,56.543111453118,15.0001926250394,15.0000302052364,""
40346.8672606945,14.9999999111851,1.47313039833616E-05,0.770745382089441,1.84141299792019E-05,0.963431727611802,56.5432323267548,15.0001912368334,15.0000288461565,""
40362.3136303425,14.9999997257532,1.47283714537568E-05,0.770972919877376,1.8410464317196E-05,0.963716149846719,56.5434038447952,15.0001898484594,15.000027486912,""
40377.758130312,14.9999999584685,1.47262099243206E-05,0.771200366201105,1.84077624054008E-05,0.964000457751382,56.5434705141585,15.0001872988457,15.0000249564976,""
40393.2044997215,15.0000002454498,1.4724198112659E-05,0.771427827615233,1.84052476408237E-05,0.964284784519041,56.5434569267353,15.0001847489235,15.0000224257769,""
40408.648999691,15.000000233921,1.47245405936028E-05,0.771655245846489,1.84056757420035E-05,0.964569057308111,56.5433167343161,15.0001796276427,15.0000173239667,""
40424.095369339,15.0000001836417,1.47253414961481E-05,0.771882688560425,1.84066768701851E-05,0.964853360700531,56.5430796322564,15.0001745057418,15.0000122215389,""
40439.5398693085,15.0000000899832,1.47226285257889E-05,0.772110070175291,1.84032856572361E-05,0.965137587719113,56.5429646272061,15.0001705268479,15.0000082672928,""
40454.9862389565,14.9999999906762,1.47192306577969E-05,0.772337472776498,1.83990383222462E-05,0.965421840970623,56.5429429816549,15.0001665474723,15.0000043125681,""
40470.4307389259,15.000000011554,1.47156903731832E-05,0.772564757811269,1.8394612966479E-05,0.965705947264087,56.5430239018063,15.0001642611422,15.0000020430356,""
40485.8771085739,15.0000000480613,1.4712121818706E-05,0.772792052809116,1.83901522733825E-05,0.965990066011395,56.54318324642,15.0001619745353,14.9999997732284,""
40501.3216087818,15.0000001235642,1.47095940416759E-05,0.773019244128181,1.83869925520948E-05,0.966274055160226,56.5433321805623,15.0001629558702,15.0000007777942,""
40516.7679781914,15.0000002041518,1.47072688608308E-05,0.773246448087884,1.83840860760385E-05,0.966558060109856,56.5434731920578,15.0001639373238,15.0000017824815,""
40532.2124781609,15.0000000091577,1.47082856986925E-05,0.773473616070734,1.83853571233656E-05,0.966842020088417,56.5435452626415,15.0001650949134,15.0000029454397,""
40547.6588478088,14.9999997782464,1.47099547593527E-05,0.773700809899511,1.83874434491909E-05,0.967126012374389,56.5435646981166,15.0001662526432,15.0000041085386,""
40563.1033477783,14.9999998708923,1.47106150516615E-05,0.773928003783539,1.83882688145769E-05,0.967410004729424,56.5435992120565,15.0001686802168,15.0000065470785,""
40578.5497174263,15.0000000057238,1.47110785089074E-05,0.774155230551188,1.83888481361342E-05,0.967694038188986,56.5436452431807,15.0001711080842,15.0000089859136,""
40593.9942173958,15.00000009692,1.47094770871775E-05,0.774382409897484,1.83868463589719E-05,0.967978012371855,56.5437138895915,15.0001760230452,15.0000139138586,""
40609.4405868053,15.0000001824364,1.47074721145356E-05,0.774609612851378,1.83843401431695E-05,0.968262016064223,56.5437998050256,15.0001809386011,15.0000188424002,""
40624.8850867748,15.0000000350401,1.47028168352243E-05,0.774836695561204,1.83785210440304E-05,0.968545869451505,56.543817922113,15.0001867918124,15.0000247174841,""
40640.3314564228,14.9999998572155,1.46976429379941E-05,0.775063787633781,1.83720536724926E-05,0.968829734542226,56.5437843416896,15.0001926457322,15.0000305932793,""
40655.7759563923,14.9999999725814,1.46909170723076E-05,0.775290694562137,1.83636463403845E-05,0.969113368202672,56.5438044170237,15.0001968689225,15.0000348419672,""
40671.2223260403,15.0000001262721,1.46838867727137E-05,0.77551759812869,1.83548584658922E-05,0.969396997660863,56.5438653930453,15.000201092624,15.0000390911694,""
40686.6668260098,15.0000001552784,1.46783969008562E-05,0.775744316388658,1.83479961260703E-05,0.969680395485822,56.5439537901175,15.0002001069076,15.0000381336914,""
40702.1131956577,15.0000001679838,1.4673207599435E-05,0.775971031211254,1.83415094992937E-05,0.969963789014067,56.5440630960548,15.0001991210719,15.0000371760976,""
40717.5576956272,15.0000000642295,1.46675368585921E-05,0.776197577096128,1.83344210732401E-05,0.97024697137016,56.5441304460095,15.0001965614032,15.0000346469358,""
40733.0040652752,14.9999999452192,1.4661771059027E-05,0.776424122706235,1.83272138237838E-05,0.970530153382793,56.5441658630175,15.0001940014245,15.0000321174679,""
40748.4485652447,15.0000000585212,1.46566999950528E-05,0.776650502686227,1.8320874993816E-05,0.970813128357784,56.5441582205705,15.0001916000274,15.0000297500354,""
40763.8949348927,15.0000002022677,1.46517642585174E-05,0.776876883000407,1.83147053231467E-05,0.971096103750509,56.5441178051169,15.0001891983395,15.0000273823163,""
40779.3394348621,15.0000000076069,1.46462932774354E-05,0.777103100159129,1.83078665967942E-05,0.971378875198911,56.5441313565329,15.0001866754494,15.0000248928856,""
40794.7858045101,14.9999997685575,1.46407166224529E-05,0.777329318098909,1.83008957780662E-05,0.971661647623636,56.5441859632933,15.0001841522538,15.0000224031535,""
40810.2303044796,14.9999997311349,1.46348535488237E-05,0.777555360204431,1.82935669360296E-05,0.971944200255539,56.544171609947,15.0001855714588,15.0000238574956,""
40825.6766741276,14.9999997201599,1.46289334721972E-05,0.777781400565694,1.82861668402465E-05,0.972226750707118,56.5441048216444,15.0001869908355,15.0000253120136,""
40841.1211740971,14.9999998514322,1.46253218315888E-05,0.778007296338163,1.8281652289486E-05,0.972509120422704,56.544108668146,15.0001881879723,15.0000265381201,""
40856.5675435066,15.0000000014001,1.46221624923022E-05,0.778233196455281,1.82777031153777E-05,0.972791495569101,56.5441661941823,15.000189385254,15.0000277643749,""
40872.0120437145,14.9999999969521,1.4621383182594E-05,0.778459024415761,1.82767289782425E-05,0.973073780519701,56.5440361787713,15.0001877015321,15.0000260998323,""
40887.4584131241,14.9999999722117,1.46210708774443E-05,0.778684870909858,1.82763385968054E-05,0.973356088637323,56.5437636843829,15.0001860176063,15.0000244350882,""
40902.9029130936,15.0000001044243,1.46299787103355E-05,0.778910824420728,1.82874733879194E-05,0.973638530525909,56.543683620936,15.0001829528182,15.0000213517599,""
40918.3492827415,15.0000002572971,1.4640698392947E-05,0.779136831670663,1.83008729911838E-05,0.973921039588329,56.5437496335509,15.0001798876591,15.0000182680583,""
40933.793782711,15.0000000910604,1.46543536550235E-05,0.779363133666863,1.83179420687794E-05,0.974203917083579,56.5437488862859,15.0001784546565,15.0000168069631,""
40949.240152359,14.9999998827982,1.46685876625903E-05,0.779589526351497,1.83357345782379E-05,0.974486907939371,56.5436974799271,15.0001770214804,15.0000153456911,""
40964.6846523285,14.999999977999,1.46791546550162E-05,0.779816202452463,1.83489433187702E-05,0.974770253065579,56.5436496291891,15.000173216785,15.0000115036955,""
40980.1310219765,15.0000001131885,1.46890023175333E-05,0.780042967102573,1.83612528969167E-05,0.975053708878217,56.5436044650208,15.0001694116289,15.0000076612347,""
40995.5755221844,15.0000001468468,1.46959431165318E-05,0.780269913610123,1.83699288956648E-05,0.975337392012653,56.5436351024784,15.0001646519972,15.0000028722313,""
41011.0218915939,15.0000001671239,1.47023131858676E-05,0.780496928755818,1.83778914823345E-05,0.975621160944772,56.5437232097267,15.0001598917893,14.9999980826483,""
41026.4663915634,15.0000002612504,1.47041521713346E-05,0.780724010858012,1.83801902141682E-05,0.975905013572514,56.5436927468336,15.0001596699323,14.9999978364731,""
41041.9127612114,15.0000003651339,1.4705099754393E-05,0.780951139035671,1.83813746929913E-05,0.976188923794589,56.5435724368214,15.0001594480485,14.9999975902681,""
41057.3572611809,15.0000000978577,1.4700607200233E-05,0.781178180148701,1.83757590002913E-05,0.976472725185876,56.5435329867919,15.0001603601985,14.9999984923059,""
41072.8036305904,14.9999997815319,1.46950428641008E-05,0.781405237012486,1.83688035801261E-05,0.976756546265608,56.5435547657696,15.000161272459,14.9999993944529,""
41088.2481305599,14.999999908384,1.46896800142803E-05,0.781632125911528,1.83621000178503E-05,0.97704015738941,56.5435245012605,15.0001656467779,15.0000037696635,""
41103.6945002079,15.000000093824,1.46843560799709E-05,0.781859014598592,1.83554450999637E-05,0.97732376824824,56.5434548358547,15.0001700216264,15.0000081454038,""
41119.1390001774,15.0000000790843,1.46775870007078E-05,0.782085716119893,1.83469837508847E-05,0.977607145149866,56.5434078921004,15.0001766435144,15.0000147727833,""
41134.5853698254,15.0000000378653,1.46705320967931E-05,0.782312413603422,1.83381651209913E-05,0.977890517004277,56.5433781290908,15.000183266204,15.0000214009652,""
41150.0298697948,14.9999999397166,1.46660306661031E-05,0.782538941056374,1.83325383326289E-05,0.978173676320467,56.5433373512617,15.0001868779511,15.0000250217978,""
41165.4762394428,14.9999998340185,1.46620321503419E-05,0.782765467808782,1.83275401879274E-05,0.978456834760978,56.5432882352941,15.0001904901355,15.0000286430688,""
41180.9207394123,14.9999998690232,1.46563191935693E-05,0.782991837499347,1.83203989919616E-05,0.978739796874183,56.5432065955796,15.0001951024265,15.0000332707928,""
41196.3671090603,14.9999999226733,1.4650267126025E-05,0.783218209010445,1.83128339075313E-05,0.979022761263056,56.5431003560114,15.0001997152759,15.0000378990771,""
41211.8116090298,15.0000001332677,1.4643828689623E-05,0.783444391024272,1.83047858620288E-05,0.97930548878034,56.543052275609,15.0002036768376,15.0000418832266,""
41227.2579786778,15.0000003647001,1.46373130435124E-05,0.783670568414465,1.82966413043906E-05,0.979588210518082,56.5430481218706,15.0002076388789,15.0000458678584,""
41242.7024786472,14.9999998669895,1.4631536589285E-05,0.783896561771822,1.82894207366062E-05,0.979870702214777,56.5430388816729,15.0002069685452,15.0000452256284,""
41258.1488482952,14.9999992724561,1.46259053054745E-05,0.784122551540536,1.82823816318431E-05,0.98015318942567,56.543025798796,15.0002062981304,15.0000445833207,""
41273.5933482647,14.9999996693219,1.46214012885063E-05,0.784348386118464,1.82767516106329E-05,0.98043548264808,56.5429760634794,15.0001992842651,15.0000375890491,""
41289.0397179127,15.0000001979035,1.46171193986412E-05,0.784574222768298,1.82713992483015E-05,0.980717778460372,56.5428986555074,15.0001922695507,15.0000305939308,""
41304.4842178822,15.0000002699775,1.461336622843E-05,0.784799929815393,1.82667077855375E-05,0.980999912269241,56.5429586270948,15.0001840748365,15.0000224253851,""
41319.9305872917,15.0000002813865,1.46097170596864E-05,0.785025643958611,1.8262146324608E-05,0.981282054948264,56.5431222424266,15.0001758791304,15.0000142558506,""
41335.3750874996,15.0000001316061,1.46053687068081E-05,0.785251225881314,1.82567108835101E-05,0.981564032351643,56.5431337026953,15.0001683785371,15.0000067846939,""
41350.8214569092,14.9999999603639,1.46008813979716E-05,0.785476814348499,1.82511017474645E-05,0.981846017935624,56.5430304452875,15.0001608770362,14.999999312633,""
41366.2659568787,14.9999998993215,1.45881727724029E-05,0.785702132815779,1.82352159655037E-05,0.982127666019724,56.5430425458395,15.0001601972475,14.9999986947731,""
41381.7123265266,14.9999998529412,1.4573834946859E-05,0.785927430513419,1.82172936835738E-05,0.982409288141773,56.5431415822671,15.0001595173765,14.9999980768384,""
41397.1568264961,14.9999999130991,1.45679466648875E-05,0.786152461765277,1.82099333311094E-05,0.982690577206597,56.5432370607257,15.0001614262445,15.0000000060918,""
41412.6031961441,14.9999999874597,1.45637309494622E-05,0.786377472884924,1.82046636868277E-05,0.982971841106155,56.5433298795016,15.0001633353436,15.0000019355788,""
41428.0476961136,15.0000000769729,1.45673101180104E-05,0.786602468479747,1.8209137647513E-05,0.983253085599683,56.543408986143,15.0001614567217,15.0000000734065,""
41443.4940657616,15.0000001685189,1.45724343907112E-05,0.786827493632969,1.82155429883891E-05,0.983534367041211,56.5434777863647,15.0001595778725,14.9999982110088,""
41458.9385659695,15.0000002092201,1.45706925828177E-05,0.787052517599555,1.82133657285222E-05,0.983815646999443,56.5434934365809,15.0001597410114,14.9999984050279,""
41474.384935379,15.0000002431417,1.45675892617184E-05,0.78727757396492,1.8209486577148E-05,0.984096967456151,56.5434690958003,15.0001599041702,14.9999985990705,""
41489.8294353485,15.0000001219935,1.4563495366206E-05,0.787502507796774,1.82043692077575E-05,0.984378134745968,56.5435123701235,15.0001598482381,14.9999985693604,""
41505.2758049965,14.9999999801182,1.45592043826352E-05,0.787727449953183,1.81990054782939E-05,0.984659312441479,56.5436065075083,15.0001597922992,14.9999985396467,""
41520.720304966,14.9999999052917,1.45532116216167E-05,0.78795222799624,1.81915145270209E-05,0.9849402849953,56.5435267417861,15.0001630628596,15.0000018473548,""
41536.1666743755,14.9999998394167,1.45468802412269E-05,0.788177006076144,1.81836003015337E-05,0.98522125759518,56.5433162297919,15.0001663338159,15.0000051554633,""
41551.611174345,14.9999999735148,1.45394260458135E-05,0.788401576431831,1.81742825572669E-05,0.985501970539788,56.54321026916,15.0001695507147,15.0000084111061,""
41567.057543993,15.0000001343817,1.45317478068081E-05,0.788626138122621,1.81646847585101E-05,0.985782672653276,56.5431828423436,15.0001727680028,15.0000116671429,""
41582.5020439625,15.0000001516955,1.45251266604317E-05,0.788850491087935,1.81564083255396E-05,0.986063113859919,56.5432225440846,15.0001752973046,15.0000142385986,""
41597.9484136105,15.0000001497933,1.45187145756785E-05,0.789074835139585,1.81483932195981E-05,0.986343543924481,56.5433126674005,15.0001778269126,15.0000168103656,""
41613.3929135799,14.9999999923443,1.45132473152574E-05,0.789299001401864,1.81415591440718E-05,0.98662375175233,56.5434217211712,15.0001720577961,15.0000110753479,""
41628.8392832279,14.9999998140328,1.45079670778087E-05,0.789523164853905,1.81349588472609E-05,0.986903956067382,56.543545007691,15.0001662879812,15.0000053396361,""
41644.2837831974,14.9999998411419,1.45042390148493E-05,0.789747189097156,1.81302987685617E-05,0.987183986371445,56.543572384966,15.0001594210535,14.9999985108029,""
41659.7301528454,14.9999998958001,1.45008191222501E-05,0.789971218166989,1.81260239028127E-05,0.987464022708736,56.5435278119179,15.0001525532945,14.999991681143,""
41675.1746528149,15.0000000571506,1.44956864538037E-05,0.790195105555114,1.81196080672546E-05,0.987743881943893,56.5435127883405,15.0001495315829,14.9999886991545,""
41690.6210224628,15.0000002328413,1.44902122067909E-05,0.790418997246066,1.81127652584887E-05,0.988023746557583,56.5435199201805,15.0001465095055,14.999985716805,""
41706.0655224323,15.0000002129668,1.44839410410856E-05,0.790642708502944,1.8104926301357E-05,0.98830338562868,56.5435277737312,15.0001453079981,14.9999845605147,""
41721.5118920803,15.0000001668238,1.4477510298486E-05,0.790866416309426,1.80968878731075E-05,0.988583020386783,56.5435361698752,15.0001441063452,14.9999834040845,""
41736.9563920498,14.9999999702216,1.44699540741534E-05,0.791089914002977,1.80874425926917E-05,0.988862392503722,56.5434954526915,15.0001520791864,14.9999914213849,""
41752.4027616978,14.9999997533683,1.44621725508938E-05,0.791313402286801,1.80777156886172E-05,0.989141752858501,56.5434179341064,15.0001600529928,14.9999994396559,""
41767.8472616673,14.9999998688355,1.44557230037778E-05,0.791536683664797,1.80696537547222E-05,0.989420854580997,56.5434417418491,15.0001705602768,15.0000099956419,""
41783.2936310768,15.000000029023,1.444953799733E-05,0.791759956218156,1.80619224966625E-05,0.989699945272694,56.5435414247588,15.0001810688325,15.0000205529057,""
41798.7381310463,14.9999998912716,1.44411960852998E-05,0.791983009141259,1.80514951066247E-05,0.989978761426574,56.5435341167909,15.000186928642,15.0000264661585,""
41814.1845006943,14.9999997133898,1.44324228407975E-05,0.792206050652918,1.80405285509969E-05,0.990257563316148,56.5434467352974,15.0001927891609,15.0000323801271,""
41829.6290009022,14.9999997236959,1.44259633300629E-05,0.79242887497652,1.80324541625786E-05,0.99053609372065,56.5434627652855,15.0001922940691,15.0000319350028,""
41845.0753703117,14.9999997593595,1.44199645204534E-05,0.792651688315591,1.80249556505667E-05,0.990814610394489,56.5435561535635,15.0001917989173,15.0000314898246,""
41860.5198702812,14.999999800182,1.44137453666327E-05,0.792874316814664,1.80171817082909E-05,0.99109289601833,56.5435581033607,15.0001899277269,15.0000296699958,""
41875.9662399292,14.9999998417058,1.44074813231136E-05,0.793096940745143,1.80093516538921E-05,0.991371175931429,56.543491688649,15.00018805631,15.0000278499467,""
41891.4107398987,14.9999998428992,1.44007810049346E-05,0.793319369704211,1.80009762561683E-05,0.991649212130264,56.5434776483714,15.0001876568213,15.0000274986891,""
41906.8571095467,14.99999983865,1.43939925756812E-05,0.793541792026196,1.79924907196015E-05,0.991927240032745,56.5435027440468,15.0001872572843,15.0000271473891,""
41922.3016095161,14.999999783246,1.43896376446606E-05,0.793764050241234,1.79870470558257E-05,0.992205062801543,56.5434956048154,15.0001868923155,15.0000268307956,""
41937.7479791641,14.9999997209255,1.43857683845934E-05,0.793986307944549,1.79822104807417E-05,0.992482884930686,56.5434643871425,15.0001865273025,15.0000265141639,""
41953.192479372,14.9999998104444,1.43793980320188E-05,0.794208400509033,1.79742475400235E-05,0.992760500636291,56.543469952066,15.0001824273715,15.0000224648033,""
41968.6388487816,14.9999999204995,1.43725266794052E-05,0.794430492309415,1.79656583492565E-05,0.993038115386768,56.5435029782778,15.0001783269444,15.0000184149526,""
41984.0833487511,14.9999998998849,1.43656331028147E-05,0.794652380011357,1.79570413785183E-05,0.993315475014196,56.5433599474193,15.0001724679366,15.0000126114695,""
41999.5297181606,14.999999861591,1.43587340790242E-05,0.794874259114505,1.79484175987802E-05,0.993592823893131,56.5430855156102,15.0001666082196,15.000006807284,""
42014.9742181301,14.999999999824,1.43528235341788E-05,0.795095949059587,1.79410294177235E-05,0.993869936324483,56.5430009939748,15.0001606101558,15.0000008569567,""
42030.4205877781,15.000000161975,1.43471099780478E-05,0.795317633352249,1.79338874725598E-05,0.994147041690311,56.5430580920665,15.000154611366,14.9999949059091,""
42045.8650877476,15.0000003248805,1.43425030484304E-05,0.795539160857337,1.7928128810538E-05,0.994423951071671,56.5431284857465,15.0001494252771,14.999989765503,""
42061.3114573956,15.0000004879105,1.4338117061152E-05,0.795760689152451,1.792264632644E-05,0.994700861440564,56.5432088054264,15.0001442385604,14.9999846244746,""
42076.755957365,15.0000003904641,1.4330777978168E-05,0.795982032149343,1.791347247271E-05,0.994977540186679,56.5432217483098,15.0001394253765,14.9999798663434,""
42092.202327013,15.0000002576838,1.43228461338404E-05,0.79620337018323,1.79035576673005E-05,0.995254212729037,56.5431844930931,15.0001346116099,14.9999751076362,""
42107.6468269825,15.0000000711985,1.43174753556932E-05,0.796424516881541,1.78968441946165E-05,0.995530646101926,56.5431081056276,15.0001391545749,14.9999797000308,""
42123.0931966305,14.9999998773995,1.43126172133499E-05,0.796645657361293,1.78907715166873E-05,0.995807071701616,56.5430025599521,15.0001436980898,14.9999842929813,""
42138.5376966,14.9999999279014,1.43066403033444E-05,0.796866628794195,1.78833003791805E-05,0.996083285992744,56.5429640742996,15.0001543319294,14.9999949737539,""
42153.9840662479,15.00000001159,1.43004381275675E-05,0.797087598436274,1.78755476594593E-05,0.996359498045342,56.5429754959111,15.0001649670564,15.0000056558195,""
42169.4285662174,14.9999999163481,1.42955868186691E-05,0.797308402630527,1.78694835233363E-05,0.99663550328816,56.5430411228498,15.0001698552398,15.0000105918049,""
42184.8749358654,14.9999997967722,1.42910058975893E-05,0.797529205716892,1.78637573719867E-05,0.996911507146115,56.543147090821,15.000174744015,15.0000155283878,""
42200.3194358349,14.9999998711402,1.42843757859963E-05,0.797749832579481,1.78554697324954E-05,0.997187290724352,56.5431689921413,15.0001778004226,15.0000186386822,""
42215.7658052444,14.9999999719008,1.42773332614305E-05,0.797970456126698,1.78466665767881E-05,0.997463070158373,56.5431283858989,15.0001808572002,15.0000217493532,""
42231.2103052139,14.9999999052477,1.42701462130545E-05,0.798190869585358,1.78376827663181E-05,0.997738586981698,56.5430881071992,15.0001832170879,15.000024161654,""
42246.6566748619,14.9999998157941,1.42629290862146E-05,0.798411272881403,1.78286613577683E-05,0.998014091101754,56.5430480634411,15.0001855772613,15.0000265742468,""
42262.1011748314,14.999999907699,1.42569020354811E-05,0.798631482251404,1.78211275443513E-05,0.998289352814255,56.5430350720457,15.0001866434929,15.0000276885174,""
42277.5475444794,15.0000000243261,1.42511133106463E-05,0.798851684659063,1.78138916383079E-05,0.998564605823829,56.5430421742157,15.0001877098537,15.000028802923,""
42292.9920444489,14.9999998921297,1.42451009590586E-05,0.799071708081544,1.78063761988232E-05,0.99883963510193,56.5431340606989,15.0001846989999,15.0000258479922,""
42308.4384140968,14.9999997259869,1.42390427612525E-05,0.799291727501636,1.77988034515657E-05,0.999114659377045,56.5432889188592,15.0001816877816,15.0000228927038,""
42323.8829143047,14.999999940843,1.42322330867791E-05,0.799511552892192,1.77902913584738E-05,0.99938944111524,56.5433543621349,15.0001820904554,15.0000233464834,""
42339.3292837143,15.0000002077208,1.42252712187669E-05,0.799731371200953,1.77815890234586E-05,0.999664214001192,56.543353461577,15.0001824931779,15.000023800318,""
42354.7737836838,15.0000000936518,1.42195519641115E-05,0.799951003082017,1.77744399551394E-05,0.999938753852522,56.5433731315405,15.0001823496788,15.0000237087278,""
42370.2201533318,14.9999999275411,1.42140820334184E-05,0.800170629372607,1.7767602541773E-05,1.00021328671576,56.5434080641347,15.0001822061623,15.0000236171265,""
42385.6646533012,14.9999999904512,1.42103773740311E-05,0.800390115704261,1.77629717175388E-05,1.00048764463033,56.5434707667437,15.0001815647864,15.0000230159441,""
42401.1110229492,15.0000000846722,1.42070277364366E-05,0.800609605767799,1.77587846705457E-05,1.00076200720975,56.5435540711864,15.0001809233329,15.000022414689,""
42416.5555231571,15.0000001999052,1.42033214168965E-05,0.800828977640431,1.77541517711206E-05,1.00103622205054,56.5435988333726,15.0001822067898,15.0000237422545,""
42432.0018925667,15.0000003180282,1.41995426778942E-05,0.801048357595677,1.77494283473678E-05,1.0013104469946,56.5436150440096,15.0001834904021,15.0000250699806,""
42447.4463925362,15.0000000192507,1.41942760740223E-05,0.801267590877692,1.77428450925278E-05,1.00158448859712,56.543638291868,15.0001873865823,15.0000290141505,""
42462.8927619457,14.9999996633608,1.41887087042357E-05,0.801486826472942,1.77358858802946E-05,1.00185853309118,56.5436667568376,15.0001912832341,15.0000329587978,""
42478.3372619152,14.9999996730827,1.41832025982782E-05,0.80170589337227,1.77290032478477E-05,1.00213236671534,56.5436351103783,15.0001987595752,15.000040478144,""
42493.7836315632,14.9999997328958,1.41777080504832E-05,0.801924958108523,1.7722135063104E-05,1.00240619763565,56.5435589569511,15.0002062368214,15.0000479984005,""
42509.2281315327,14.999999883066,1.41743456021842E-05,0.802143888036583,1.77179320027302E-05,1.00267986004573,56.5435647124544,15.0002067412852,15.0000485399401,""
42524.6745011806,15.0000000456459,1.41714130130869E-05,0.80236282260728,1.77142662663586E-05,1.0029535282591,56.5436310760672,15.00020724581,15.0000490815453,""
42540.1190011501,14.9999998742796,1.4167227742173E-05,0.8025816359599,1.77090346777162E-05,1.00322704494987,56.5436142793941,15.0002025899321,15.0000444680122,""
42555.5653707981,14.999999657066,1.41627888853423E-05,0.802800456671243,1.77034861066779E-05,1.00350057083905,56.5435359768379,15.0001979334905,15.0000398539207,""
42571.0098707676,14.9999999328039,1.41585584540853E-05,0.803019140044961,1.76981980676066E-05,1.0037739250562,56.5434936499037,15.0001924424249,15.0000343998727,""
42586.4562404156,15.0000002762752,1.41543695204491E-05,0.803237827491453,1.76929619005614E-05,1.00404728436432,56.5434779071533,15.0001869506946,15.0000289451645,""
42601.9007403851,15.0000002541666,1.41487271843191E-05,0.803456358379875,1.76859089803989E-05,1.00432044797484,56.5435068507378,15.0001822702588,15.0000243106588,""
42617.347110033,15.0000001818115,1.41427902075244E-05,0.803674889421554,1.76784877594055E-05,1.00459361177694,56.5435688160892,15.0001775892564,15.000019675592,""
42632.7916100025,15.0000002050425,1.41361184695313E-05,0.803893230120211,1.76701480869141E-05,1.00486653765026,56.5436617620897,15.0001725262209,15.0000146568469,""
42648.2379796505,15.000000241424,1.41292971436068E-05,0.804111564097146,1.76616214295085E-05,1.00513945512143,56.5437776057948,15.0001674625725,15.0000096374943,""
42663.68247962,15.0000001637043,1.41240485802011E-05,0.804329720690248,1.76550607252513E-05,1.00541215086281,56.5438140274246,15.0001650362449,15.0000072551108,""
42679.1288490295,15.0000000702679,1.411911753503E-05,0.804547873136691,1.76488969187874E-05,1.00568484142086,56.5437918352953,15.0001626096235,15.0000048724388,""
42694.573348999,15.0000000314429,1.41130701417853E-05,0.804765855263597,1.76413376772317E-05,1.0059573190795,56.5436957161845,15.0001606025359,15.0000029108224,""
42710.019718647,15.0000000001357,1.41067958331884E-05,0.804983834635511,1.76334947914855E-05,1.00622979329439,56.5435450383858,15.0001585952052,15.0000009489686,""
42725.4642186165,15.0000000593963,1.4100703701591E-05,0.8052016292695,1.76258796269887E-05,1.00650203658688,56.5435202337629,15.0001576142962,15.0000000123015,""
42740.9105882645,15.0000001311514,1.40946475890606E-05,0.80541941818573,1.76183094863258E-05,1.00677427273216,56.5435882388742,15.0001566332684,14.999999075521,""
42756.3550882339,15.0000001249951,1.40877594796941E-05,0.805637012340608,1.76096993496176E-05,1.00704626542576,56.5436449142516,15.000152827313,14.9999953221049,""
42771.8014578819,15.000000108088,1.40807017309245E-05,0.805854598700137,1.76008771636557E-05,1.00731824837517,56.5436932514934,15.0001490208968,14.9999915682343,""
42787.2459580898,15.0000000100424,1.40734349122682E-05,0.806071974237308,1.75917936403352E-05,1.00758996779664,56.5436982785429,15.000145297866,14.9999878931936,""
42802.6923274994,14.9999999007792,1.40661246374736E-05,0.806289338664987,1.75826557968421E-05,1.00786167333123,56.5436714027029,15.0001415743845,14.999984217708,""
42818.1368274689,14.9999999875938,1.4059638657999E-05,0.806506501789614,1.75745483224988E-05,1.00813312723702,56.5436555688003,15.0001436818499,14.9999863780675,""
42833.5831971169,15.0000001015169,1.40533189841453E-05,0.806723655692459,1.75666487301816E-05,1.00840456961557,56.5436478614536,15.0001457895704,14.9999885386885,""
42849.0276970863,14.9999999968452,1.40469947944575E-05,0.8069406209655,1.75587434930718E-05,1.00867577620687,56.5436048065297,15.0001560367907,14.9999988361287,""
42864.4740667343,14.9999998619272,1.40406687670121E-05,0.807157579542843,1.75508359587651E-05,1.00894697442855,56.5435357299778,15.0001662852515,15.0000091348156,""
42879.9185667038,14.999999800035,1.4033792371945E-05,0.807374340933952,1.75422404649313E-05,1.00921792616744,56.5435010219843,15.0001763460223,15.0000192492962,""
42895.3649363518,14.9999997482417,1.40268031887975E-05,0.807591093844553,1.75335039859968E-05,1.00948886730569,56.543491586276,15.000186408011,15.0000293650013,""
42910.8094365597,15.0000001672696,1.40208645697562E-05,0.807807657314099,1.75260807121952E-05,1.00975957164262,56.5434749461057,15.0001875083703,15.0000305162962,""
42926.2558057308,15.0000006515721,1.40151385800199E-05,0.808024213819451,1.75189232250248E-05,1.01003026727431,56.5434530058709,15.0001886088627,15.0000316677304,""
42941.7003057003,15.0000002584256,1.40079710097927E-05,0.808240574860404,1.75099637622409E-05,1.0103007185755,56.5434636648273,15.0001876343689,15.0000307504185,""
42957.1466753483,14.9999997435879,1.40005092869091E-05,0.80845692767503,1.75006366086363E-05,1.01057115959379,56.5434982803923,15.000186659757,15.0000298329955,""
42972.5911753178,14.9999999120598,1.39935050936153E-05,0.80867306983579,1.74918813670191E-05,1.01084133729474,56.5435706105199,15.000185795798,15.0000290219158,""
42988.0375449657,15.0000001753534,1.39865929553661E-05,0.808889200631757,1.74832411942077E-05,1.0111115007897,56.5436706553172,15.0001849317344,15.0000282107379,""
43003.4820449352,14.9999999407065,1.39810637003184E-05,0.809105149216503,1.7476329625398E-05,1.01138143652063,56.5436797524885,15.0001831106097,15.0000264410278,""
43018.9284145832,14.9999996368919,1.3975815106839E-05,0.809321092177807,1.74697688835488E-05,1.01165136522226,56.5436220881476,15.0001812892646,15.0000246711034,""
43034.3729145527,14.9999997527198,1.39686608701517E-05,0.809536844865205,1.74608260876896E-05,1.01192105608151,56.5436023334159,15.0001815109591,15.0000249487643,""
43049.8192842007,14.9999999268733,1.39611175210844E-05,0.809752590242164,1.74513969013555E-05,1.01219073780271,56.5436103896742,15.0001817326805,15.0000252264589,""
43065.2637841702,15.000000123047,1.39539622674913E-05,0.809968121922229,1.74424528343641E-05,1.01246015240279,56.5436133228029,15.0001835784548,15.0000271287497,""
43080.7101538181,15.0000003223099,1.39468850450948E-05,0.810183641469841,1.74336063063685E-05,1.0127295518373,56.5436124994551,15.0001854244526,15.0000290312708,""
43096.1546537876,14.9999999766035,1.39408580945755E-05,0.81039896955358,1.74260726182194E-05,1.01299871194198,56.5435942920251,15.0001852423747,15.0000289028286,""
43111.6010234356,14.9999995550072,1.39350443684565E-05,0.810614289987602,1.74188054605706E-05,1.0132678624845,56.543563338328,15.0001850602747,15.0000287743708,""
43127.0455234051,14.9999997720723,1.39297611997529E-05,0.810829443388383,1.74122014996911E-05,1.01353680423548,56.5435970245582,15.0001840884311,15.0000278525757,""
43142.4918928146,15.0000000781177,1.39245854739583E-05,0.811044594076009,1.74057318424479E-05,1.01380574259501,56.5436780751083,15.0001831164698,15.0000269306691,""
43157.9363930225,15.0000000119531,1.39191988028621E-05,0.811259582685466,1.73989985035777E-05,1.01407447835683,56.5436452972377,15.0001803618708,15.0000242248892,""
43173.3827624321,14.9999998938989,1.39137682998663E-05,0.811474569549281,1.73922103748329E-05,1.0143432119366,56.5435291595439,15.0001776069385,15.0000215187818,""
43188.8272624016,14.9999999102618,1.39089888108203E-05,0.81168940114119,1.73862360135253E-05,1.01461175142649,56.5435349517491,15.0001782173387,15.0000221809031,""
43204.2736320496,14.9999999453773,1.39043415444849E-05,0.811904232347097,1.73804269306061E-05,1.01488029043387,56.5436299862966,15.0001788278128,15.0000228431046,""
43219.718132019,15.0000000320142,1.38979835289324E-05,0.812118891919616,1.73724794111656E-05,1.01514861489952,56.5436862616692,15.0001797514829,15.0000238180337,""
43235.164501667,15.0000001258555,1.38912751162231E-05,0.812333547725705,1.73640938952789E-05,1.01541693465713,56.5437141948676,15.0001806752649,15.0000247930808,""
43250.6090016365,14.999999961946,1.38855618603915E-05,0.812548020860531,1.73569523254894E-05,1.01568502607566,56.5436642280473,15.0001778125923,15.0000219773013,""
43266.0553712845,14.9999997620033,1.38800511669126E-05,0.812762487930306,1.73500639586407E-05,1.01595310991288,56.5435572918761,15.0001749495731,15.000019161181,""
43281.4998714924,14.9999998862454,1.38755375106918E-05,0.812976803116016,1.73444218883648E-05,1.01622100389502,56.5435587629339,15.0001754780802,15.0000197352045,""
43296.9462409019,15.0000000558318,1.38712270819926E-05,0.813191118485429,1.73390338524908E-05,1.01648889810679,56.5436394600977,15.0001760066514,15.0000203092975,""
43312.3907408714,14.9999999098404,1.38667605302491E-05,0.813405294969284,1.73334506628113E-05,1.0167566187116,56.5436235516954,15.0001748757505,15.0000192259018,""
43327.8371105194,14.9999997196707,1.38622613847841E-05,0.813619474269322,1.73278267309801E-05,1.01702434283665,56.5435370740368,15.0001737447128,15.000018142375,""
43343.2816104889,14.9999998359039,1.38589001081876E-05,0.813833529854711,1.73236251352344E-05,1.01729191231839,56.5435580096732,15.0001746073776,15.0000190402396,""
43358.7279798985,14.9999999950607,1.38557712674912E-05,0.814047591329569,1.7319714084364E-05,1.01755948916196,56.5436573712352,15.0001754701469,15.0000199382129,""
43374.1724798679,15.0000001597656,1.38527408036103E-05,0.814261548195211,1.73159260045129E-05,1.01782693524401,56.5435841444556,15.0001782024307,15.0000227099881,""
43389.6188495159,15.0000003252708,1.38497300463013E-05,0.814475514841141,1.73121625578767E-05,1.01809439355143,56.5433849595633,15.0001809350453,15.0000254820989,""
43405.0633494854,15.0000003289227,1.38447519001991E-05,0.8146893480126,1.73059398752489E-05,1.01836168501575,56.543297039771,15.0001802426078,15.0000248319757,""
43420.5097191334,15.0000003098746,1.3839369877937E-05,0.814903185023657,1.72992123474213E-05,1.01862898127957,56.5432902546947,15.0001795500865,15.0000241817739,""
43435.9542191029,14.9999999580371,1.38383471451136E-05,0.815116925517706,1.7297933931392E-05,1.01889615689713,56.5432903432576,15.0001787517755,15.0000234055581,""
43451.4005887508,14.9999995594399,1.38382180157795E-05,0.815330677403516,1.72977725197244E-05,1.0191633467544,56.5432954427586,15.000177953368,15.0000226292483,""
43466.8450887203,14.9999998888647,1.38370010102279E-05,0.815544383302859,1.72962512627848E-05,1.01943047912857,56.5433199588623,15.0001777347225,15.0000224430841,""
43482.2914583683,15.0000003206009,1.38355606723361E-05,0.815758110946678,1.72944508404201E-05,1.01969763868335,56.5433586278773,15.0001775160506,15.0000222568973,""
43497.7359583378,15.0000000740113,1.38302136674396E-05,0.815971715461571,1.72877670842994E-05,1.01996464432696,56.5433628147963,15.0001761109475,15.0000208903446,""
43513.1823279858,14.9999997320287,1.38240640970253E-05,0.816185325871667,1.72800801212816E-05,1.02023165733958,56.5433418899082,15.0001747056743,15.0000195236265,""
43528.6268279552,14.9999999300481,1.38177118562761E-05,0.816398749693913,1.72721398203451E-05,1.02049843711739,56.5432790547997,15.0001783890136,15.0000232416397,""
43544.0731976032,15.0000002040668,1.3811317072009E-05,0.816612166343906,1.72641463400112E-05,1.02076520792988,56.543185699246,15.0001820727988,15.0000269601029,""
43559.5176975727,15.0000000361909,1.38076284758606E-05,0.816825435089844,1.72595355948258E-05,1.02103179386231,56.5431514110328,15.0001846440173,15.0000295580431,""
43574.9640672207,14.9999998060742,1.3804495321912E-05,0.817038704571303,1.725561915239E-05,1.02129838071413,56.5431600906216,15.0001872155471,15.0000321562979,""
43590.4085671902,15.0000000996424,1.38064854197464E-05,0.817251947089319,1.72581067746829E-05,1.02156493386165,56.5431732226362,15.0001889055278,15.000033861042,""
43605.8549365997,15.0000004670415,1.38095289138267E-05,0.8174652151826,1.72619111422834E-05,1.02183151897825,56.5431895951902,15.0001905957129,15.0000355659924,""
43621.2994365692,15.0000002885192,1.38141448284376E-05,0.817678559730203,1.7267681035547E-05,1.02209819966275,56.5431134946819,15.0001908785077,15.0000358536634,""
43636.7458062172,15.0000000329891,1.38190848016817E-05,0.817891951139413,1.72738560021021E-05,1.02236493892427,56.542970165447,15.0001911613366,15.0000361413691,""
43652.1903064251,15.0000000956712,1.38212351037176E-05,0.818105400190125,1.7276543879647E-05,1.02263175023766,56.5428882824515,15.0001901480947,15.0000351317478,""
43667.6366758347,15.0000002032692,1.38228116973484E-05,0.818318892250932,1.72785146216855E-05,1.02289861531366,56.5428510215533,15.0001891347301,15.0000341220044,""
43683.0811758041,14.9999998690614,1.38220517874597E-05,0.818532362770781,1.72775647343246E-05,1.02316545346348,56.5428267884651,15.0001921924972,15.0000371889319,""
43698.5275454521,14.99999947241,1.38208107427177E-05,0.818745860017772,1.72760134283971E-05,1.02343232502221,56.5428120100033,15.0001952506344,15.0000402562307,""
43713.9720454216,14.9999997987313,1.38227409873346E-05,0.818959348617417,1.72784262341683E-05,1.02369918577177,56.542859385333,15.0002000302506,15.0000450221426,""
43729.4184150696,15.0000002272838,1.38253247353983E-05,0.819172866603804,1.72816559192479E-05,1.02396608325475,56.542951878953,15.0002048104455,15.0000497886314,""
43744.8629152775,15.000000155277,1.38391931372434E-05,0.819386599226797,1.72989914215542E-05,1.0242332490335,56.5429096485228,15.0002098793021,15.0000548148729,""
43760.309284687,15.0000000124558,1.38553891760101E-05,0.819600407282474,1.73192364700126E-05,1.02450050910309,56.5427696812517,15.0002149487721,15.0000598417228,""
43775.7537846565,14.9999999974963,1.38664575658629E-05,0.819814525039234,1.73330719573287E-05,1.02476815629904,56.5427797785434,15.0002181935416,15.0000630485421,""
43791.2001543045,15.0000000006347,1.38764702876978E-05,0.820028737918731,1.73455878596222E-05,1.02503592239841,56.5428986798181,15.0002214387039,15.0000662557497,""
43806.644654274,14.9999999620261,1.38821393319028E-05,0.820243114179262,1.73526741648785E-05,1.02530389272408,56.5428583177515,15.0002234348345,15.0000682182549,""
43822.0910236835,14.9999999174979,1.38869131063908E-05,0.820457555447672,1.73586413829885E-05,1.02557194430959,56.5427025333232,15.0002254312067,15.0000701809977,""
43837.535523653,14.9999999820662,1.38867856397098E-05,0.820672017292615,1.73584820496372E-05,1.02584002161577,56.5426183608773,15.0002256205721,15.0000703485547,""
43852.981893301,15.000000062111,1.38856465098091E-05,0.820886514705057,1.73570581372614E-05,1.02610814338132,56.5425860403973,15.0002258099605,15.0000705161321,""
43868.4263932705,14.9999999206122,1.38803224522262E-05,0.821100892348331,1.73504030652827E-05,1.02637611543541,56.5426321967066,15.0002263291524,15.0000710260177,""
43883.8727629185,14.9999997476599,1.38741333778808E-05,0.82131527656933,1.7342666722351E-05,1.02664409571166,56.5427351762191,15.0002268484071,15.000071535965,""
43899.317262888,15.0000000476515,1.38701864256449E-05,0.821529511026578,1.73377330320561E-05,1.02691188878322,56.5427828338966,15.0002229668636,15.0000676492046,""
43914.7636325359,15.0000004148402,1.38667021616124E-05,0.821743745833192,1.73333777020154E-05,1.02717968229149,56.5427904709648,15.0002190848503,15.0000637619737,""
43930.2081325054,15.0000002770734,1.38620176362921E-05,0.821957846976516,1.73275220453651E-05,1.02744730872064,56.5427984961926,15.0002137994778,15.0000584754992,""
43945.6545021534,15.0000000675311,1.3857084302075E-05,0.822171951764907,1.73213553775937E-05,1.02771493970613,56.5428068038251,15.0002085134654,15.0000531883847,""
43961.0990021229,15.0000001179664,1.38511277574682E-05,0.822385888557417,1.73139096968353E-05,1.02798236069677,56.542819969698,15.0002057217274,15.000050410102,""
43976.5453717709,15.0000002053809,1.38449587099369E-05,0.82259982185842,1.73061983874211E-05,1.02824977732303,56.5428366502182,15.0002029296515,15.0000476314829,""
43991.9898717403,15.0000000715111,1.38400285953511E-05,0.822813590509539,1.73000357441889E-05,1.02851698813692,56.5427743746672,15.0002035108892,15.0000482216402,""
44007.4362413883,14.9999999061291,1.38353541435334E-05,0.823027356321851,1.72941926794167E-05,1.02878419540231,56.5426550391127,15.0002040921972,15.000048811869,""
44022.8807413578,15.0000000311588,1.38329792890623E-05,0.823241012150985,1.72912241113279E-05,1.02905126518873,56.5426332898896,15.0002025777444,15.000047306573,""
44038.3271110058,15.0000001975694,1.38310802083163E-05,0.823454676428513,1.72888502603954E-05,1.02931834553564,56.5426820087649,15.0002010631083,15.0000458010948,""
44053.7716109753,15.0000000296549,1.38289603052277E-05,0.823668262835915,1.72862003815346E-05,1.02958532854489,56.5426715757142,15.0002015571077,15.0000463023301,""
44069.2179803848,14.9999998140623,1.38267943486106E-05,0.823881864321579,1.72834929357632E-05,1.02985233040197,56.5426184447573,15.0002020511669,15.0000468036262,""
44084.6624803543,14.9999999649957,1.38243360317267E-05,0.824095380018692,1.72804200396583E-05,1.03011922502337,56.5425827572132,15.0002012769983,15.0000460445991,""
44100.1088500023,15.0000001682348,1.3821816761395E-05,0.824308909139637,1.72772709517437E-05,1.03038613642455,56.5425596465921,15.000200502736,15.0000452854801,""
44115.5533502102,14.9999999685927,1.38155346796904E-05,0.824522289841545,1.72694183496131E-05,1.03065286230193,56.5425189190989,15.0001957720194,15.0000405804149,""
44130.9997196198,14.9999997114081,1.3808471403564E-05,0.824735670947182,1.7260589254455E-05,1.03091958868398,56.5424654799403,15.0001910407303,15.0000358747803,""
44146.4442195892,14.9999999326484,1.38021787141358E-05,0.824948857431851,1.72527233926697E-05,1.03118607178981,56.5424690619532,15.000184036164,15.0000288938172,""
44161.8905892372,15.0000002222707,1.37960449800549E-05,0.82516203469976,1.72450562250687E-05,1.0314525433747,56.5425137411222,15.0001770307498,15.000021912009,""
44177.3350892067,15.0000002283851,1.37897719558169E-05,0.825375027108283,1.72372149447711E-05,1.03171878388535,56.5424758558316,15.0001721002342,15.0000170158066,""
44192.7814588547,15.0000001939652,1.37834691008747E-05,0.825588012280638,1.72293363760934E-05,1.0319850153508,56.5423784862212,15.0001671691217,15.0000121190115,""
44208.2259588242,14.9999999149727,1.37774598127594E-05,0.825800814990812,1.72218247659493E-05,1.03225101873852,56.5423003161227,15.0001680914548,15.0000130708472,""
44223.6723284721,14.9999996009467,1.37715106156416E-05,0.826013610917972,1.72143882695519E-05,1.03251701364746,56.5422359534992,15.0001690138996,15.0000140227981,""
44239.11682868,14.9999999581762,1.37641012185885E-05,0.826226206379867,1.72051265232357E-05,1.03278275797483,56.5422386491629,15.0001695578859,15.0000146089657,""
44254.5631980896,15.0000004115759,1.37563873203081E-05,0.826438791263572,1.71954841503851E-05,1.03304848907947,56.5422896037039,15.0001701019381,15.0000151952043,""
44270.0076980591,15.0000002520453,1.37499823422294E-05,0.826651173362788,1.71874779277867E-05,1.03331396670348,56.54236650796,15.0001690237118,15.000014154005,""
44285.4540674686,15.0000000046567,1.37438485508491E-05,0.826863544355078,1.71798106885613E-05,1.03357943044385,56.542462093576,15.0001679453549,15.0000131126797,""
44300.8985674381,14.9999999444961,1.3738572180657E-05,0.82707574603806,1.71732152258212E-05,1.03384468254758,56.5424676724825,15.0001673306922,15.000012535001,""
44316.3449370861,14.9999999111783,1.37334733874542E-05,0.827287943535125,1.71668417343178E-05,1.03410992941891,56.5424085438715,15.000166715955,15.0000119572524,""
44331.7894370556,15.0000000145976,1.37277198667076E-05,0.827499974861938,1.71596498333845E-05,1.03437496857742,56.5423562735201,15.0001624277078,15.0000077151542,""
44347.2358067036,15.0000001376562,1.37218292474426E-05,0.827712002616538,1.71522865593032E-05,1.03464000327067,56.5423089204618,15.0001581389415,15.0000034725424,""
44362.6803066731,14.9999999627485,1.37138332908079E-05,0.82792382158224,1.71422916135099E-05,1.0349047769778,56.5423545502424,15.0001535822526,14.9999989617998,""
44378.126676321,14.9999997450189,1.37053977924856E-05,0.828135628055628,1.7131747240607E-05,1.03516953506954,56.5424669713384,15.0001490250121,14.9999944505112,""
44393.5711762905,14.9999998561753,1.36997947150688E-05,0.82834723698972,1.7124743393836E-05,1.03543404623715,56.5425426177408,15.000149853451,14.999995324618,""
44409.0175459385,15.0000000146218,1.36947808857747E-05,0.828558835724794,1.71184761072184E-05,1.03569854465599,56.5425918808174,15.0001506819902,14.9999961988307,""
44424.462045908,14.9999998985701,1.36877585501041E-05,0.82877024965809,1.71096981876301E-05,1.03596281207261,56.5426009146444,15.0001546264604,15.0000001888745,""
44439.908415556,14.9999997430155,1.36803165478176E-05,0.82898165600039,1.7100395684772E-05,1.03622707000049,56.5425810857759,15.0001585714082,15.0000041794014,""
44455.3529155254,14.9999997267708,1.36756998866713E-05,0.829192890174565,1.70946248583392E-05,1.03649111271821,56.5425726327703,15.0001628066742,15.0000084577498,""
44470.7992851734,14.9999997305791,1.36716717468416E-05,0.829404119349049,1.7089589683552E-05,1.03675514918631,56.5425723361524,15.000167042453,15.0000127366162,""
44486.2437851429,14.999999786082,1.36661121244138E-05,0.829615196349455,1.70826401555172E-05,1.03701899543682,56.5426669950414,15.0001719409841,15.0000176865791,""
44501.6901545525,14.9999998490401,1.36602321494169E-05,0.829826272479938,1.70752901867712E-05,1.03728284059992,56.5428297365988,15.0001768401081,15.0000226371412,""
44517.1346545219,14.9999999969167,1.36540698090752E-05,0.830037168436203,1.7067587261344E-05,1.03754646054525,56.5428679568589,15.0001819733501,15.0000278128139,""
44532.5810241699,15.0000001570574,1.36478476221519E-05,0.83024805763995,1.70598095276899E-05,1.03781007204994,56.5428169740625,15.0001871072136,15.0000329891131,""
44548.0255241394,15.0000000946486,1.36433367961542E-05,0.830458788752554,1.70541709951927E-05,1.03807348594069,56.5428516811236,15.0001901888507,15.0000361118664,""
44563.4718937874,15.0000000001198,1.3639182746337E-05,0.830669517684948,1.70489784329213E-05,1.03833689710619,56.5429477557645,15.0001932708608,15.0000392349978,""
44578.9163937569,15.0000000917985,1.36357917955448E-05,0.830880126756099,1.7044739744431E-05,1.03860015844512,56.5430411170012,15.0001959985307,15.0000420029916,""
44594.3627634048,15.000000210378,1.36325598116059E-05,0.831090741603816,1.70406997645074E-05,1.03886342700477,56.5431325555953,15.0001987265307,15.0000447713205,""
44609.8072636127,15.000000080797,1.36276058226289E-05,0.831301221789583,1.70345072782861E-05,1.03912652723698,56.5431101601255,15.0002023970962,15.000048486981,""
44625.2536330223,14.9999999153369,1.36222910808755E-05,0.831511704621325,1.70278638510944E-05,1.03938963077666,56.5430063274019,15.0002060681059,15.0000522030912,""
44640.6981329918,15.0000000203528,1.36152995940292E-05,0.83172200030604,1.70191244925366E-05,1.03965250038255,56.5430126842494,15.0002094857086,15.0000556672462,""
44656.1445026398,15.0000001644988,1.36079563392307E-05,0.831932287625614,1.70099454240384E-05,1.03991535953202,56.5430978286499,15.000212903725,15.0000591318205,""
44671.5890026093,15.0000002463689,1.36014940798517E-05,0.832142375520368,1.70018675998146E-05,1.04017796940046,56.5430996749995,15.0002104458168,15.0000567227453,""
44687.0353722572,15.0000003192374,1.35952152569429E-05,0.832352452433329,1.69940190711786E-05,1.04044056554166,56.5430419927582,15.0002079876109,15.0000543133784,""
44702.4798722267,15.0000001524921,1.35863264772374E-05,0.832562303230127,1.69829080965468E-05,1.04070287903766,56.5431020697409,15.0002041284865,15.0000505089279,""
44717.9262418747,14.9999999510189,1.35768898819707E-05,0.83277213740274,1.69711123524633E-05,1.04096517175343,56.5432462739483,15.000200268895,15.0000467040169,""
44733.3707420826,14.9999998440822,1.35705577072412E-05,0.832981753121246,1.69631971340515E-05,1.04122719140156,56.5432880226244,15.000201752347,15.0000482341786,""
44748.8171112537,14.9999997508333,1.35648749908337E-05,0.833191353754497,1.69560937385421E-05,1.04148919219312,56.5432566329877,15.0002032359785,15.0000497645254,""
44764.2616112232,14.9999997442407,1.35659810762325E-05,0.833400888760442,1.69574763452907E-05,1.04175111095055,56.5433229127301,15.0002034747291,15.0000500246547,""
44779.7079808712,14.9999997502172,1.35685103245659E-05,0.833610440691694,1.69606379057073E-05,1.04201305086462,56.5434589014582,15.0002037135086,15.0000502848154,""
44795.1524808407,14.9999999005663,1.35768418045508E-05,0.833820121464556,1.69710522556885E-05,1.04227515183069,56.5434090687801,15.0001960568472,15.0000426273073,""
44810.5988504887,15.0000000718942,1.35863913319641E-05,0.834029859964577,1.69829891649551E-05,1.04253732495572,56.5432266927586,15.0001883992589,15.0000349688721,""
44826.0433504581,15.000000150336,1.35919251534697E-05,0.834239754879299,1.69899064418371E-05,1.04279969359912,56.5431623809548,15.0001763946399,15.0000229730128,""
44841.4897201061,15.0000002152946,1.35966171930353E-05,0.834449713354564,1.69957714912941E-05,1.04306214169321,56.5431822205653,15.0001643885678,15.0000109757012,""
44856.9342200756,15.00000010969,1.35960795148774E-05,0.834659685429107,1.69950993935967E-05,1.04332460678638,56.5431882923986,15.0001522260123,14.9999988259817,""
44872.3805897236,14.9999999792736,1.35944438760602E-05,0.834869691113539,1.69930548450752E-05,1.04358711389192,56.5431845557075,15.0001400619844,14.9999866747914,""
44887.8250896931,15.0000000249808,1.35913938425833E-05,0.835079607775985,1.69892423032292E-05,1.04384950971998,56.5431615631861,15.0001336484976,14.9999802758516,""
44903.271459341,15.0000000963193,1.35880462849343E-05,0.835289536489964,1.69850578561679E-05,1.04411192061246,56.5431248526164,15.0001272342344,14.9999738761372,""
44918.7159593105,15.0000001003825,1.35834617203843E-05,0.835499335235977,1.69793271504803E-05,1.04437416904497,56.5430912773792,15.0001222601703,14.9999689180238,""
44934.1623289585,15.0000000946507,1.35786165325131E-05,0.835709137404809,1.69732706656413E-05,1.04463642175601,56.5430599269386,15.000117285504,14.9999639593101,""
44949.606828928,14.9999999852775,1.35723438743141E-05,0.835918768461113,1.69654298428926E-05,1.04489846057639,56.5431124249352,15.0001144383442,14.9999611432467,""
44965.0531983376,14.9999998607871,1.35657701674312E-05,0.83612839425046,1.6957212709289E-05,1.04516049281308,56.5432245880459,15.0001115908397,14.9999583268425,""
44980.497698307,15.0000001242219,1.35584471583926E-05,0.836337815322952,1.69480589479908E-05,1.04542226915369,56.5432739425531,15.0001096802261,14.9999564498537,""
44995.944067955,15.0000004442618,1.35509654530833E-05,0.836547224015637,1.69387068163541E-05,1.04568403001955,56.5432786441643,15.0001077693811,14.9999545726376,""
45011.3885679245,15.0000002397688,1.35425980352103E-05,0.836756402750707,1.69282475440128E-05,1.04594550343838,56.5432358153842,15.0001081208175,14.999954959596,""
45026.8349375725,14.9999999587006,1.35340429776226E-05,0.836965563739551,1.69175537220282E-05,1.04620695467444,56.5431591957765,15.0001084722964,14.9999553466013,""
45042.279437542,15.0000000029392,1.35266805009103E-05,0.837174499530013,1.69083506261379E-05,1.04646812441252,56.5431385248773,15.0001105665436,14.9999574839946,""
45057.7258071899,15.0000000946928,1.35195680725003E-05,0.837383418518868,1.68994600906253E-05,1.04672927314858,56.5431575951091,15.0001126610443,14.9999596216467,""
45073.1703073978,14.9999999267102,1.35109726772916E-05,0.837592107843342,1.68887158466145E-05,1.04699013480418,56.5431847039279,15.0001167864134,14.9999637991847,""
45088.6166768074,14.9999997207432,1.35020635883762E-05,0.837800779360617,1.68775794854702E-05,1.04725097420077,56.5432175260444,15.0001209122818,14.9999679772284,""
45104.0611767769,14.9999998111309,1.34957794820682E-05,0.838009238873233,1.68697243525853E-05,1.04751154859154,56.5432193373636,15.0001278168969,14.9999749205926,""
45119.5075464249,14.9999999448769,1.34900477726072E-05,0.838217684251955,1.6862559715759E-05,1.04777210531494,56.5431991412469,15.0001347223478,14.9999818647973,""
45134.9520463943,14.9999998612909,1.34825740795756E-05,0.83842593127456,1.68532175994695E-05,1.0480324140932,56.5431895244366,15.0001417683574,14.9999889649813,""
45150.3984160423,14.999999745882,1.34747319127888E-05,0.83863416699119,1.6843414890986E-05,1.04829270873899,56.5431874098389,15.0001488152201,14.9999960660249,""
45165.8429160118,14.9999998386411,1.34691067356882E-05,0.838842211706375,1.68363834196102E-05,1.04855276463297,56.543163967066,15.0001529154033,15.000000209085,""
45181.2892856598,14.9999999619059,1.3463948527173E-05,0.839050246619209,1.68299356589662E-05,1.04881280827401,56.543125398305,15.0001570160828,15.0000043526465,""
45196.7337858677,14.9999999985698,1.34568710169541E-05,0.839258095143555,1.68210887711926E-05,1.04907261892944,56.5430868057084,15.0001601674716,15.0000075566704,""
45212.1801550388,15.0000000225437,1.34493872834703E-05,0.839465934782532,1.68117341043379E-05,1.04933241847817,56.5430481882411,15.0001633192417,15.000010761082,""
45227.6246550083,14.999999881121,1.34440324903955E-05,0.839673591291241,1.68050406129943E-05,1.04959198911405,56.5430693975254,15.0001675146154,15.0000150046356,""
45243.0710246563,14.9999997154147,1.34391265839045E-05,0.839881239566251,1.67989082298807E-05,1.04985154945781,56.5431329845723,15.0001717104971,15.0000192487028,""
45258.5155246258,14.9999996403224,1.34333800551113E-05,0.840088724615032,1.67917250688892E-05,1.05011090576879,56.5431981618899,15.000176624917,15.0000242096025,""
45273.9618942738,14.9999995785229,1.34274550383592E-05,0.840296205595602,1.6784318797949E-05,1.0503702569945,56.5432644784595,15.0001815399318,15.0000291711026,""
45289.4063942432,14.9999998533192,1.34225924527916E-05,0.840503526789397,1.67782405659894E-05,1.05062940848675,56.5433231496559,15.0001834291983,15.0000311085474,""
45304.8527638912,15.0000001776069,1.34179537874633E-05,0.840710844603334,1.67724422343291E-05,1.05088855575417,56.5433764234066,15.0001853186935,15.0000330462268,""
45320.2972638607,15.0000001555782,1.34103371801126E-05,0.840917973054002,1.67629214751407E-05,1.0511474663175,56.5433594667687,15.0001799249809,15.0000277043427,""
45335.7436335087,15.0000000826269,1.34020894996033E-05,0.841125091825441,1.67526118745041E-05,1.0514063647818,56.5432928390684,15.0001745306153,15.0000223618119,""
45351.1881334782,15.0000000638534,1.33967561415677E-05,0.841332020269588,1.67459451769597E-05,1.05166502533699,56.543272761661,15.0001634708868,15.0000113493851,""
45366.6345031261,15.000000053049,1.33920388122721E-05,0.841538938783487,1.67400485153401E-05,1.05192367347936,56.5432855844668,15.0001524098194,15.0000003356252,""
45382.0790030956,14.9999998986242,1.33861914919676E-05,0.84174569454154,1.67327393649594E-05,1.05218211817693,56.5433326278998,15.0001428467051,14.9999908218069,""
45397.5253727436,14.9999997230295,1.33801040319457E-05,0.841952446164662,1.67251300399321E-05,1.05244055770583,56.5434038580463,15.0001332824332,14.999981306837,""
45412.9698727131,15.0000001304631,1.33726473485522E-05,0.842158996442839,1.67158091856902E-05,1.05269874555355,56.5434164263164,15.0001294045219,14.9999774854163,""
45428.4162421227,15.0000006238694,1.33648994833949E-05,0.842365534362338,1.67061243542436E-05,1.05295691795292,56.5433875730348,15.0001255261413,14.9999736635331,""
45443.8607423306,15.0000002061748,1.33569131758606E-05,0.842571846128781,1.66961414698257E-05,1.05321480766098,56.5434013174818,15.0001270291522,14.9999752207852,""
45459.3071117401,14.9999996540604,1.3348875154102E-05,0.842778140219471,1.66860939426275E-05,1.05347267527434,56.543445130194,15.000128532345,14.9999767782256,""
45474.7516117096,15.0000000663462,1.33429731048199E-05,0.842984237481345,1.66787163810249E-05,1.05373029685168,56.5434473101439,15.0001364833934,14.9999847829863,""
45490.1979813576,15.0000006210174,1.33375231826519E-05,0.843190323240435,1.66719039783149E-05,1.05398790405054,56.5434201208494,15.0001444354044,14.9999927887161,""
45505.6424813271,15.0000003648088,1.3330857857593E-05,0.843396226398965,1.66635723219912E-05,1.05424528299871,56.5434100336531,15.0001521413293,15.0000005456144,""
45521.088850975,14.9999999888041,1.33239336633348E-05,0.843602121027453,1.66549170791684E-05,1.05450265128432,56.5434120029728,15.0001598481872,15.0000083034517,""
45536.5333509445,15.0000001576659,1.33172600760299E-05,0.843807818168796,1.66465750950374E-05,1.054759772711,56.5433779346797,15.0001645061942,15.0000130200194,""
45551.9797205925,15.0000004070838,1.33106387114869E-05,0.844013503572584,1.66382983893586E-05,1.05501687946573,56.5433184621087,15.0001691647651,15.000017737158,""
45567.4242208004,15.0000001454907,1.33038157274315E-05,0.844218992264026,1.66297696592894E-05,1.05527374033003,56.5433150440331,15.0001731082274,15.0000217355951,""
45582.87059021,14.9999998082764,1.32969489180492E-05,0.844424469326305,1.66211861475615E-05,1.05553058665788,56.5433511095371,15.0001770521669,15.0000257345162,""
45598.3150901794,14.9999998561299,1.32907300765447E-05,0.844629756586067,1.66134125956809E-05,1.05578719573258,56.5433210537962,15.0001859932102,15.0000347238097,""
45613.7614598274,14.9999999609887,1.3284648020868E-05,0.844835033643346,1.6605810026085E-05,1.05604379205418,56.5432444398879,15.0001949353359,15.0000437141915,""
45629.2059597969,14.9999998637252,1.32774511095099E-05,0.845040113697138,1.65968138868874E-05,1.05630014212142,56.5432651437369,15.0002017351736,15.000050578475,""
45644.6523292065,14.9999997365072,1.3270016105597E-05,0.845245181966747,1.65875201319962E-05,1.05655647745843,56.543354333196,15.0002085358343,15.0000574435894,""
45660.0968291759,14.9999998396093,1.32635194638938E-05,0.845450050526731,1.65793993298672E-05,1.05681256315841,56.5433022450613,15.0002094106703,15.0000583665313,""
45675.5431988239,14.9999999768692,1.32572214803047E-05,0.845654906679779,1.65715268503808E-05,1.05706863334972,56.5431507804582,15.0002102856123,15.000059289585,""
45690.9876987934,14.9999999160209,1.32520648814607E-05,0.845859595258046,1.65650811018259E-05,1.05732449407256,56.543163199512,15.0002092447194,15.0000583054885,""
45706.4340684414,14.9999998257742,1.32471504479367E-05,0.8460642782241,1.65589380599209E-05,1.05758034778013,56.5432908289866,15.0002082037005,15.0000573212728,""
45721.8785684109,14.9999997856088,1.32388505597422E-05,0.846268758964579,1.65485631996777E-05,1.05783594870572,56.5433676242414,15.0002098922263,15.0000590685212,""
45737.3249380589,14.9999997528731,1.3229828557532E-05,0.846473226668447,1.6537285696915E-05,1.05809153333556,56.5434087174413,15.0002115809566,15.000060815981,""
45752.7694380283,14.9999996944429,1.32244780635141E-05,0.846677496585517,1.65305975793926E-05,1.0583468707319,56.5434058725995,15.0002141986232,15.0000634792115,""
45768.2158076763,14.9999996321871,1.32199089863886E-05,0.846881754361573,1.65248862329858E-05,1.05860219295197,56.543372170198,15.0002168166067,15.0000661427644,""
45783.6603076458,14.9999998616545,1.32156669052277E-05,0.847085876122058,1.65195836315346E-05,1.05885734515257,56.543343197163,15.0002177775651,15.0000671572272,""
45799.1066772938,15.0000001345284,1.32114939016951E-05,0.847289998867936,1.65143673771189E-05,1.05911249858492,56.5433175378573,15.0002187386397,15.0000681718128,""
45814.5511772633,15.0000000940687,1.32057024771437E-05,0.847493965660325,1.65071280964296E-05,1.05936745707541,56.543388136685,15.0002164588436,15.0000659438101,""
45829.9975469112,15.0000000069812,1.31995650540761E-05,0.847697929151354,1.64994563175951E-05,1.05962241143919,56.5435262830783,15.0002141787715,15.0000637155377,""
45845.4420468807,15.0000000691775,1.31909584948421E-05,0.84790167356636,1.64886981185526E-05,1.05987709195795,56.5435057541437,15.0002101752877,15.0000597726585,""
45860.8884165287,15.0000001536115,1.31818238321602E-05,0.848105401164753,1.64772797902002E-05,1.06013175145594,56.5433739527521,15.0002061713191,15.0000558293021,""
45876.3329164982,15.0000000706987,1.31749242000119E-05,0.848308906091778,1.64686552500149E-05,1.06038613261472,56.5433428323677,15.0002020125583,15.0000517219051,""
45891.7792859077,14.9999999628372,1.31685006834093E-05,0.848512393375391,1.64606258542617E-05,1.06064049171924,56.5433822710586,15.000197853294,15.000047614011,""
45907.2237858772,15.0000000442417,1.31633953282861E-05,0.848715712887907,1.64542441603576E-05,1.06089464110988,56.5433707013776,15.0001963222935,15.0000461341012,""
45922.6701555252,15.0000001538819,1.31585707632187E-05,0.84891902643679,1.64482134540233E-05,1.06114878304599,56.5433233963341,15.0001947911077,15.0000446540122,""
45938.1146557331,15.0000001322936,1.31523395021412E-05,0.849122170857975,1.64404243776764E-05,1.06140271357247,56.5432701045463,15.0001892604032,15.0000391792412,""
45953.5610251427,15.0000000911182,1.31458067243361E-05,0.849325308978203,1.64322584054201E-05,1.06165663622275,56.5432126099834,15.0001837290293,15.0000337038077,""
45969.0055251122,15.0000000405496,1.31388020397523E-05,0.849528248968609,1.64235025496904E-05,1.06191031121076,56.5431041922156,15.000174226337,15.0000242566217,""
45984.4518947601,14.9999999885711,1.31316954317472E-05,0.849731176418017,1.6414619289684E-05,1.06216397052252,56.5429601144572,15.0001647224944,15.0000148082922,""
45999.8963947296,15.0000001682113,1.31242873639778E-05,0.849933893805115,1.64053592049722E-05,1.06241736725639,56.5429211935866,15.000156707562,15.0000068508503,""
46015.3427643776,15.0000003824934,1.31168137226406E-05,0.850136596047992,1.63960171533007E-05,1.06267074505999,56.5429558200736,15.0001486916594,14.9999988924452,""
46030.7872643471,15.0000000416838,1.31107302011641E-05,0.850339105060898,1.63884127514552E-05,1.06292388132612,56.5430082937042,15.0001470840882,14.9999973356957,""
46046.2336339951,14.9999996178034,1.31049432945664E-05,0.850541602481352,1.6381179118208E-05,1.06317700310169,56.5430732556475,15.0001454763225,14.9999957787577,""
46061.678134203,14.999999810265,1.30995356967197E-05,0.850743934018635,1.63744196208996E-05,1.06342991752329,56.5430843178745,15.0001490504124,14.9999994057292,""
46077.1245036125,15.0000000950059,1.30942085235987E-05,0.85094625976789,1.63677606544984E-05,1.06368282470986,56.5430577181619,15.0001526249348,15.0000030331397,""
46092.569003582,14.9999999959178,1.30886873494163E-05,0.851148422508282,1.63608591867704E-05,1.06393552813535,56.5431104776225,15.000155258206,15.0000057186443,""
46108.0153729916,14.9999998393229,1.30831238024278E-05,0.851350580039474,1.63539047530348E-05,1.06418822504934,56.5432186750665,15.000157891796,15.000008404474,""
46123.459872961,14.999999862612,1.307752474903E-05,0.85155257102941,1.63469059362875E-05,1.06444071378676,56.5432898525597,15.0001567160899,15.0000072799054,""
46138.906242609,14.9999999128687,1.30719172620985E-05,0.851754556015931,1.63398965776231E-05,1.06469319501991,56.5433352016184,15.0001555402414,15.0000061552007,""
46154.3507425785,14.9999999313222,1.3065532112254E-05,0.851956361910542,1.63319151403175E-05,1.06494545238818,56.5432831210674,15.0001536396342,15.0000043063158,""
46169.7971122265,14.9999999450074,1.30589792550864E-05,0.852158159068388,1.6323724068858E-05,1.06519769883548,56.5431630496852,15.0001517387968,15.0000024572071,""
46185.241612196,15.0000000675533,1.30529976606323E-05,0.85235977396108,1.63162470757903E-05,1.06544971745135,56.5431960663683,15.0001527098785,15.0000034801194,""
46200.6879818439,15.0000002064585,1.30471377547536E-05,0.852561379391388,1.6308922193442E-05,1.06570172423923,56.5433358514621,15.0001536810776,15.0000045031556,""
46216.1324818134,14.9999999355348,1.30413172654147E-05,0.852762812002342,1.63016465817683E-05,1.06595351500293,56.5433679911257,15.0001587248094,15.0000095991569,""
46231.5788514614,14.9999996030048,1.30355043815296E-05,0.852964237134739,1.6294380476912E-05,1.06620529641842,56.543325104406,15.0001637691517,15.0000146957752,""
46247.0233514309,14.9999998074163,1.30282308141319E-05,0.853165467508034,1.62852885176649E-05,1.06645683438504,56.5433431747081,15.0001694181385,15.0000203993943,""
46262.4697210789,15.0000000925804,1.30206424626819E-05,0.85336668564495,1.62758030783524E-05,1.06670835705619,56.5434037168522,15.0001750678092,15.0000261037038,""
46277.9142210484,15.0000001573378,1.30138079964096E-05,0.853567698122711,1.6267259995512E-05,1.06695962265339,56.5433369699995,15.0001762929239,15.0000273801362,""
46293.3605906963,15.0000001889437,1.30071345200985E-05,0.853768695971435,1.62589181501231E-05,1.06721086996429,56.5431815728496,15.000177518187,15.0000286567232,""
46308.8050906658,15.0000000809796,1.30006716067952E-05,0.853969503072959,1.6250839508494E-05,1.0674618788412,56.5431882742516,15.0001792567734,15.0000304527188,""
46324.2514603138,14.9999999519866,1.29942530115061E-05,0.854170298701545,1.62428162643827E-05,1.06771287337693,56.5433077964964,15.0001809955702,15.0000322489318,""
46339.6959602833,14.999999938125,1.29890527038015E-05,0.854370925667469,1.62363158797519E-05,1.06796365708434,56.5433877946262,15.0001866187041,15.0000379192322,""
46355.1423296928,14.9999999416086,1.29841136805604E-05,0.854571545863181,1.62301421007005E-05,1.06821443232898,56.5434403144268,15.0001922425186,15.000043590219,""
46370.5868296623,14.999999942266,1.29776984955127E-05,0.854771993427371,1.62221231193909E-05,1.06846499178421,56.5434830225621,15.0001935290005,15.0000449313006,""
46386.0331993103,14.9999999424973,1.29709646900164E-05,0.854972433327666,1.62137058625205E-05,1.06871554165958,56.5435189174408,15.0001948156381,15.0000462725445,""
46401.4776995182,14.9999999936766,1.2966201558245E-05,0.85517270824989,1.62077519478062E-05,1.06896588531236,56.543560963269,15.0001889228577,15.0000404238545,""
46416.9240689278,15.0000000525509,1.29618620367968E-05,0.855372977108485,1.6202327545996E-05,1.06921622138561,56.5436072923199,15.0001830293641,15.0000345744565,""
46432.3685688972,14.9999999292344,1.29552958710189E-05,0.855573077045099,1.61941198387736E-05,1.06946634630637,56.5435949692036,15.0001768748782,15.0000284804266,""
46447.8149385452,14.999999778389,1.29482490737739E-05,0.855773170033706,1.61853113422174E-05,1.06971646254213,56.5435419036786,15.0001707196473,15.0000223856589,""
46463.2594385147,14.9999999158491,1.2942171374787E-05,0.855973074689114,1.61777142184838E-05,1.06996634336139,56.5435156624405,15.0001640677177,15.0000157801563,""
46478.7058081627,15.0000000968959,1.29363016501148E-05,0.856172968169124,1.61703770626436E-05,1.0702162102114,56.5435080386854,15.0001574149828,15.000009173854,""
46494.1503081322,14.9999999730273,1.29299682448342E-05,0.856372681135887,1.61624603060428E-05,1.07046585141986,56.5434907240814,15.0001546145898,15.0000064278634,""
46509.5966777802,14.9999998030302,1.29235339208053E-05,0.85657238456756,1.61544174010067E-05,1.07071548070945,56.5434666813842,15.0001518138578,15.0000036815403,""
46525.0411779881,14.9999998124053,1.29175178153296E-05,0.856771906801407,1.6146897269162E-05,1.07096488350176,56.5435082560688,15.0001562955421,15.0000082166391,""
46540.4875473976,14.9999998489273,1.29115910532755E-05,0.856971419300663,1.61394888165944E-05,1.07121427412583,56.5435953488134,15.0001607777688,15.0000127522867,""
46555.9320473671,14.999999793947,1.29044107719313E-05,0.85717073771344,1.61305134649141E-05,1.0714634221418,56.5436650381572,15.0001662778528,15.0000183036701,""
46571.3784167767,14.9999997251011,1.28969588574951E-05,0.857370043565659,1.61211985718688E-05,1.07171255445707,56.5437226775363,15.0001717786026,15.0000238557255,""
46586.8229167461,14.9999997899611,1.28901959903882E-05,0.857569146629415,1.61127449879853E-05,1.07196143328677,56.5437457746837,15.0001767394415,15.0000288741991,""
46602.2692863941,14.9999998750943,1.28835809355652E-05,0.857768235206302,1.61044761694564E-05,1.07221029400788,56.5437449434563,15.0001817008809,15.0000338932803,""
46617.7137863636,15.0000000863778,1.28771523181822E-05,0.857967134529342,1.60964403977277E-05,1.07245891816168,56.5437957223166,15.0001834372697,15.000035680026,""
46633.1601560116,15.0000003168238,1.2870763037916E-05,0.85816602224127,1.6088453797395E-05,1.07270752780159,56.5438822525097,15.0001851738686,15.000037466988,""
46648.6046559811,14.9999999315066,1.28657287957718E-05,0.858364744523426,1.60821609947147E-05,1.07295593065428,56.5439824469497,15.0001900439037,15.0000423863348,""
46664.051025629,14.9999994526747,1.28609867419646E-05,0.858563460300767,1.60762334274558E-05,1.07320432537596,56.5440921199183,15.0001949145283,15.0000473062771,""
46679.4955255985,14.9999996530613,1.28550221414478E-05,0.858762012705521,1.60687776768098E-05,1.0734525158819,56.5442007418239,15.0002055458908,15.0000579911698,""
46694.9418952465,14.9999999566433,1.28487922425345E-05,0.85896055901008,1.60609903031681E-05,1.0737006987626,56.5443086588245,15.0002161785402,15.000068677356,""
46710.386395216,14.9999999838792,1.2842347905372E-05,0.859158919760466,1.6052934881715E-05,1.07394864970058,56.544302571196,15.000221360106,15.0000739122842,""
46725.832764864,14.9999999691137,1.28358562159692E-05,0.859357269567372,1.60448202699615E-05,1.07419658695922,56.5442176505598,15.0002265422991,15.0000791478461,""
46741.2772648335,15.0000000534435,1.28302272865105E-05,0.859555443848758,1.60377841081381E-05,1.07444430481095,56.5441921828169,15.0002244400428,15.0000770925118,""
46756.7236344814,15.0000001528587,1.2824784318147E-05,0.859753609312941,1.60309803976837E-05,1.07469201164118,56.5442077996755,15.0002223375319,15.0000750369287,""
46772.1681344509,15.0000000654565,1.28200145361012E-05,0.859951622988133,1.60250181701266E-05,1.07493952873517,56.5442731908264,15.0002199436467,15.0000726928738,""
46787.6145038605,14.999999949604,1.28153898713573E-05,0.860149632944597,1.60192373391967E-05,1.07518704118075,56.5443729787549,15.0002175494717,15.0000703485353,""
46803.05900383,14.9999999932027,1.28087080253361E-05,0.8603474697484,1.60108850316701E-05,1.0754343371855,56.5443615536689,15.0002159593992,15.0000688120112,""
46818.5053734779,15.0000000610976,1.28015793636254E-05,0.86054529816604,1.60019742045318E-05,1.07568162270755,56.5442733403025,15.0002143691341,15.000067275301,""
46833.9498734474,14.9999999371454,1.27961325245787E-05,0.860742947646287,1.59951656557234E-05,1.07592868455786,56.5442482728686,15.0002090818645,15.0000620319744,""
46849.3962430954,14.9999997839294,1.27910495493556E-05,0.860940587442982,1.59888119366946E-05,1.07617573430373,56.5442667769595,15.0002037939548,15.000056788013,""
46864.8407430649,14.9999999130293,1.27860853326819E-05,0.861138076125556,1.59826066658523E-05,1.07642259515695,56.5442763074201,15.0001989201881,15.0000519643838,""
46880.2871127129,15.0000000852165,1.27811461477284E-05,0.861335561119965,1.59764326846605E-05,1.07666945139996,56.5442796502809,15.0001940458314,15.0000471401705,""
46895.7316129208,14.9999998134106,1.27764533979645E-05,0.861532900655248,1.59705667474556E-05,1.07691612581906,56.5443009167824,15.0001934750219,15.0000466135824,""
46911.1779823303,14.9999994737832,1.27718134444285E-05,0.861730237687237,1.59647668055357E-05,1.07716279710905,56.5443345442458,15.0001929041433,15.0000460869305,""
46926.6224822998,14.9999999440319,1.27658979918517E-05,0.861927413375671,1.59573724898146E-05,1.07740926671959,56.5443309334898,15.0001944166007,15.0000476497617,""
46942.0688519478,15.0000005380786,1.27597046890122E-05,0.862124583080227,1.59496308612653E-05,1.07765572885028,56.5443016627137,15.0001959292412,15.000049212782,""
46957.5133519173,15.000000538789,1.27531026070882E-05,0.862321565436824,1.59413782588603E-05,1.07790195679603,56.5443653769916,15.0001938569954,15.0000471895075,""
46972.9597215652,15.0000004487841,1.27464107402877E-05,0.86251853611705,1.59330134253597E-05,1.07814817014631,56.5444931442536,15.0001917844988,15.0000451659881,""
46988.4042215347,15.0000002991896,1.27408021826948E-05,0.862715329883238,1.59260027283686E-05,1.07839416235405,56.5446017986164,15.0001872923508,15.0000407220143,""
47003.8505911827,15.0000001404571,1.27354282775406E-05,0.86291211419555,1.59192853469258E-05,1.07864014274444,56.5446973184935,15.0001827996589,15.0000362775026,""
47019.2950913906,15.0000002504302,1.27290618579501E-05,0.863108723011424,1.59113273224377E-05,1.07888590376428,56.5447216336472,15.0001787607892,15.000032288894,""
47034.7414605618,15.000000401561,1.2722478649789E-05,0.863305322628091,1.59030983122363E-05,1.07913165328511,56.544696963336,15.0001747214306,15.0000282998028,""
47050.1859605312,15.0000001874413,1.27164551939473E-05,0.863501740081804,1.58955689924341E-05,1.07937717510226,56.5446963533249,15.0001721233401,15.0000257508282,""
47065.6323301792,14.9999999173266,1.2710552645167E-05,0.863698146849535,1.58881908064588E-05,1.07962268356192,56.5447122889151,15.0001695249351,15.000023201545,""
47081.0768301487,14.9999999535719,1.27037589822609E-05,0.863894366343376,1.58796987278261E-05,1.07986795792922,56.5447603417648,15.0001675546374,15.0000212835678,""
47096.5231997967,15.0000000367981,1.26967703262843E-05,0.864090573993558,1.58709629078554E-05,1.08011321749195,56.5448304796728,15.0001655841011,15.0000193653584,""
47111.9676997662,14.9999999906618,1.26906067811526E-05,0.864286593366163,1.58632584764407E-05,1.0803582417077,56.5448579965725,15.0001621636314,15.0000159977697,""
47127.4140694141,14.9999999246688,1.26846220398943E-05,0.864482600629252,1.58557775498678E-05,1.08060325078656,56.544856238966,15.0001587427477,15.0000126297733,""
47142.8585693836,14.999999926818,1.26778339214663E-05,0.864678419963991,1.58472924018329E-05,1.08084802495499,56.5448154078366,15.0001581485192,15.0000120878508,""
47158.3049390316,14.9999999394312,1.26708697361567E-05,0.86487422721796,1.58385871701959E-05,1.08109278402245,56.5447477387818,15.0001575542188,15.0000115458627,""
47173.7494390011,14.999999784258,1.26649314196855E-05,0.865069849995929,1.58311642746069E-05,1.08133731249491,56.5447852892948,15.0001571315245,15.0000111720161,""
47189.1958086491,14.9999996032796,1.26592158887879E-05,0.865265461399002,1.58240198609848E-05,1.08158182674875,56.5448950595983,15.000156708779,15.0000107981243,""
47204.6403086185,14.9999998347257,1.26538207839373E-05,0.865460909133866,1.58172759799216E-05,1.08182613641733,56.5447918301724,15.0001545753181,15.000008714533,""
47220.0866782665,15.0000001296268,1.26484947779769E-05,0.86565634998936,1.58106184724711E-05,1.0820704374867,56.5445424714014,15.000152441599,15.0000066306895,""
47235.531178236,15.0000003083794,1.26418257367557E-05,0.865851611393466,1.58022821709446E-05,1.08231451424183,56.5444684860876,15.0001517708817,15.0000060140218,""
47250.9775476456,15.0000004692826,1.26348626101777E-05,0.866046862428003,1.57935782627221E-05,1.082558578035,56.5445147236803,15.0001511000833,15.0000053972794,""
47266.4220478535,15.0000001219147,1.26289395522691E-05,0.866241929353302,1.57861744403364E-05,1.08280241169163,56.5444971502355,15.0001511835061,15.0000055314925,""
47281.868417263,14.9999996962231,1.26232427169608E-05,0.866436984842069,1.57790533962009E-05,1.08304623105259,56.5444358455846,15.0001512669389,15.0000056657217,""
47297.3129172325,14.9999999546712,1.26159801274394E-05,0.866631848111727,1.57699751592992E-05,1.08328981013966,56.5443907636399,15.0001552417639,15.0000096970639,""
47312.7592868805,15.0000003185909,1.26083744186746E-05,0.866826698132407,1.57604680233432E-05,1.08353337266551,56.5443567838154,15.0001592170701,15.0000137288942,""
47328.20378685,15.000000151733,1.26021949381994E-05,0.867021353793046,1.57527436727493E-05,1.08377669224131,56.544345750348,15.0001629319018,15.0000174911599,""
47343.650156498,14.9999999029924,1.25963262688941E-05,0.867215995688484,1.57454078361177E-05,1.0840199946106,56.5443504232484,15.0001666471832,15.0000212538812,""
47359.0946564674,14.9999997387737,1.25906762429996E-05,0.867410468643834,1.57383453037495E-05,1.08426308580479,56.5443620317617,15.0001675183411,15.0000221789545,""
47374.5410261154,14.9999995875769,1.25850731949887E-05,0.867604933347126,1.57313414937359E-05,1.08450616668391,56.5443783882418,15.0001683896046,15.0000231041399,""
47389.9855263233,14.9999997912707,1.25781775655598E-05,0.867799212537951,1.57227219569497E-05,1.08474901567244,56.544377675072,15.0001693241501,15.000024095204,""
47405.4318957329,15.0000000498052,1.25709981256816E-05,0.867993479799933,1.5713747657102E-05,1.08499184974992,56.5443652879388,15.0001702588088,15.0000250863881,""
47420.8763957024,15.000000073007,1.25685395431155E-05,0.868187614518836,1.57106744288944E-05,1.08523451814854,56.5443604627447,15.0001685056166,15.0000233633643,""
47436.3227653503,15.0000000598392,1.25671139488462E-05,0.868381748870457,1.57088924360577E-05,1.08547718608807,56.5443608055314,15.0001667522123,15.0000216401319,""
47451.7672653198,15.0000000919987,1.25714589918385E-05,0.86857591273085,1.57143237397982E-05,1.08571989091356,56.5444152620149,15.0001646977579,15.0000196030767,""
47467.2136349678,15.0000001311735,1.25770684415095E-05,0.868770111706302,1.57213355518868E-05,1.08596263963288,56.544506700453,15.0001626430548,15.0000175657749,""
47482.6581349373,15.0000000485113,1.25822912273086E-05,0.868964423338697,1.57278640341357E-05,1.08620552917337,56.5445157773377,15.0001599131496,15.0000148473047,""
47498.1045043468,14.9999999469792,1.25874300626514E-05,0.86915878832916,1.57342875783143E-05,1.08644848541145,56.5444686143223,15.0001571829141,15.0000121285055,""
47513.5490043163,14.9999998208711,1.25859194993884E-05,0.869353157288925,1.57323993742355E-05,1.08669144661116,56.5444289556652,15.0001574706219,15.0000124390558,""
47528.9953739643,14.9999996909386,1.2582951052858E-05,0.869547555806215,1.57286888160725E-05,1.08693444475777,56.5443944108163,15.0001577583646,15.0000127496436,""
47544.4398739338,14.9999999617613,1.25801665880941E-05,0.869741858431687,1.57252082351176E-05,1.08717732303961,56.544409835311,15.000160976642,15.000015987492,""
47559.8862435818,15.0000002947409,1.25774220642412E-05,0.869936168706437,1.57217775803016E-05,1.08742021088305,56.5444593509742,15.0001641953089,15.0000192257324,""
47575.3307435513,15.0000000077866,1.25713522974521E-05,0.870130334575652,1.57141903718152E-05,1.08766291821957,56.5444633859251,15.0001676989291,15.0000227615913,""
47590.7771131992,14.9999996246299,1.25645519616579E-05,0.870324497420499,1.57056899520724E-05,1.08790562177562,56.5444364112958,15.0001712029734,15.0000262978784,""
47606.2216131687,14.9999997997714,1.25588486348157E-05,0.870518481457887,1.56985607935196E-05,1.08814810182236,56.5444039705952,15.0001753302428,15.0000304534946,""
47621.6679828167,15.0000000616012,1.25533853069804E-05,0.870712454878185,1.56917316337255E-05,1.08839056859773,56.5443677981961,15.0001794580117,15.000034609614,""
47637.1124827862,15.000000038784,1.25453410779867E-05,0.870906226583175,1.56816763474833E-05,1.08863278322897,56.544442765725,15.0001789193781,15.0000341129827,""
47652.5588524342,14.9999999717466,1.25367287606322E-05,0.871099982591058,1.56709109507903E-05,1.08887497823882,56.5445934516733,15.0001783806793,15.0000336162913,""
47668.0033524036,14.9999999614783,1.25301432762418E-05,0.871293528344965,1.56626790953023E-05,1.08911691043121,56.5447253510822,15.0001775823897,15.0000328556429,""
47683.4497220516,14.9999999600334,1.25240022384477E-05,0.871487056472524,1.56550027980596E-05,1.08935882059066,56.5448444872704,15.0001767840034,15.0000320949024,""
47698.8942220211,14.9999999219209,1.25168345612538E-05,0.871680389808981,1.56460432015673E-05,1.08960048726123,56.5448009155467,15.0001758966069,15.000031253136,""
47714.3405914307,14.999999878099,1.25094400984953E-05,0.871873708864213,1.56368001231191E-05,1.08984213608027,56.5446466174672,15.0001750091031,15.0000304112676,""
47729.7850916386,15.0000000775997,1.25022491388605E-05,0.872066820436867,1.56278114235757E-05,1.09008352554608,56.5446436642439,15.0001766139189,15.0000320605788,""
47745.2314610481,15.0000003150076,1.24951018838763E-05,0.872259914880727,1.56188773548453E-05,1.09032489360091,56.5447436440025,15.0001782189289,15.0000337100896,""
47760.6759610176,15.0000002047175,1.24894523242525E-05,0.872452828131899,1.56118154053156E-05,1.09056603516487,56.5447737743396,15.0001770197786,15.0000325528254,""
47776.1223306656,15.0000000402453,1.24841315547848E-05,0.872645729997632,1.56051644434811E-05,1.09080716249704,56.5447564282536,15.000175820483,15.0000313954211,""
47791.5668306351,14.9999999486648,1.24780156388967E-05,0.872838461531299,1.55975195486209E-05,1.09104807691412,56.5447843552182,15.0001733119775,15.0000289363574,""
47807.0132002831,14.9999998684352,1.24717237308634E-05,0.873031184027615,1.55896546635793E-05,1.09128898003452,56.5448430483142,15.0001708031683,15.000026476996,""
47822.4577002525,15.0000001219843,1.24667575117419E-05,0.873223744400849,1.55834468896773E-05,1.09152968050106,56.544978017749,15.0001651767777,15.0000208896357,""
47837.9040699005,15.0000004276418,1.24620826159627E-05,0.873416297503914,1.55776032699534E-05,1.09177037187989,56.5451648139978,15.0001595497059,15.000015301599,""
47853.3485701084,15.0000002349985,1.24561097699446E-05,0.873608688925887,1.55701372124308E-05,1.09201086115736,56.5452345651988,15.0001565189394,15.0000123193383,""
47868.794939518,14.9999999645328,1.24498499542369E-05,0.873801073128427,1.55623124427961E-05,1.09225134141053,56.5452248850389,15.0001534878061,15.0000093367166,""
47884.2394394875,15.0000001320798,1.24428895426751E-05,0.873993264794487,1.55536119283439E-05,1.09249158099311,56.5452619662826,15.0001555035549,15.000011403281,""
47899.6858091354,15.0000003680823,1.24357736046191E-05,0.874185442398103,1.55447170057739E-05,1.09273180299763,56.5453307788969,15.0001575195477,15.0000134700955,""
47915.1303091049,15.0000001640788,1.24295909183266E-05,0.87437743107196,1.55369886479082E-05,1.09297178883995,56.5453590526545,15.0001612819236,15.000017279407,""
47930.5766787529,14.9999998912541,1.24236132244537E-05,0.874569406431337,1.55295165305672E-05,1.09321175803917,56.5453598436376,15.0001650447549,15.0000210891796,""
47946.0211787224,14.9999999047994,1.2419199623611E-05,0.874761231448457,1.55239995295138E-05,1.09345153931057,56.5453616929969,15.0001701846297,15.0000262705775,""
47961.4675481319,14.9999999631513,1.24151306314987E-05,0.87495305162376,1.55189132893734E-05,1.0936913145297,56.5453642600329,15.0001753251266,15.0000314526026,""
47976.9120481014,14.9999999879987,1.24105452356707E-05,0.875144737651579,1.55131815445884E-05,1.09393092206447,56.5453072730339,15.0001787364784,15.0000349079505,""
47992.3584177494,15.0000000076039,1.24058451138621E-05,0.875336422382108,1.55073063923276E-05,1.09417052797764,56.5452099327466,15.0001821482432,15.0000383637166,""
48007.8029177189,15.0000000361888,1.23977714211378E-05,0.875527912888271,1.54972142764222E-05,1.09440989111034,56.5452376235816,15.0001834844467,15.0000397573583,""
48023.2492873669,15.0000000661847,1.2388951110356E-05,0.875719388782198,1.5486188887945E-05,1.09464923597775,56.5453499731491,15.0001848208119,15.0000411511686,""
48038.6937873363,14.9999999169907,1.23824729186894E-05,0.875910654539894,1.54780911483618E-05,1.09488831817487,56.5454511172158,15.0001850069855,15.0000413833405,""
48054.1401569843,14.9999997396801,1.23765115399462E-05,0.876101902115846,1.54706394249327E-05,1.09512737764481,56.5455446988721,15.0001851931817,15.0000416155405,""
48069.5846569538,14.9999998782841,1.23710560364726E-05,0.876292983559164,1.54638200455908E-05,1.09536622944895,56.5454713137455,15.0001830948633,15.0000395667383,""
48085.0310266018,15.0000000664757,1.23657116151712E-05,0.876484056505728,1.5457139518964E-05,1.09560507063216,56.5452849814627,15.0001809962909,15.0000375176881,""
48100.4755265713,15.0000000765067,1.23597043750543E-05,0.87667496090759,1.54496304688179E-05,1.09584370113449,56.5452132014471,15.0001764161468,15.0000329857778,""
48115.9218962193,15.0000000585651,1.23535495732421E-05,0.876865856237155,1.54419369665526E-05,1.09608232029644,56.545218848272,15.0001718354483,15.000028453319,""
48131.3663961887,14.9999999241536,1.23487481719719E-05,0.877056593702655,1.54359352149649E-05,1.09632074212832,56.5452352373696,15.0001700301491,15.0000266923401,""
48146.8127658367,14.9999997714226,1.23442456991995E-05,0.877247324419956,1.54303071239994E-05,1.09655915552494,56.5452588882978,15.0001682246314,15.0000249311481,""
48162.2572658062,14.9999998202235,1.23384825195532E-05,0.87743789871512,1.54231031494415E-05,1.0967973733939,56.5452175815215,15.0001700274363,15.0000267851703,""
48177.7036352158,14.9999999007201,1.23324392337366E-05,0.877628466539691,1.54155490421707E-05,1.09703558317461,56.5451323968132,15.0001718304595,15.000028639417,""
48193.1481351852,14.9999998252939,1.23247140209939E-05,0.877818832506811,1.54058925262423E-05,1.09727354063351,56.5450778167716,15.0001744872459,15.0000313497813,""
48208.5945048332,14.9999997253225,1.23166149253125E-05,0.878009181891097,1.53957686566406E-05,1.09751147736387,56.5450438843038,15.000177144354,15.0000340604738,""
48224.0390050411,15.0000000449862,1.23117862288238E-05,0.87819935397178,1.53897327860297E-05,1.09774919246472,56.5450448217382,15.0001774228318,15.0000343823513,""
48239.4853744507,15.0000004307721,1.23076819455872E-05,0.878389514859739,1.5384602431984E-05,1.09798689357467,56.5450692852648,15.0001777013434,15.0000347042678,""
48254.9298744202,15.0000001966902,1.23025800122631E-05,0.878579533558259,1.53782250153289E-05,1.09822441694782,56.5450997582498,15.0001740218762,15.0000310734197,""
48270.3762440681,14.9999998648993,1.22972560119606E-05,0.878769548819885,1.53715700149507E-05,1.09846193602486,56.5451342898117,15.0001703419636,15.0000274421321,""
48285.8207440376,14.9999999861497,1.22915471991778E-05,0.878959400547657,1.53644339989722E-05,1.09869925068457,56.5451510926862,15.0001674706282,15.0000246207993,""
48301.2671136856,15.0000001788562,1.22857521355118E-05,0.879149244064221,1.53571901693898E-05,1.09893655508028,56.5451559498709,15.0001645989451,15.000021799125,""
48316.7116136551,15.0000001704315,1.22797243580759E-05,0.87933891452172,1.53496554475948E-05,1.09917364315215,56.5451390893212,15.0001610644716,15.0000183104308,""
48332.1579833031,15.0000001302672,1.22736440142914E-05,0.87952857461074,1.53420550178643E-05,1.09941071826343,56.5451075950177,15.0001575295703,15.0000148213143,""
48347.602483511,14.9999999694357,1.22689279954497E-05,0.879718079136236,1.53361599943121E-05,1.09964759892029,56.5451359587601,15.000154609212,15.0000119479455,""
48363.0488529205,14.9999997895268,1.22645143795335E-05,0.879907577132628,1.53306429744169E-05,1.09988447141578,56.5452046318396,15.0001516885002,15.0000090742289,""
48378.49335289,14.9999998273605,1.22599998291127E-05,0.880096939089804,1.53249997863909E-05,1.10012117386225,56.5451882008914,15.0001539323188,15.0000113615875,""
48393.9397222996,14.9999998996082,1.22554621759801E-05,0.880286298824895,1.53193277199751E-05,1.10035787353112,56.545114493249,15.0001561764089,15.0000136492229,""
48409.3842222691,14.9999999627573,1.22492644704995E-05,0.880475495330827,1.53115805881244E-05,1.10059436916353,56.5451345183594,15.0001653248911,15.0000228449934,""
48424.830591917,15.0000000244765,1.22426966850803E-05,0.880664683534235,1.53033708563504E-05,1.10083085441779,56.5452175961092,15.0001744744809,15.0000320418771,""
48440.2750918865,14.9999999887837,1.22372995460755E-05,0.880853700961047,1.52966244325944E-05,1.10106712620131,56.5452971967706,15.0001813759749,15.0000389870935,""
48455.7214615345,14.9999999376706,1.22321620649884E-05,0.88104270836491,1.52902025812356E-05,1.10130338545614,56.5453744758886,15.0001882783045,15.0000459331507,""
48471.165961504,14.9999998849795,1.22297018186592E-05,0.881231604438161,1.5287127273324E-05,1.1015395055477,56.5454225868375,15.0001856387591,15.0000433273453,""
48486.612331152,14.9999998320311,1.22278371579423E-05,0.881420503686942,1.52847964474279E-05,1.10177562960868,56.5454511075381,15.0001829988942,15.0000407212244,""
48502.0568311214,14.9999998038315,1.22264498311243E-05,0.881609340334794,1.52830622889053E-05,1.10201167541849,56.5455768121588,15.000176719113,15.0000344746225,""
48517.5032007694,14.99999977955,1.22251686052214E-05,0.88179819099221,1.52814607565267E-05,1.10224773874026,56.5457678135207,15.0001704385716,15.0000282272644,""
48532.9477007389,15.0000000016957,1.22234391264555E-05,0.88198697950078,1.52792989080694E-05,1.10248372437597,56.5458388187222,15.0001674203757,15.0000252395114,""
48548.3940703869,15.0000002629521,1.22216095129366E-05,0.88217578210817,1.52770118911707E-05,1.10271972763521,56.5458292862638,15.0001644018144,15.0000222513967,""
48563.8385703564,15.0000001482805,1.2216647779263E-05,0.882364467268409,1.52708097240787E-05,1.10295558408551,56.5457824378294,15.0001612631938,15.0000191485266,""
48579.2849400043,14.9999999739341,1.22109870759807E-05,0.882553154180365,1.52637338449759E-05,1.10319144272546,56.5457105427534,15.0001581241933,15.0000160452808,""
48594.7294399738,14.9999999244183,1.22058111535142E-05,0.882741682767164,1.52572639418928E-05,1.10342710345896,56.5455955675772,15.0001565204214,15.0000144785633,""
48610.1758096218,14.9999998947199,1.22007425886485E-05,0.882930203954846,1.52509282358106E-05,1.10366275494356,56.5454516790989,15.0001549164553,15.0000129116562,""
48625.6203095913,14.999999810695,1.21957058090601E-05,0.883118574807707,1.52446322613252E-05,1.10389821850963,56.5453725083798,15.0001582936597,15.0000163262664,""
48641.0666790009,14.9999997180247,1.2190675376511E-05,0.883306940003366,1.52383442206388E-05,1.10413367500421,56.5453367003231,15.0001616712728,15.00001974129,""
48656.5111789703,15.0000000168599,1.21858586958823E-05,0.883495158671055,1.52323233698529E-05,1.10436894833882,56.545303971866,15.0001611992415,15.0000193045285,""
48671.9575486183,15.0000003779995,1.21810890233425E-05,0.883683372497197,1.52263612791782E-05,1.1046042156215,56.5452732999304,15.0001607271531,15.0000188677141,""
48687.4020485878,14.9999998964666,1.21754759668116E-05,0.883871430077948,1.52193449585145E-05,1.10483928759744,56.5453140476917,15.0001633688113,15.000021551703,""
48702.8484182358,14.9999992807581,1.21696736962893E-05,0.884059480609857,1.52120921203616E-05,1.10507435076232,56.5454026262793,15.0001660107892,15.0000242360169,""
48718.2929184437,14.9999995959927,1.21648696191769E-05,0.884247377303583,1.52060870239711E-05,1.10530922162948,56.54539514484,15.0001699453641,15.0000282085231,""
48733.7392878532,15.0000000595321,1.21602879018119E-05,0.884435267441513,1.52003598772649E-05,1.10554408430189,56.5453233725551,15.0001738804151,15.0000321815101,""
48749.1837878227,15.0000002409226,1.21534145818525E-05,0.884622983773622,1.51917682273157E-05,1.10577872971703,56.5452969224395,15.0001775684738,15.0000359143363,""
48764.6301574707,15.0000003773723,1.2146027877167E-05,0.884810689050205,1.51825348464588E-05,1.10601336131276,56.5453007841064,15.0001812569789,15.0000396476143,""
48780.0746574402,15.000000111516,1.21396633836624E-05,0.884998200927746,1.5174579229578E-05,1.10624775115968,56.5453179524883,15.0001836218824,15.0000420544223,""
48795.5210270882,14.9999997814614,1.21335266098455E-05,0.885185697320679,1.51669082623069E-05,1.10648212165085,56.5453440210448,15.0001859870722,15.0000444615217,""
48810.9655272961,14.9999998569233,1.21275887651683E-05,0.885373019193071,1.51594859564604E-05,1.10671627399134,56.5453503256809,15.000187152564,15.000045673398,""
48826.4118967056,14.9999999971143,1.21216945620538E-05,0.885560329752643,1.51521182025673E-05,1.1069504121908,56.5453434243347,15.0001883181968,15.000046885421,""
48841.8563966751,15.0000001794686,1.21163979244122E-05,0.885747478107655,1.51454974055153E-05,1.10718434763457,56.5453599398641,15.000184286497,15.0000428976102,""
48857.3027660847,15.0000003685822,1.2111234304911E-05,0.885934617868099,1.51390428811388E-05,1.10741827233512,56.5453920991859,15.0001802543093,15.0000389093168,""
48872.7472660542,15.0000002555369,1.21049416595412E-05,0.886121587226721,1.51311770744265E-05,1.1076519840334,56.5454191361877,15.0001756570422,15.0000343595752,""
48888.1936357021,15.0000000941844,1.20983951541201E-05,0.886308546115463,1.51229939426501E-05,1.10788568264433,56.5454427591025,15.0001710592187,15.0000298092828,""
48903.6381356716,15.0000000111981,1.20923917093792E-05,0.886495325563479,1.51154896367239E-05,1.10811915695435,56.545477166164,15.0001638024158,15.000022596692,""
48919.0845053196,14.9999999407335,1.20865090925717E-05,0.886682092471997,1.51081363657146E-05,1.10835261559,56.5455187757917,15.0001565447345,15.0000153832281,""
48934.5290052891,14.9999999604907,1.20812399221022E-05,0.886868697816498,1.51015499026277E-05,1.10858587227062,56.5455014092569,15.000148169271,15.0000070530997,""
48949.9753749371,14.9999999946903,1.20761075313112E-05,0.887055294587209,1.5095134414139E-05,1.10881911823401,56.5454447077591,15.0001397927935,14.999998721963,""
48965.4198749065,15.000000129863,1.20704435062466E-05,0.887241731069174,1.50880543828083E-05,1.10905216383647,56.5453937923956,15.0001385265786,14.9999975049486,""
48980.8662445545,15.0000002812263,1.20646593684843E-05,0.887428159223185,1.50808242106054E-05,1.10928519902898,56.5453467236119,15.0001372602104,14.999996287787,""
48996.310744524,15.0000001643809,1.20587078480625E-05,0.88761441630451,1.50733848100781E-05,1.10951802038064,56.5453268036888,15.0001372966623,14.9999963690833,""
49011.757114172,15.0000000045332,1.20527178744496E-05,0.887800662595598,1.5065897343062E-05,1.1097508282445,56.5453249671836,15.0001373331186,14.9999964503895,""
49027.2016141415,14.9999999869923,1.20470034377585E-05,0.887986739498091,1.50587542971981E-05,1.10998342437261,56.5453247689896,15.0001368957158,14.9999960627099,""
49042.6479837894,14.9999999922724,1.20413500316537E-05,0.888172805945536,1.50516875395671E-05,1.11021600743192,56.5453256617001,15.00013645826,14.9999956749833,""
49058.0924837589,14.9999999135364,1.2033724672651E-05,0.888358676814324,1.50421558408137E-05,1.1104483460179,56.5452198276988,15.000141583075,15.0000008495049,""
49073.5388534069,14.9999998213051,1.20256551224316E-05,0.888544531296985,1.50320689030394E-05,1.11068066412123,56.5450429393286,15.0001467085104,15.0000060246529,""
49088.9833533764,14.99999994662,1.20192971662967E-05,0.888730186197733,1.50241214578709E-05,1.11091273274717,56.5449947549139,15.0001528164785,15.0000121852188,""
49104.429722786,15.0000001068922,1.20133230184701E-05,0.888915823758566,1.50166537730876E-05,1.11114477969821,56.5450321777756,15.0001589251859,15.0000183465303,""
49119.8742227554,15.0000001867763,1.20073870813539E-05,0.889101288781347,1.50092338516924E-05,1.11137661097668,56.5450889153054,15.0001619344932,15.0000214031652,""
49135.3205924034,15.0000002537515,1.20014588576741E-05,0.889286742501014,1.50018235720927E-05,1.11160842812627,56.5451585063736,15.0001649441648,15.00002446017,""
49150.7650923729,15.000000250175,1.19964567232196E-05,0.889472038587744,1.49955709040245E-05,1.11184004823468,56.5451868044107,15.0001653406563,15.0000249038263,""
49166.2114620209,15.000000235251,1.19916622268757E-05,0.889657326684278,1.49895777835946E-05,1.11207165835535,56.5451876667352,15.0001657371958,15.0000253475363,""
49181.6559622288,15.0000001249073,1.19856975074188E-05,0.889842453390679,1.49821218842735E-05,1.11230306673835,56.545152419532,15.0001656308213,15.0000252923422,""
49197.1023316383,14.9999999991907,1.19794684623785E-05,0.890027571214734,1.49743355779732E-05,1.11253446401842,56.5450931806368,15.000165524434,15.0000252371415,""
49212.5468316078,14.9999999115524,1.19729820829541E-05,0.890212505612689,1.49662276036926E-05,1.11276563201586,56.545090892891,15.0001695308796,15.0000292917198,""
49227.9932012558,14.9999998300348,1.19664367819614E-05,0.890397426127051,1.49580459774517E-05,1.11299678265881,56.5451264135645,15.0001735378101,15.0000333467889,""
49243.4377012253,14.9999998153135,1.19620948248234E-05,0.890582193285315,1.49526185310293E-05,1.11322774160664,56.5451039883847,15.00017824668,15.0000380998043,""
49258.8840708733,14.9999998113558,1.19582487255513E-05,0.890766953294108,1.49478109069392E-05,1.11345869161764,56.5450431088589,15.00018295612,15.0000428533951,""
49274.3285708427,15.0000000894494,1.19519562559988E-05,0.890951556201714,1.49399453199985E-05,1.11368944525214,56.5450649412256,15.0001809042394,15.0000408568135,""
49289.7749404907,15.0000004130725,1.1945111318487E-05,0.891136151076753,1.49313891481088E-05,1.11392018884594,56.5451416335587,15.0001788521104,15.0000388599902,""
49305.2194406986,15.0000003355366,1.19385586442975E-05,0.89132055559659,1.49231983053718E-05,1.11415069449574,56.5450937801828,15.0001774400024,15.0000374933719,""
49320.6658098698,15.0000001932441,1.19320709211773E-05,0.891504944529658,1.49150886514716E-05,1.11438118066207,56.5449633585899,15.0001760277234,15.0000361265883,""
49336.1103098392,15.0000000030856,1.19276099187048E-05,0.891689178944071,1.4909512398381E-05,1.11461147368009,56.5449352243253,15.0001806448109,15.0000407894035,""
49351.5566794872,14.9999998051695,1.19236056244076E-05,0.891873405823127,1.49045070305095E-05,1.11484175727891,56.5449748541757,15.0001852624574,15.0000454527833,""
49367.0011794567,14.9999999853832,1.19183240770076E-05,0.892057489763166,1.48979050962594E-05,1.11507186220396,56.5449359698924,15.0001856989942,15.0000459349933,""
49382.4475491047,15.0000002267365,1.19127533677317E-05,0.892241568746718,1.48909417096646E-05,1.1153019609334,56.5448450850448,15.000186135584,15.0000464172616,""
49397.8920490742,15.0000002575623,1.19083805201335E-05,0.892425503577566,1.48854756501669E-05,1.11553187947196,56.5448070045139,15.0001812643879,15.0000415878784,""
49413.3384187222,15.0000002543428,1.19042776084785E-05,0.892609433142368,1.48803470105981E-05,1.11576179142796,56.5448038661397,15.0001763926021,15.0000367579105,""
49428.7829186916,14.9999999249416,1.19009486513536E-05,0.892793249020415,1.4876185814192E-05,1.11599156127552,56.5448121825698,15.000172780271,15.0000331877057,""
49444.2292883396,14.9999995427023,1.18977941138214E-05,0.892977066486658,1.48722426422767E-05,1.11622133310832,56.5448280784841,15.0001691675027,15.0000296170688,""
49459.6737883091,14.9999996617977,1.1890781148773E-05,0.893160722630507,1.48634764359662E-05,1.11645090328813,56.5448635284948,15.0001711806765,15.0000316799872,""
49475.1201579571,14.9999998621063,1.18828947138779E-05,0.893344369557889,1.48536183923474E-05,1.11668046194736,56.5449119149182,15.000173194094,15.0000337431553,""
49490.5646579266,15.0000000542477,1.1876958835446E-05,0.893527825711731,1.48461985443076E-05,1.11690978213966,56.544980400162,15.0001778201827,15.0000384127657,""
49506.0110275745,15.0000002450925,1.18714633307555E-05,0.893711265941675,1.48393291634444E-05,1.11713908242709,56.545062181921,15.0001824468314,15.0000430829414,""
49521.455527544,14.9999999122432,1.18662353378403E-05,0.893894549670783,1.48327941723004E-05,1.11736818708848,56.5450474053141,15.0001882346604,15.0000489184885,""
49536.9018969536,14.999999494411,1.18610671148282E-05,0.894077825185959,1.48263338935353E-05,1.11759728148245,56.5449688452669,15.00019402319,15.0000547547419,""
49552.3463971615,14.9999995464254,1.18534811971635E-05,0.894260911005918,1.48168514964543E-05,1.1178261387574,56.5449293076532,15.0002004751193,15.0000612571688,""
49567.792766571,14.9999996747029,1.18453466903618E-05,0.894443981047129,1.48066833629522E-05,1.11805497630891,56.5449155248755,15.0002069278294,15.0000677603827,""
49583.2372665405,14.99999982649,1.18389626288909E-05,0.894626851102357,1.47987032861136E-05,1.11828356387795,56.5448561371698,15.0002034457277,15.0000643257004,""
49598.6836361885,14.9999999821167,1.18329741833472E-05,0.89480970300327,1.4791217729184E-05,1.11851212875409,56.5447666441725,15.0001999632044,15.0000608906023,""
49614.128136158,14.999999970188,1.18290837967545E-05,0.89499241437291,1.47863547459431E-05,1.11874051796614,56.5446490518186,15.0001930493076,15.0000540177282,""
49629.574505806,14.9999999310256,1.18256683792585E-05,0.895175121021755,1.47820854740731E-05,1.11896890127719,56.5445129032667,15.0001861345739,15.0000471440222,""
49645.0190057755,15.0000000159506,1.18203213438036E-05,0.895357689717896,1.47754016797545E-05,1.11919711214737,56.544421169179,15.0001807773742,15.0000418379077,""
49660.4653754234,15.0000001210688,1.18145354802452E-05,0.895540254243753,1.47681693503065E-05,1.11942531780469,56.5443586948562,15.0001754195261,15.0000365311509,""
49675.9098756313,14.9999999252527,1.18097171217309E-05,0.895722665941116,1.47621464021636E-05,1.1196533324264,56.5443280243293,15.0001740394419,15.0000351905927,""
49691.3562450409,14.9999996804316,1.18051175559343E-05,0.895905070050815,1.47563969449178E-05,1.11988133756352,56.5443183022362,15.0001726591906,15.0000338498722,""
49706.8007450104,14.9999999932458,1.18010159813218E-05,0.896087343978474,1.47512699766523E-05,1.12010917997309,56.5443542578895,15.0001740719674,15.0000353055376,""
49722.2471146584,15.000000396923,1.1797026836933E-05,0.89626961542977,1.47462835461663E-05,1.12033701928721,56.5444203012816,15.0001754849152,15.0000367613793,""
49737.6916146278,15.0000002867192,1.17923457251079E-05,0.896451753709073,1.47404321563849E-05,1.12056469213634,56.5444821252411,15.0001761863518,15.0000375036842,""
49753.1379842758,15.000000092749,1.17875067713744E-05,0.896633888801566,1.4734383464218E-05,1.12079236100196,56.5445411843601,15.0001768878734,15.000038246079,""
49768.5824842453,15.0000002093909,1.17839542732429E-05,0.896815899915468,1.47299428415536E-05,1.12101987489434,56.5445837513634,15.0001751027607,15.0000364976706,""
49784.0288536549,15.0000003767071,1.17806935445866E-05,0.896997909897457,1.47258669307332E-05,1.12124738737182,56.5446154772082,15.0001733174319,15.0000347490507,""
49799.4733536243,15.0000002529169,1.1776144516482E-05,0.897179795882558,1.47201806456025E-05,1.1214747448532,56.5445794543239,15.0001715913105,15.0000330642177,""
49814.9197232723,15.0000000815997,1.17713019543249E-05,0.897361680703924,1.47141274429061E-05,1.12170210087991,56.5444988767509,15.0001698649802,15.0000313791807,""
49830.3642232418,15.0000001159016,1.17645577793066E-05,0.897543392265159,1.47056972241332E-05,1.12192924033145,56.5444482874961,15.0001675730138,15.0000291329538,""
49845.8105928898,15.0000001837893,1.17573801149479E-05,0.897725091422107,1.46967251436848E-05,1.12215636427763,56.5444173966215,15.00016528077,15.000026886455,""
49861.2550928593,15.000000081932,1.17516218725512E-05,0.897906609887228,1.4689527340689E-05,1.12238326235904,56.5443927113943,15.0001633408956,15.0000249893578,""
49876.7014625072,14.9999999523189,1.17461857526639E-05,0.898088114211665,1.46827321908299E-05,1.12261014276458,56.5443720975472,15.0001614007863,15.000023092031,""
49892.1459624767,15.0000002433129,1.17419562062651E-05,0.89826947841769,1.46774452578314E-05,1.12283684802211,56.5444431682012,15.0001539644548,15.0000156952184,""
49907.5923321247,15.0000006031352,1.17380007105843E-05,0.898450837679232,1.46725008882304E-05,1.12306354709904,56.5445744478539,15.000146527223,15.0000082975105,""
49923.0368320942,15.0000003296129,1.17318966525992E-05,0.898632042281346,1.4664870815749E-05,1.12329005285168,56.5446498130586,15.0001363975027,14.999998214477,""
49938.4832017422,14.9999999524014,1.17253023250757E-05,0.898813238590319,1.46566279063447E-05,1.1235165482379,56.5446885017463,15.0001262665561,14.9999881302229,""
49953.9277017117,14.9999999356211,1.17184688647786E-05,0.898994243374434,1.46480860809733E-05,1.12374280421804,56.5447049008549,15.0001213272376,14.9999832385811,""
49969.3740713596,14.9999999778659,1.17115798968272E-05,0.899175231420425,1.46394748710339E-05,1.12396903927553,56.5447066840032,15.0001163873211,14.999978346347,""
49984.8185713291,15.0000000505059,1.17043472685716E-05,0.899356018955309,1.46304340857145E-05,1.12419502369414,56.5447298862825,15.0001160362262,14.9999780466312,""
50000.2649407387,15.0000001281374,1.1697035216418E-05,0.899536787649551,1.46212940205225E-05,1.12442098456194,56.5447671344426,15.0001156850888,14.9999777468791,""
50015.7094407082,14.9999999830729,1.16917895388139E-05,0.899717382461059,1.46147369235173E-05,1.12464672807632,56.5447837793179,15.0001218623725,14.9999839658571,""
50031.1558103561,14.9999998014667,1.16870144085307E-05,0.899897964459469,1.46087680106634E-05,1.12487245557434,56.5447869279553,15.0001280404041,14.999990185588,""
50046.600310564,14.999999864667,1.16820808839783E-05,0.900078402056601,1.46026011049729E-05,1.12509800257075,56.5447950060784,15.0001364221999,14.9999986158506,""
50062.0466799736,14.9999999680511,1.16771104798293E-05,0.900258833522701,1.45963880997866E-05,1.12532354190338,56.5448063140558,15.0001448050101,15.0000070471335,""
50077.4911799431,14.9999998150117,1.16719751152052E-05,0.900439115604223,1.45899688940065E-05,1.12554889450528,56.5448505486773,15.0001485639544,15.0000108479709,""
50092.9375495911,14.9999996198402,1.16668013241029E-05,0.900619390385867,1.45835016551287E-05,1.12577423798233,56.5449163443447,15.0001523233537,15.0000146492684,""
50108.3820495605,14.9999997637718,1.16624955872565E-05,0.900799526651832,1.45781194840706E-05,1.12599940831479,56.5449950835484,15.0001516009678,15.0000139703847,""
50123.8284192085,14.9999999634504,1.1658387495405E-05,0.900979658065512,1.45729843692563E-05,1.12622457258189,56.5450823064431,15.0001508784945,15.0000132914187,""
50139.2729194164,15.0000000064253,1.16524434629932E-05,0.901159636025607,1.45655543287415E-05,1.12644954503201,56.545184742298,15.0001479361369,15.0000103960388,""
50154.719288826,15.0000000236365,1.16460789692541E-05,0.90133960567695,1.45575987115676E-05,1.12667450709619,56.5452971462457,15.0001449934233,15.0000075003085,""
50170.1637887955,15.0000000085506,1.16405450278549E-05,0.901519406359875,1.45506812848186E-05,1.12689925794984,56.5453696559581,15.0001431763586,15.0000057281157,""
50185.6101584435,14.9999999881477,1.16352001658103E-05,0.901699195151285,1.45440002072629E-05,1.12712399393911,56.5454161069877,15.0001413590739,15.0000039557084,""
50201.0546584129,14.9999998700406,1.16292278066283E-05,0.901878818119975,1.45365347582854E-05,1.12734852264997,56.545472481667,15.0001401730736,15.0000028168396,""
50216.5010280609,14.9999997358273,1.16231110150366E-05,0.902058429874682,1.45288887687958E-05,1.12757303734335,56.5455353500252,15.0001389869298,15.0000016778329,""
50231.9455280304,14.9999998604705,1.16176103705671E-05,0.902237875645185,1.45220129632088E-05,1.12779734455648,56.5454524217479,15.0001399595901,15.0000026944498,""
50247.39189744,15.000000027788,1.16122499236015E-05,0.902417310119696,1.45153124045019E-05,1.12802163764962,56.5452742868032,15.0001409323682,15.0000037111898,""
50262.8363974094,14.9999997848956,1.16077682911634E-05,0.90259660171607,1.45097103639543E-05,1.12824575214509,56.54527897339,15.0001419140295,15.0000047373621,""
50278.2827670574,14.9999994743244,1.16034872207457E-05,0.902775887270471,1.45043590259321E-05,1.12846985908809,56.5454029639698,15.0001428958096,15.0000057636586,""
50293.7272670269,14.9999996759778,1.15980724601136E-05,0.902955026016837,1.4497590575142E-05,1.12869378252105,56.5453623562107,15.0001430422664,15.0000059531894,""
50309.1736366749,14.9999999621849,1.15923971789156E-05,0.903134157785431,1.44904964736444E-05,1.12891769723179,56.5452143835116,15.0001431887409,15.0000061427431,""
50324.6181366444,15.0000001209873,1.15869858120476E-05,0.903313129324261,1.44837322650596E-05,1.12914141165533,56.5451624324987,15.0001423189096,15.0000053182218,""
50340.0645062923,15.0000002587737,1.15816341287506E-05,0.903492090770361,1.44770426609383E-05,1.12936511346295,56.5451730680867,15.0001414489731,15.0000044936006,""
50355.5090062618,15.0000001344523,1.15760324995286E-05,0.903670892214554,1.44700406244107E-05,1.12958861526819,56.5451610429295,15.0001417970206,15.00000488877,""
50370.9553759098,14.999999966802,1.15703727217725E-05,0.903849683577626,1.44629659022157E-05,1.12981210447203,56.5451342502057,15.0001421451102,15.0000052839871,""
50386.3998758793,14.9999999480547,1.15649527107361E-05,0.904028314794358,1.44561908884201E-05,1.13003539349295,56.545066798643,15.0001460435055,15.0000092254463,""
50401.8462455273,14.9999999539268,1.1559586900282E-05,0.904206935856195,1.44494836253525E-05,1.13025866982024,56.5449728547586,15.0001499423727,15.0000131673825,""
50417.2907454968,14.9999998057007,1.15545477869784E-05,0.904385405533422,1.4443184733723E-05,1.13048175691678,56.5448799544545,15.0001569194943,15.0000201867013,""
50432.7371151447,14.9999996319552,1.15495829105894E-05,0.904563867027471,1.44369786382367E-05,1.13070483378434,56.5447877148651,15.0001638974605,15.0000272068697,""
50448.1816151142,14.9999998029092,1.15447410874759E-05,0.904742184094978,1.44309263593449E-05,1.13092773011872,56.5447524843361,15.0001703355714,15.0000336857326,""
50463.6279845238,15.0000000309639,1.15399268017888E-05,0.904920494537336,1.4424908502236E-05,1.13115061817167,56.5447543359753,15.0001767744616,15.0000401653796,""
50479.0724844933,15.0000000697362,1.1535692972532E-05,0.905098671433203,1.4419616215665E-05,1.1313733392915,56.544656617101,15.0001765235321,15.0000399564229,""
50494.5188541412,15.0000000771503,1.15315918739289E-05,0.905276844171286,1.44144898424111E-05,1.13159605521411,56.5444941325061,15.0001762725722,15.0000397474409,""
50509.9633543491,15.000000115931,1.15302077151265E-05,0.90545493430373,1.44127596439081E-05,1.13181866787966,56.544442272707,15.0001746655904,15.0000381673601,""
50525.4097237587,15.0000001599182,1.15294478729225E-05,0.905633031956972,1.44118098411531E-05,1.13204128994621,56.5444623003877,15.0001730584141,15.0000365870881,""
50540.8542237282,14.99999992274,1.1527138211019E-05,0.90581106503363,1.44089227637737E-05,1.13226383129204,56.5444751051128,15.0001760784225,15.0000396440652,""
50556.3005933762,14.9999996388763,1.15244717881222E-05,0.905989109767531,1.44055897351527E-05,1.13248638720941,56.544483220394,15.0001790987964,15.0000427014123,""
50571.7450933456,15.0000000367707,1.15196728748328E-05,0.906167033051164,1.43995910935411E-05,1.13270879131396,56.5444545888917,15.0001796035642,15.0000432399963,""
50587.1914629936,15.000000547919,1.15143825950273E-05,0.906344954885835,1.43929782437841E-05,1.13293119360729,56.5444020932237,15.000180108393,15.0000437786455,""
50602.6359629631,15.0000001969052,1.15119264323461E-05,0.906522766119525,1.43899080404326E-05,1.13315345764941,56.5443814660171,15.0001749543273,15.0000386522521,""
50618.0823326111,14.9999997025922,1.15101223027439E-05,0.906700578373948,1.43876528784298E-05,1.13337572296743,56.54438151532,15.0001697996376,15.0000335252381,""
50633.526832819,14.9999998875267,1.1505647335011E-05,0.90687828255622,1.43820591687638E-05,1.13359785319527,56.5444408257366,15.0001611383811,15.000024901372,""
50648.9732022285,15.0000001854226,1.15005565922141E-05,0.9070559883097,1.43756957402676E-05,1.13381998538712,56.5445385852221,15.0001524760763,15.0000162764622,""
50664.417702198,14.9999999935543,1.14936956761812E-05,0.907233517406678,1.43671195952265E-05,1.13404189675835,56.544613610847,15.0001434923097,15.0000073341957,""
50679.8640716076,14.9999997201725,1.14864258615613E-05,0.907411032238989,1.43580323269516E-05,1.13426379029874,56.5446739135536,15.0001345074558,14.9999983908468,""
50695.3085715771,14.999999953771,1.14797268439518E-05,0.907588351905669,1.43496585549398E-05,1.13448543988209,56.5446749390837,15.0001283136372,14.9999922358971,""
50710.7549412251,15.000000271811,1.14731584126494E-05,0.907765652995171,1.43414480158117E-05,1.13470706624396,56.5446375561525,15.0001221190687,14.9999860802022,""
50726.1994411945,15.0000001633446,1.1469119144249E-05,0.907942806813137,1.43363989303113E-05,1.13492850851642,56.5444688375759,15.0001177429494,14.9999817373221,""
50741.6458108425,14.9999999838042,1.14656625951333E-05,0.908119953056791,1.43320782439167E-05,1.13514994132099,56.5442150295438,15.0001133663004,14.9999773939162,""
50757.090310812,14.9999999286413,1.14619117944565E-05,0.908296986557164,1.43273897430706E-05,1.13537123319646,56.5441638802121,15.0001166455628,14.9999807135976,""
50772.53668046,14.9999998942068,1.14580925367345E-05,0.908474020418706,1.43226156709181E-05,1.13559252552338,56.5442439002583,15.0001199252222,14.9999840336808,""
50787.9811804295,14.999999993759,1.14513523073349E-05,0.908650891883263,1.43141903841687E-05,1.13581361485408,56.5442102838877,15.0001302120745,14.9999943683492,""
50803.4275500774,15.0000001156788,1.14439367389305E-05,0.90882775221168,1.43049209236631E-05,1.1360346902646,56.5441031420685,15.0001405001722,15.0000047042686,""
50818.8720500469,14.9999999977541,1.14376157990854E-05,0.909004421950181,1.42970197488567E-05,1.13625552743773,56.5441235333514,15.000149990754,15.0000142348104,""
50834.3184196949,14.9999998397713,1.14315467443175E-05,0.909181073995109,1.42894334303968E-05,1.13647634249389,56.54422639624,15.0001594824848,15.000023766506,""
50849.7629196644,14.9999999497204,1.14251199118349E-05,0.909357546845238,1.42813998897936E-05,1.13669693355655,56.544206508106,15.0001621215956,15.0000264482162,""
50865.2092893124,15.0000001044462,1.14186094457331E-05,0.909534004586887,1.42732618071664E-05,1.13691750573361,56.5441072810173,15.0001647610259,15.000029130251,""
50880.6537892818,14.9999999575503,1.14146323073923E-05,0.909710316752001,1.42682903842404E-05,1.13713789594,56.5440487961282,15.0001625898469,15.0000269982564,""
50896.1001589298,14.9999997602099,1.14112402625037E-05,0.909886621539465,1.42640503281297E-05,1.13735827692433,56.5440166182392,15.000160418405,15.0000248660037,""
50911.5446588993,14.9999998528116,1.14057053091794E-05,0.91006278678848,1.42571316364742E-05,1.1375784834856,56.5440338692639,15.0001591205294,15.0000236148872,""
50926.9910283089,14.9999999939307,1.13996738688773E-05,0.910238946018071,1.42495923360966E-05,1.13779868252259,56.5440830376154,15.0001578224967,15.0000223636193,""
50942.4355282784,15.00000000494,1.13959570034032E-05,0.910414968377132,1.4244946254254E-05,1.13801871047141,56.5441277882102,15.0001560409858,15.0000206133166,""
50957.8818979263,14.99999999417,1.13927752098299E-05,0.91059098530183,1.42409690122874E-05,1.13823873162729,56.5441696968313,15.0001542592593,15.0000188628021,""
50973.3263978958,15.0000001427234,1.1388101735208E-05,0.91076687807089,1.423512716901E-05,1.13845859758861,56.5442279812454,15.0001546776537,15.0000193252072,""
50988.7727675438,15.0000003179873,1.138308220179E-05,0.910942768317892,1.42288527522376E-05,1.13867846039736,56.5442968396019,15.0001550960988,15.0000197876683,""
51004.2172677517,15.000000105647,1.13776618268918E-05,0.911118505191414,1.42220772836147E-05,1.13889813148927,56.5442831212299,15.0001549035436,15.0000196356466,""
51019.6636371613,14.9999998283022,1.1372147794529E-05,0.911294232734245,1.42151847431613E-05,1.13911779091781,56.5442161654384,15.0001547109652,15.0000194836066,""
51035.1081371307,15.0000000113802,1.13669503917037E-05,0.911469805615326,1.42086879896296E-05,1.13933725701916,56.5441563174958,15.0001531225242,15.0000179394864,""
51050.5545067787,15.0000002717177,1.13618255919828E-05,0.911645368833468,1.42022819899785E-05,1.13955671104184,56.5441010375263,15.0001515338909,15.0000163951794,""
51065.9990067482,15.0000001346491,1.13562270558964E-05,0.911820774972062,1.41952838198705E-05,1.13977596871508,56.5441132443081,15.0001490028297,15.0000139054352,""
51081.4453763962,14.9999999308529,1.13505178451247E-05,0.911996170848078,1.41881473064058E-05,1.1399952135601,56.5441689159835,15.0001464714621,15.0000114153896,""
51096.8898763657,14.9999999988628,1.13461250717486E-05,0.912171422673814,1.41826563396858E-05,1.14021427834227,56.5442476553146,15.0001421818016,15.0000071610657,""
51112.3362460136,15.0000001125384,1.13420370166665E-05,0.912346667221261,1.41775462708331E-05,1.14043333402658,56.544341258678,15.0001378916218,15.0000029062267,""
51127.7807462215,15.0000000477744,1.13377640988838E-05,0.912521785208678,1.41722051236047E-05,1.14065223151085,56.544478385789,15.0001354609247,15.0000005198292,""
51143.2271153927,14.9999999530078,1.13334476409381E-05,0.912696899934608,1.41668095511726E-05,1.14087112491826,56.5446435416388,15.0001330299335,14.999998133143,""
51158.6716153622,14.9999998991522,1.13275433036517E-05,0.912871860731201,1.41594291295646E-05,1.141089825914,56.5446949014779,15.0001327221928,14.9999978665206,""
51174.1179850101,14.9999998521703,1.13212693930977E-05,0.913046811883704,1.41515867413721E-05,1.14130851485463,56.5446730968421,15.0001324144148,14.9999975998659,""
51189.5624849796,14.9999999474651,1.13158138722669E-05,0.913221597230112,1.41447673403337E-05,1.14152699653764,56.5446044680388,15.0001356519797,15.0000008791784,""
51205.0088546276,15.0000000667208,1.13105476519158E-05,0.913396370133753,1.41381845648948E-05,1.14174546266719,56.544505731362,15.0001388899366,15.0000041588879,""
51220.4533545971,14.9999999390457,1.13065700800295E-05,0.913571009788516,1.41332126000368E-05,1.14196376223565,56.544522793608,15.0001425010254,15.0000078070757,""
51235.8997242451,14.9999997697621,1.13028914147687E-05,0.913745644529454,1.41286142684609E-05,1.14218205566182,56.5446142462172,15.0001461125513,15.0000114557052,""
51251.3442242146,14.9999999196491,1.12967333553632E-05,0.913920127637572,1.4120916694204E-05,1.14240015954697,56.5446543390547,15.0001460862163,15.0000114762333,""
51266.7905938625,15.0000001233513,1.12899978553772E-05,0.914094601521313,1.41124973192216E-05,1.14261825190164,56.5446614641116,15.0001460598781,15.000011496764,""
51282.235093832,15.0000001353643,1.12846814896277E-05,0.914268907410689,1.41058518620346E-05,1.14283613426336,56.5446794542365,15.0001471310412,15.0000126077087,""
51297.68146348,15.000000115049,1.12796944729454E-05,0.914443200228437,1.40996180911818E-05,1.14305400028555,56.5447044203522,15.0001482023339,15.000013718788,""
51313.1259634495,14.9999999695503,1.12749617240109E-05,0.914617350910461,1.40937021550136E-05,1.14327168863808,56.5446993074592,15.0001516516092,15.0000172108771,""
51328.5723330975,14.9999998029036,1.12702874490184E-05,0.914791494499898,1.40878593112729E-05,1.14348936812487,56.5446749008289,15.0001551013021,15.000020703389,""
51344.0168330669,15.0000000322226,1.1265243978791E-05,0.914965494189008,1.40815549734887E-05,1.14370686773626,56.5446513898428,15.0001582751295,15.000023918626,""
51359.4632027149,15.0000003284471,1.12601137854395E-05,0.915139486338628,1.40751422317994E-05,1.14392435792328,56.5446284483616,15.0001614493411,15.0000271342522,""
51374.9077026844,15.0000003611736,1.12550007182233E-05,0.915313329161458,1.40687508977791E-05,1.14414166145182,56.5446837166795,15.0001587915946,15.0000245163947,""
51390.354072094,15.0000003493735,1.12498908777842E-05,0.915487163140831,1.40623635972302E-05,1.14435895392604,56.5447891088628,15.0001561335264,15.0000218982203,""
51405.7985720634,15.0000002934441,1.12458422803722E-05,0.915660864464144,1.40573028504652E-05,1.14457608058018,56.5448190922755,15.0001491476434,15.0000149520371,""
51421.2449417114,15.0000002300439,1.12420404346953E-05,0.915834560796295,1.40525505433691E-05,1.14479320099537,56.544800788077,15.0001421609147,15.0000080050131,""
51436.6894416809,15.0000000451514,1.123810151429E-05,0.916008138753002,1.40476268928625E-05,1.14501017344125,56.5448670864305,15.0001373472696,15.0000032301979,""
51452.1358113289,14.9999998396728,1.12341300410201E-05,0.916181715018469,1.40426625512752E-05,1.14522714377309,56.5449875518723,15.0001325330416,14.9999984548047,""
51467.5803115368,14.9999999041065,1.12274916150307E-05,0.916355129609141,1.40343645187884E-05,1.14544391201143,56.5450592857273,15.0001347015262,15.0000006681379,""
51483.0266809464,15.0000000142572,1.12202299872183E-05,0.91652853236545,1.40252874840229E-05,1.14566066545681,56.5450998566924,15.0001368702733,15.000002881739,""
51498.4711809158,14.9999998734661,1.12156098725735E-05,0.916701773070445,1.40195123407168E-05,1.14587721633806,56.5450925990777,15.0001386473484,15.0000046939441,""
51513.9175505638,14.999999690131,1.12116056379832E-05,0.916875001816918,1.40145070474789E-05,1.14609375227115,56.5450547561786,15.0001404246386,15.0000065063686,""
51529.3620505333,15.000000003905,1.12082933436981E-05,0.917048120006977,1.40103666796226E-05,1.14631015000872,56.5450063656343,15.0001354238144,15.0000015447457,""
51544.8084201813,15.000000402019,1.12051421413726E-05,0.917221238230572,1.40064276767157E-05,1.14652654778821,56.5449512242589,15.0001304223847,14.9999965825221,""
51560.2529201508,15.0000002961799,1.12003754149673E-05,0.917394231639201,1.40004692687091E-05,1.146742789549,56.5449290710618,15.0001267617897,14.999992960858,""
51575.6992897987,15.000000104812,1.11952305286629E-05,0.917567221721411,1.39940381608286E-05,1.14695902715176,56.5449279862037,15.0001231007516,14.9999893387554,""
51591.1437900066,15.0000000425879,1.11910429172869E-05,0.917740076835639,1.39888036466086E-05,1.14717509604455,56.5449560772226,15.0001234283686,14.9999897003525,""
51606.5901591778,15.0000000022838,1.11870784432259E-05,0.917912926209331,1.39838480540324E-05,1.14739115776166,56.5450028017773,15.0001237560252,14.9999900619933,""
51622.0346591473,15.0000000874823,1.11820643811634E-05,0.918085639200807,1.39775804764542E-05,1.14760704900101,56.5450246617628,15.000123037821,14.9999893848235,""
51637.4810287952,15.0000001940177,1.11768041125302E-05,0.918258346094457,1.39710051406628E-05,1.14782293261807,56.5450306588411,15.0001223195298,14.9999887075718,""
51652.9255287647,15.0000002685022,1.11717394132911E-05,0.91843090342128,1.39646742666139E-05,1.1480386292766,56.545008651367,15.0001223666174,14.9999887921501,""
51668.3718984127,15.0000003375476,1.11667197153198E-05,0.918603451530565,1.39583996441498E-05,1.14825431441321,56.5449687776143,15.0001224137108,14.9999888767387,""
51683.8163983822,15.000000353265,1.11624392162431E-05,0.918775864522803,1.39530490203039E-05,1.1484698306535,56.5449812557495,15.0001252022352,14.9999917046302,""
51699.2627680302,15.0000003599111,1.11583311122128E-05,0.918948271644059,1.39479138902661E-05,1.14868533955507,56.545027110539,15.0001279910972,14.9999945328641,""
51714.7072679996,15.0000001952335,1.11531117408961E-05,0.919120537910585,1.39413896761201E-05,1.14890067238823,56.5449845305138,15.000131105059,14.9999976850636,""
51730.1536376476,15.0000000013634,1.11476313361417E-05,0.919292796927735,1.39345391701771E-05,1.14911599615967,56.5448855938024,15.0001342193977,15.0000008376447,""
51745.5981376171,15.0000000027018,1.11438865685181E-05,0.919464924746561,1.39298582106476E-05,1.1493311559332,56.5448090132754,15.0001338755168,15.0000005286264,""
51761.0445072651,15.0000000372985,1.11405479129732E-05,0.919637047544505,1.39256848912165E-05,1.14954630943063,56.5447466550709,15.0001335315942,15.0000002195706,""
51776.4890072346,14.9999999327967,1.11361391691702E-05,0.91980904943174,1.39201739614627E-05,1.14976131178968,56.5447263141436,15.0001341503768,15.000000877223,""
51791.9353768826,14.9999998045656,1.11314789182282E-05,0.919981048678575,1.39143486477853E-05,1.14997631084822,56.544732714191,15.0001347692343,15.0000015349551,""
51807.379876852,14.9999998551804,1.11252876162164E-05,0.920152886848038,1.39066095202704E-05,1.15019110856005,56.5446649159342,15.0001357097419,15.0000025171195,""
51822.8262462616,14.9999999363139,1.11187363118057E-05,0.920324712918535,1.38984203897571E-05,1.15040589114817,56.544549899302,15.0001366503634,15.0000034994029,""
51838.2707464695,15.0000000074713,1.11134953763683E-05,0.920496374523124,1.38918692204604E-05,1.15062046815391,56.5444896405383,15.0001342082852,15.0000010955826,""
51853.7171158791,15.0000000769357,1.11085611247034E-05,0.920668023187721,1.38857014058792E-05,1.15083502898465,56.5444641890514,15.0001317659115,14.9999986914714,""
51869.1616158485,15.0000000591806,1.11052805281429E-05,0.920839553177234,1.38816006601787E-05,1.15104944147154,56.5445298773598,15.0001272952511,14.9999942536745,""
51884.6079854965,15.0000000265232,1.11023876417984E-05,0.921011080946505,1.3877984552248E-05,1.15126385118313,56.5446535027522,15.0001228240496,14.9999898153404,""
51900.052485466,14.9999998914898,1.10966761857493E-05,0.921182472051314,1.38708452321866E-05,1.15147809006414,56.5446673262827,15.0001213915399,14.9999884298194,""
51915.498855114,14.9999997389365,1.10903018935429E-05,0.921353856679745,1.38628773669286E-05,1.15169232084968,56.5446114033089,15.0001199588569,14.9999870441308,""
51930.9433550835,14.9999998586157,1.10858193634754E-05,0.921525090342654,1.38572742043442E-05,1.15190636292832,56.5445796645195,15.0001205233515,14.9999876425423,""
51946.3897247314,15.0000000248799,1.10817806824268E-05,0.921696314132301,1.38522258530335E-05,1.15212039266538,56.5445632740977,15.0001210879146,14.9999882410263,""
51961.8342249393,14.9999999573145,1.10787915903961E-05,0.921867432400307,1.38484894879951E-05,1.15233429050038,56.5445464343456,15.0001221546163,14.9999893368439,""
51977.2805943489,14.9999998497139,1.10760487971999E-05,0.922038551440661,1.38450609964999E-05,1.15254818930083,56.5445293061254,15.0001232214471,14.9999904327942,""
51992.7250943184,14.9999998208382,1.10763280269395E-05,0.922209627855694,1.38454100336743E-05,1.15276203481962,56.5445690291739,15.0001252734949,14.9999925052334,""
52008.1714639664,14.9999998054431,1.10773180768355E-05,0.922380719825816,1.38466475960444E-05,1.15297589978227,56.544644818437,15.0001273257912,14.9999945779235,""
52023.6159639359,14.9999999625439,1.10781013336722E-05,0.922551812649777,1.38476266670902E-05,1.15318976581222,56.544665531238,15.000128813624,14.9999960867247,""
52039.0623335838,15.0000001492334,1.10788360469105E-05,0.922722931260591,1.38485450586382E-05,1.15340366407574,56.5446513332687,15.0001303016369,14.9999975957087,""
52054.5068335533,14.9999999602412,1.1077220168409E-05,0.922894011222217,1.38465252105112E-05,1.15361751402777,56.5446355225875,15.000132544295,14.9999998580864,""
52069.9532029629,14.9999997067859,1.10750506650867E-05,0.923065107668622,1.38438133313584E-05,1.15383138458578,56.5446186869474,15.0001347872244,15.000002120738,""
52085.3977029324,14.9999999902744,1.10720839753148E-05,0.923236116852805,1.38401049691435E-05,1.15404514606601,56.5445223887716,15.0001367489016,15.000004104922,""
52100.8440725803,15.0000003659607,1.10689290767767E-05,0.923407131061138,1.38361613459708E-05,1.15425891382642,56.5443757488529,15.0001387108162,15.0000060893463,""
52116.2885725498,15.0000001903958,1.10645905161307E-05,0.923578027415556,1.38307381451634E-05,1.15447253426944,56.5443917609046,15.0001374386988,15.0000048430526,""
52131.7349421978,14.9999999201295,1.10599723807899E-05,0.923748921561608,1.38249654759874E-05,1.15468615195201,56.5445107292135,15.0001361664273,15.000003596608,""
52147.1794421673,14.9999998337044,1.10567659521634E-05,0.923919701386561,1.38209574402042E-05,1.1548996267332,56.5446079523862,15.0001380399415,15.0000054930297,""
52162.6258118153,14.9999997788626,1.10538918652273E-05,0.924090479807748,1.38173648315341E-05,1.15511309975969,56.5446914378709,15.0001399136825,15.000007389681,""
52178.0703117847,14.9999998594938,1.10478905091455E-05,0.924261117415755,1.38098631364319E-05,1.15532639676969,56.5448124266912,15.0001414172812,15.0000089260287,""
52193.5166814327,14.9999999634348,1.10411506264456E-05,0.924431747339567,1.3801438283057E-05,1.15553968417446,56.5449571535354,15.000142921062,15.0000104625624,""
52208.9611814022,14.9999997949018,1.10360773465916E-05,0.924602213903986,1.37950966832395E-05,1.15575276737998,56.5450338745243,15.0001469755377,15.0000145466793,""
52224.4075510502,14.999999579454,1.10313965954942E-05,0.924772667424688,1.37892457443677E-05,1.15596583428086,56.5450676311251,15.0001510305043,15.0000186312906,""
52239.8520510197,14.9999997690998,1.10260240350113E-05,0.924942972653239,1.37825300437641E-05,1.15617871581655,56.5451216169531,15.0001546109598,15.0000222464151,""
52255.2984206676,15.0000000285325,1.1020487338844E-05,0.92511326835525,1.3775609173555E-05,1.15639158544406,56.5451883917491,15.0001581918488,15.0000258619773,""
52270.7429206371,14.999999994791,1.10163078846787E-05,0.9252834260559,1.37703848558484E-05,1.15660428256987,56.545270377209,15.0001558601648,15.0000235586521,""
52286.1892900467,14.9999999105243,1.10124483929908E-05,0.925453576621766,1.37655604912385E-05,1.15681697077721,56.5453619821588,15.0001535281986,15.0000212550481,""
52301.6337900162,14.9999999812336,1.10090002729479E-05,0.925623616515631,1.37612503411848E-05,1.15702952064454,56.5453676100359,15.0001518250295,15.0000195835355,""
52317.0801596642,15.0000000786766,1.10056488510786E-05,0.925793655704353,1.37570610638482E-05,1.15724206963044,56.5453189848206,15.0001501216542,15.0000179118206,""
52332.5246598721,14.999999827223,1.10013751848718E-05,0.925963576337707,1.37517189810898E-05,1.15745447042213,56.5452999709535,15.0001510051072,15.0000188282413,""
52347.9710292816,14.9999995155308,1.09968828336956E-05,0.926133494368887,1.37461035421195E-05,1.15766686796111,56.54529962948,15.0001518886672,15.000019744773,""
52363.4155292511,14.9999998528936,1.09921373544751E-05,0.926303275700055,1.37401716930939E-05,1.15787909462507,56.5452964832363,15.0001489154366,15.00001680188,""
52378.8618988991,15.0000003023747,1.09873312897335E-05,0.926473050110523,1.37341641121669E-05,1.15809131263815,56.5452915682803,15.0001459418461,15.0000138586308,""
52394.3063988686,15.000000102059,1.09839668885112E-05,0.926642706187345,1.3729958610639E-05,1.15830338273418,56.5452790123937,15.0001416876137,15.0000096340632,""
52409.7527685165,14.9999997894416,1.09809431575912E-05,0.926812359658789,1.3726178946989E-05,1.15851544957349,56.5452616397425,15.0001374328663,15.0000054089843,""
52425.197268486,14.9999999534366,1.09768379426927E-05,0.926981900366756,1.37210474283659E-05,1.15872737545844,56.5453296799281,15.0001353671846,15.0000033771726,""
52440.643638134,15.0000001998597,1.09724760556917E-05,0.927151439759946,1.37155950696146E-05,1.15893929969993,56.5454515217529,15.0001333012527,15.000001345115,""
52456.0881383419,15.0000002495435,1.09686312845655E-05,0.927320857684904,1.37107891057069E-05,1.15915107210613,56.5455076329345,15.000130382025,14.9999984567508,""
52471.5345077515,15.000000265196,1.09649084306702E-05,0.927490272198571,1.37061355383377E-05,1.15936284024821,56.5455223828382,15.0001274624439,14.9999955680371,""
52486.9790077209,15.0000000707974,1.09598442923238E-05,0.927659552522316,1.36998053654048E-05,1.1595744406529,56.5455218799888,15.0001302488366,14.9999983867872,""
52502.4253773689,14.9999998400057,1.0954461526184E-05,0.92782882639319,1.369307690773E-05,1.15978603299149,56.5455117815155,15.0001330355666,15.0000012058785,""
52517.8698773384,14.999999833512,1.09499370699759E-05,0.927997958623672,1.36874213374699E-05,1.15999744827959,56.5455290729385,15.0001359789433,15.0000041855992,""
52533.316246748,14.9999998658752,1.09456154422645E-05,0.928167082597867,1.36820193028307E-05,1.16020885324733,56.5455635899872,15.0001389226761,15.0000071656805,""
52548.7607467175,14.9999999259259,1.09408548171346E-05,0.928336071420754,1.36760685214182E-05,1.16042008927594,56.5456235308635,15.00013838416,15.000006660692,""
52564.2071163654,14.9999999907848,1.09359893431529E-05,0.928505053493586,1.36699866789412E-05,1.16063131686698,56.5456994613861,15.0001378455787,15.0000061556423,""
52579.6516163349,14.9999999885226,1.09308366491753E-05,0.928673889206347,1.36635458114691E-05,1.16084236150793,56.5456218637238,15.0001368752014,15.0000052224884,""
52595.0979859829,14.9999999746163,1.09256150189136E-05,0.928842715473766,1.3657018773642E-05,1.16105339434221,56.5454478138883,15.0001359047067,15.0000042892216,""
52610.5424859524,14.9999999402266,1.09198844181264E-05,0.929011383094961,1.3649855522658E-05,1.1612642288687,56.5453338723236,15.000134295787,15.0000027186283,""
52625.9888556004,14.9999999022764,1.09140321104453E-05,0.929180038314334,1.36425401380567E-05,1.16147504789292,56.5452576453061,15.0001326866726,15.0000011478449,""
52641.4333555698,14.9999999495419,1.09105015736231E-05,0.929348562901227,1.36381269670289E-05,1.16168570362653,56.545162607124,15.0001339160631,15.0000024078065,""
52656.8797252178,15.0000000116163,1.09075220424305E-05,0.929517081704018,1.36344025530381E-05,1.16189635213002,56.5450557462793,15.0001351456024,15.0000036679207,""
52672.3242251873,15.0000000152698,1.09040498287949E-05,0.929685498133163,1.36300622859936E-05,1.16210687266645,56.5448905504591,15.0001369023058,15.0000054588028,""
52687.7705948353,15.0000000087693,1.09004600034267E-05,0.929853915465672,1.36255750042834E-05,1.16231739433209,56.5446887358108,15.0001386592219,15.0000072499018,""
52703.2150948048,15.0000000713647,1.08960864415368E-05,0.930022210717085,1.3620108051921E-05,1.16252776339636,56.5445782742865,15.0001351023251,15.0000037290512,""
52718.6614644527,15.0000001459871,1.08915258726768E-05,0.930190502158605,1.36144073408459E-05,1.16273812769826,56.544525056205,15.0001315449978,15.0000002077744,""
52734.1059644222,14.999999877207,1.08882013997644E-05,0.930358678516481,1.36102517497055E-05,1.1629483481456,56.5445795800233,15.0001307457792,14.9999994381818,""
52749.5523338318,14.9999995486202,1.08851704779455E-05,0.930526852697239,1.36064630974319E-05,1.16315856587155,56.5447016186519,15.0001299464638,14.999998668496,""
52764.9968338013,14.9999998039198,1.08790118954128E-05,0.930694882586696,1.35987648692659E-05,1.16336860323337,56.5446426203095,15.000130922057,14.999999686698,""
52780.4432034492,15.0000001609474,1.08721080139929E-05,0.930862903317078,1.35901350174911E-05,1.16357862914635,56.5444702423068,15.0001318977683,15.0000007050233,""
52795.8877036572,15.0000000504581,1.08665675169374E-05,0.93103075252075,1.35832093961718E-05,1.16378844065094,56.5445001476187,15.0001322447683,15.0000010858204,""
52811.3340730667,14.9999998584749,1.0861350824862E-05,0.931198586034163,1.35766885310775E-05,1.1639982325427,56.5446566668921,15.0001325918102,15.0000014666636,""
52826.7785730362,14.9999999783926,1.08567858380683E-05,0.931366279157735,1.35709822975854E-05,1.16420784894717,56.5446241200395,15.0001332485943,15.0000021617014,""
52842.2249426842,15.0000001527211,1.08523754175766E-05,0.931533963973356,1.35654692719708E-05,1.1644174549667,56.544473291762,15.0001339054578,15.0000028568234,""
52857.6694426537,15.0000000412635,1.08484936698685E-05,0.931701526638638,1.35606170873356E-05,1.1646269082983,56.5444758502238,15.0001348032452,15.0000037863731,""
52873.1158123016,14.9999998799178,1.08447373410814E-05,0.93186908531065,1.35559216763518E-05,1.16483635663831,56.5445743150216,15.0001357011414,15.0000047160353,""
52888.5603122711,14.9999999583852,1.08423453075217E-05,0.932036551079599,1.35529316344021E-05,1.1650456888495,56.5445768008469,15.0001385190266,15.0000075658469,""
52904.0066819191,15.0000000787411,1.08402782267567E-05,0.932204019803227,1.35503477834459E-05,1.16525502475403,56.5445193065095,15.0001413372529,15.0000104160034,""
52919.451182127,15.0000000988848,1.08395012333411E-05,0.932371436630642,1.35493765416764E-05,1.1654642957883,56.5445333646709,15.0001415077259,15.0000106068731,""
52934.8975515366,15.0000001015204,1.08390318850772E-05,0.932538866174003,1.35487898563465E-05,1.1656735827175,56.544592118416,15.0001416782195,15.0000107977658,""
52950.342051506,15.0000001336443,1.0837826129994E-05,0.932706252374362,1.35472826624925E-05,1.16588281546795,56.5447084294347,15.0001403337443,15.0000094774952,""
52965.7884209156,15.000000170929,1.08364444351312E-05,0.932873653326511,1.35455555439141E-05,1.16609206665814,56.5448606961167,15.0001389891063,15.0000081570648,""
52981.2329208851,15.0000001474375,1.0834296821342E-05,0.933040987733858,1.35428710266774E-05,1.16630123466732,56.544918806992,15.0001379990014,15.000007186609,""
52996.6792905331,15.0000001133086,1.08319659967749E-05,0.933208331345015,1.35399574959687E-05,1.16651041418127,56.5449181782271,15.0001370087766,15.0000062160357,""
53012.1237905025,15.0000001002146,1.08288158465222E-05,0.933375583928369,1.35360198081527E-05,1.16671947991046,56.5449254716203,15.000135680679,15.0000049149459,""
53027.5701601505,15.0000000908016,1.08254694904233E-05,0.933542839849793,1.35318368630291E-05,1.16692854981224,56.5449377071632,15.0001343524207,15.0000036136986,""
53043.01466012,14.999999772561,1.08218078803702E-05,0.933709987226262,1.35272598504627E-05,1.16713748403283,56.544891252201,15.0001370065251,15.0000062911047,""
53058.461029768,14.9999994001682,1.08180703728718E-05,0.93387713373033,1.35225879660898E-05,1.16734641716291,56.5448082040395,15.0001396609508,15.0000089688349,""
53073.9055297375,14.9999997891769,1.0813542915217E-05,0.934044154626908,1.35169286440212E-05,1.16755519328364,56.5448282538182,15.0001494041146,15.0000187407607,""
53089.3518993855,15.0000003117275,1.08088258852084E-05,0.93421117054219,1.35110323565105E-05,1.16776396317774,56.5449125396009,15.000159148458,15.0000285138696,""
53104.7963993549,15.0000001767404,1.08044220234603E-05,0.934378053496272,1.35055275293254E-05,1.16797256687034,56.5448818493229,15.000166712628,15.0000361055013,""
53120.2427690029,14.9999999263807,1.08000924211698E-05,0.934544929677271,1.35001155264622E-05,1.16818116209659,56.544779557304,15.0001742777137,15.0000436980521,""
53135.6872689724,15.0000000084138,1.07956409768518E-05,0.934711675862084,1.34945512210647E-05,1.1683895948276,56.5448001343917,15.000175459752,15.000044909863,""
53151.1336386204,15.0000001488095,1.07911597023645E-05,0.93487841595028,1.34889496279557E-05,1.16859801993785,56.5448971870823,15.0001766419333,15.0000461218206,""
53166.5781385899,15.0000002633428,1.07870837196765E-05,0.935045030430587,1.34838546495956E-05,1.16880628803823,56.5448986902368,15.0001706199797,15.0000401297339,""
53182.0245082378,15.0000003733493,1.07831041756259E-05,0.935211639832979,1.34788802195324E-05,1.16901454979122,56.5448407557791,15.0001645972972,15.0000341369218,""
53197.4690082073,15.0000003130918,1.07771461586278E-05,0.935378099337123,1.34714326982847E-05,1.1692226241714,56.5448241031901,15.0001521755518,15.0000217516483,""
53212.9153776169,15.000000222897,1.07707132647137E-05,0.935544547906429,1.34633915808922E-05,1.16943068488304,56.5448331141415,15.0001397523029,15.0000093648757,""
53228.3598775864,15.0000002917788,1.07668510925563E-05,0.935710855742477,1.34585638656954E-05,1.1696385696781,56.5448251455734,15.0001309783414,15.0000006195076,""
53243.8062472343,15.0000003886512,1.07636044980527E-05,0.935877154804972,1.34545056225659E-05,1.16984644350622,56.5448066239083,15.0001222033177,14.9999918730808,""
53259.2507472038,15.0000002435975,1.0760277173077E-05,0.936043351599387,1.34503464663463E-05,1.17005418949923,56.5447966211193,15.0001228243137,14.999992524044,""
53274.6971168518,15.0000000559417,1.07569299899439E-05,0.936209548814393,1.34461624874298E-05,1.17026193601799,56.5447919075168,15.0001234453849,14.9999931750861,""
53290.1416170597,15.000000064768,1.07534612959382E-05,0.93637564064763,1.34418266199228E-05,1.17046955080954,56.5448081653721,15.0001281856191,14.9999979449924,""
53305.5879864693,15.0000001082011,1.07499629300215E-05,0.936541732123721,1.34374536625269E-05,1.17067716515465,56.5448374453049,15.000132926427,15.000002715476,""
53321.0324864388,15.0000003126937,1.07449703040357E-05,0.936707693268756,1.34312128800446E-05,1.17088461658594,56.5448099510428,15.0001304605618,15.0000002829639,""
53336.4788560867,15.0000005456009,1.07396182761059E-05,0.936873648044226,1.34245228451323E-05,1.17109206005528,56.5447472245393,15.0001279943981,14.9999978501572,""
53351.9233560562,15.0000003520376,1.07354119889361E-05,0.937039467114947,1.34192649861701E-05,1.17129933389368,56.5447611901228,15.0001246976501,14.9999945852271,""
53367.3697257042,15.0000000832356,1.07314802000785E-05,0.937205278492583,1.34143502500981E-05,1.17150659811573,56.5448227194298,15.0001214005029,14.9999913199017,""
53382.8142256737,15.0000000330783,1.07278390530437E-05,0.937370976360725,1.34097988163047E-05,1.17171372045091,56.544874811766,15.000122978642,14.9999929269924,""
53398.2605953217,15.0000000214986,1.07242671846368E-05,0.937536671836871,1.3405333980796E-05,1.17192083979609,56.5449210649302,15.000124556972,14.9999945342777,""
53413.7050955296,15.0000000547945,1.07189448428229E-05,0.937702231265595,1.33986810535286E-05,1.17212778908199,56.5449255990973,15.000129724336,14.9999997395443,""
53429.1514647007,15.0000000960195,1.07132009621309E-05,0.937867782845567,1.33915012026636E-05,1.17233472855696,56.5449042884099,15.0001348923253,15.0000049454408,""
53444.5959646702,15.0000002151676,1.07077574592938E-05,0.938033175995488,1.33846968241172E-05,1.17254146999436,56.5448722416883,15.0001374576757,15.0000075446581,""
53460.0423343182,15.000000348102,1.07023853710566E-05,0.938198555883313,1.33779817138208E-05,1.17274819485414,56.5448335409074,15.0001400233367,15.00001014419,""
53475.4868342876,15.0000000320803,1.0699114919679E-05,0.938363814449642,1.33738936495987E-05,1.17295476806205,56.5448082954742,15.0001412505467,15.0000114032795,""
53490.9332039356,14.9999996366292,1.06963495954265E-05,0.938529068646992,1.33704369942831E-05,1.17316133580874,56.544791372407,15.0001424779053,15.0000126625214,""
53506.3777039051,14.9999996854914,1.0690948683839E-05,0.938694193281701,1.33636858547988E-05,1.17336774160213,56.544844266115,15.0001452897404,15.0000155133096,""
53521.8240735531,14.9999998129755,1.06849125863527E-05,0.938859311532292,1.33561407329409E-05,1.17357413941536,56.5449403566,15.0001481019159,15.0000183644429,""
53537.2685735226,14.9999998954459,1.06790369611418E-05,0.939024262003259,1.33487962014273E-05,1.17378032750407,56.5449467550594,15.0001496866379,15.0000199844058,""
53552.7149431705,14.9999999699583,1.06731990964325E-05,0.93918919684863,1.33414988705406E-05,1.17398649606079,56.5448977026045,15.0001512715518,15.0000216045648,""
53568.15944314,14.9999998884086,1.06695161010693E-05,0.939353999690341,1.33368951263366E-05,1.17419249961293,56.5448522454575,15.0001524852211,15.0000228536291,""
53583.605812788,14.9999997791983,1.06663517059751E-05,0.939518795486807,1.33329396324689E-05,1.17439849435851,56.5448090010695,15.0001536990374,15.0000241028446,""
53599.0503127575,14.9999997799647,1.06631062943137E-05,0.939683491319497,1.33288828678921E-05,1.17460436414937,56.5447726657335,15.0001552997027,15.0000257355116,""
53614.4966824055,14.9999998002283,1.06598408673378E-05,0.939848187800932,1.33248010841723E-05,1.17481023475116,56.5447405904302,15.0001569005618,15.0000273683763,""
53629.941182375,14.9999998804228,1.06567700802637E-05,0.940012786080998,1.33209626003296E-05,1.17501598260125,56.5447619706792,15.000153135497,15.0000236323368,""
53645.3875520229,14.9999999712603,1.06537457685453E-05,0.940177385411129,1.33171822106816E-05,1.17522173176391,56.5448163532436,15.0001493699763,15.000019895845,""
53660.8320519924,14.999999797661,1.06497673321112E-05,0.940341874815725,1.3312209165139E-05,1.17542734351966,56.5449234730118,15.000140855588,15.0000114171415,""
53676.278421402,14.9999995770955,1.06455581064504E-05,0.940506362414097,1.3306947633063E-05,1.17563295301762,56.5450631517454,15.0001323401691,15.0000029374118,""
53691.7229213715,14.9999996269066,1.06403236776503E-05,0.940670709526297,1.33004045970628E-05,1.17583838690787,56.5451554066762,15.0001258109293,14.9999964445748,""
53707.1692910194,14.9999997247521,1.06348410067774E-05,0.940835047426173,1.32935512584717E-05,1.17604380928272,56.5452184349499,15.0001192808992,14.9999899509518,""
53722.6137909889,14.9999998990522,1.06312794582694E-05,0.940999258688101,1.32890993228368E-05,1.17624907336013,56.5451716317043,15.0001179464748,14.9999886405434,""
53738.0601606369,15.0000000869667,1.06281812965839E-05,0.941163464048437,1.32852266207298E-05,1.17645433006055,56.5450571245319,15.0001166118889,14.9999873299763,""
53753.5046606064,15.00000008824,1.06249166851866E-05,0.941327569880503,1.32811458564833E-05,1.17665946235063,56.5450384466657,15.0001188264567,14.9999895839236,""
53768.9510302544,15.0000000563168,1.06216113692273E-05,0.941491676332724,1.32770142115341E-05,1.17686459541591,56.5450787993332,15.0001210412927,14.9999918381437,""
53784.3955304623,15.0000000326115,1.06156280634706E-05,0.941655639331467,1.32695350793382E-05,1.17706954916433,56.5451459339796,15.0001230712766,14.999993902004,""
53799.8418998718,15.0000000103655,1.06089965600923E-05,0.941819592297044,1.32612457001154E-05,1.17727449037131,56.5452295719206,15.0001251015062,14.9999959661142,""
53815.2863998413,14.9999999170056,1.06036181654535E-05,0.941983379815425,1.32545227068169E-05,1.17747922476928,56.545302011638,15.0001246828944,14.999995584725,""
53830.7327694893,14.9999998109673,1.05985419933409E-05,0.942147151946776,1.32481774916762E-05,1.17768393993347,56.5453675741027,15.0001242642319,14.9999952032897,""
53846.1772694588,14.9999998158719,1.05945443829893E-05,0.942310794654858,1.32431804787366E-05,1.17788849331857,56.5453833628333,15.0001269218118,14.999997892697,""
53861.6236391068,14.9999998405483,1.05908071148548E-05,0.942474430653811,1.32385088935685E-05,1.17809303831726,56.5453685394766,15.0001295797134,15.00000058243,""
53877.0681390762,15.000000013951,1.05874196395978E-05,0.942637959300311,1.32342745494972E-05,1.17829744912539,56.5453873891597,15.0001329387158,15.000003975889,""
53892.5145084858,15.0000002139004,1.05841163221445E-05,0.942801486547854,1.32301454026806E-05,1.17850185818482,56.545426943743,15.0001362981248,15.0000073697588,""
53907.9590084553,15.0000000210473,1.05795065723949E-05,0.942964891676686,1.32243832154937E-05,1.17870611459586,56.5454506859444,15.0001421787069,15.0000132815196,""
53923.4053781033,14.9999997580739,1.05745797610082E-05,0.943128291804182,1.32182247012603E-05,1.17891036475523,56.5454647167775,15.000148060001,15.0000191939961,""
53938.8498780727,14.9999997356962,1.05765867797062E-05,0.943291656742368,1.32207334746327E-05,1.17911457092796,56.5454099402523,15.0001507921669,15.0000219303021,""
53954.2962477207,14.9999997562757,1.05802739945749E-05,0.943455037723056,1.32253424932187E-05,1.17931879715382,56.5453128956558,15.0001535246635,15.0000246669395,""
53969.7407476902,14.9999998594681,1.0593571525676E-05,0.943618639046983,1.3241964407095E-05,1.17952329880873,56.545288302448,15.0001498692722,15.0000209851461,""
53985.1871173382,14.9999999774359,1.06092004825611E-05,0.94378231838526,1.32615006032014E-05,1.17972789798157,56.5453081769014,15.0001462134384,15.000017302907,""
54000.6316173077,15.0000000188485,1.06209295179421E-05,0.943946306234202,1.32761618974276E-05,1.17993288279275,56.5452414723172,15.0001402635715,15.0000113268084,""
54016.0779869556,15.0000000465795,1.06317145825655E-05,0.944110393563455,1.32896432282069E-05,1.18013799195432,56.5451216376234,15.0001343129844,15.0000053499863,""
54031.5224869251,15.0000000930054,1.06379357653694E-05,0.944274658647082,1.32974197067117E-05,1.18034332330885,56.5449791325341,15.0001284098044,14.9999994232644,""
54046.9688565731,15.0000001427826,1.06430506221639E-05,0.944438991566522,1.33038132777048E-05,1.18054873945815,56.5448226982506,15.0001225059097,14.999993495825,""
54062.4133565426,15.0000001410333,1.06447069906317E-05,0.944603378315243,1.33058837382896E-05,1.18075422289405,56.5447631917507,15.0001216768534,14.9999926495724,""
54077.8597261906,15.0000001300593,1.06455241395559E-05,0.944767802860444,1.33069051744449E-05,1.18095975357556,56.5447630786959,15.0001208476967,14.9999918032173,""
54093.30422616,14.9999999626967,1.06422815854381E-05,0.944932165107094,1.33028519817976E-05,1.18116520638387,56.5447015027076,15.0001242329888,14.9999951851325,""
54108.750595808,14.9999997672949,1.06380526847402E-05,0.945096536954377,1.32975658559253E-05,1.18137067119297,56.5446022646709,15.0001276186908,14.9999985674571,""
54124.1950957775,14.9999996791977,1.06324632401218E-05,0.945260762791535,1.32905790501522E-05,1.18157595348942,56.5446418834136,15.0001322670044,15.0000032137767,""
54139.6414651871,14.9999996103229,1.06265424061021E-05,0.94542497786348,1.32831780076277E-05,1.18178122232935,56.544766524961,15.0001369158806,15.0000078606587,""
54155.0859651566,14.9999997126668,1.06221486382517E-05,0.945589049513326,1.32776857978146E-05,1.18198631189166,56.5447202344632,15.000141184582,15.0000121368479,""
54170.5323348045,14.9999998457373,1.06181253875134E-05,0.945753110991471,1.32726567343917E-05,1.18219138873934,56.5445693355434,15.0001454538001,15.0000164135548,""
54185.976834774,15.0000001385383,1.06134686017198E-05,0.94591704285556,1.32668357521498E-05,1.18239630356945,56.544597438425,15.000141585471,15.0000125538282,""
54201.423204422,15.0000004600509,1.060865705244E-05,0.946080967871383,1.326082131555E-05,1.18260120983923,56.5447350280537,15.0001377166735,15.0000086936343,""
54216.8677043915,15.0000002919613,1.06041955509768E-05,0.946244758905287,1.3255244438721E-05,1.18280594863161,56.5447537608663,15.0001291429908,15.0000001315576,""
54232.3140740395,15.0000000359129,1.05998185420251E-05,0.946408541994639,1.32497731775314E-05,1.1830106774933,56.5446998393702,15.0001205682702,14.9999915684444,""
54247.7585742474,14.9999997777625,1.05961778555952E-05,0.94657220789457,1.3245222319494E-05,1.18321525986821,56.5447160020425,15.0001183317462,14.9999893482858,""
54263.2049436569,14.9999995191976,1.05927158463412E-05,0.946735869899921,1.32408948079264E-05,1.1834198373749,56.5447749887626,15.0001160949515,14.9999871278585,""
54278.6494436264,14.9999997380015,1.05881190700564E-05,0.946899408569304,1.32351488375705E-05,1.18362426071163,56.5448557273327,15.0001196284456,14.9999906789586,""
54294.0958132744,15.0000000426854,1.05832452646693E-05,0.947062941822187,1.32290565808367E-05,1.18382867727773,56.5449497650286,15.0001231623676,14.9999942304886,""
54309.5403132439,14.9999999306003,1.0577775637445E-05,0.947226325016919,1.32222195468062E-05,1.18403290627115,56.5450371360508,15.0001289377043,15.0000000321795,""
54324.9866828918,14.9999997434999,1.05721600254934E-05,0.947389696250262,1.32152000318668E-05,1.18423712031283,56.5451204550059,15.0001347137401,15.0000058345727,""
54340.4311828613,14.9999999760878,1.05668454776226E-05,0.947552912885321,1.32085568470283E-05,1.18444114110665,56.5451269232602,15.0001392556948,15.0000104003234,""
54355.8775522709,15.0000002842823,1.05616035125731E-05,0.94771611641001,1.32020043907164E-05,1.18464514551251,56.5450865099705,15.0001437981994,15.0000149666269,""
54371.3220522404,15.000000323884,1.05576024640101E-05,0.947879189168219,1.31970030800126E-05,1.18484898646027,56.5450783680177,15.000144669497,15.0000158627104,""
54386.7684218884,15.0000003150945,1.05539034209681E-05,0.948042254592614,1.31923792762101E-05,1.18505281824077,56.5450899014998,15.0001455409002,15.0000167589025,""
54402.2129218578,15.0000002524927,1.05495543162506E-05,0.948205198382719,1.31869428953133E-05,1.1852564979784,56.5450698674222,15.0001401525399,15.0000113972152,""
54417.6592915058,15.0000001801794,1.05450459599244E-05,0.948368137035623,1.31813074499054E-05,1.18546017129453,56.5450305914392,15.0001347635273,15.0000060348789,""
54433.1037914753,15.0000002872168,1.05402195846099E-05,0.948530939111455,1.31752744807624E-05,1.18566367388932,56.5449728052042,15.0001282358465,14.9999995393268,""
54448.5501611233,15.0000004266278,1.05353148587525E-05,0.948693732369893,1.31691435734406E-05,1.18586716546237,56.5449037329395,15.0001217073754,14.9999930429884,""
54463.9946610928,15.0000002375272,1.05305614381375E-05,0.948856386487285,1.31632017976719E-05,1.18607048310911,56.5449758950563,15.0001206855858,14.9999920516449,""
54479.4410307407,14.9999999890912,1.05258442500411E-05,0.949019031125639,1.31573053125513E-05,1.18627378890705,56.5451340541908,15.0001196636724,14.9999910601815,""
54494.8855307102,15.0000000120194,1.05203991309638E-05,0.949181527727052,1.31504989137047E-05,1.18647690965881,56.5452406460881,15.000119933674,14.9999913647248,""
54510.3319003582,15.0000000839734,1.05147753497005E-05,0.949344012638794,1.31434691871256E-05,1.18668001579849,56.5453158809516,15.0001202037082,14.999991669305,""
54525.7764003277,15.0000001786174,1.05102458047676E-05,0.949506355184259,1.31378072559595E-05,1.18688294398032,56.5452801041387,15.0001163184654,14.9999878164292,""
54541.2227699757,15.0000002773767,1.05059830360828E-05,0.94966868738835,1.31324787951034E-05,1.18708585923544,56.5451768064008,15.0001124327522,14.999983963087,""
54556.6672699451,15.0000001325567,1.05004056677315E-05,0.949830873832069,1.31255070846644E-05,1.18728859229009,56.5451145487411,15.0001095062439,14.9999810723982,""
54572.1136393547,14.999999943656,1.04945059892713E-05,0.949993049064497,1.31181324865891E-05,1.18749131133062,56.5450772254575,15.0001065793813,14.9999781813596,""
54587.5581393242,15.000000097554,1.04902794294094E-05,0.950155084090083,1.31128492867618E-05,1.1876938551126,56.545095582579,15.0001077554221,14.9999793874585,""
54603.0045089722,15.0000003135212,1.04864615639931E-05,0.95031710922783,1.31080769549914E-05,1.18789638653479,56.5451477715703,15.0001089316053,14.9999805937034,""
54618.4490091801,15.0000002964463,1.04828742130805E-05,0.950479023570881,1.31035927663506E-05,1.1880987794636,56.5451383044733,15.0001076217716,14.9999793152176,""
54633.8953785896,15.0000002371607,1.04793427436135E-05,0.950640935188301,1.30991784295168E-05,1.18830116898538,56.5450913960309,15.0001063117793,14.999978036577,""
54649.3398785591,14.9999999248906,1.04751118484104E-05,0.950802728776207,1.30938898105131E-05,1.18850341097026,56.5451290284297,15.0001085054236,14.9999802660503,""
54664.7862482071,14.9999995667261,1.04707090413113E-05,0.95096451784329,1.30883863016391E-05,1.18870564730411,56.5452179775609,15.0001106993334,14.9999824957935,""
54680.2307481766,14.9999998305665,1.04664441566964E-05,0.951126180215334,1.30830551958705E-05,1.18890772526917,56.5452119415034,15.0001140663253,14.9999858952972,""
54695.6771178246,15.0000002072466,1.04622124191862E-05,0.951287835913241,1.30777655239828E-05,1.18910979489155,56.5451482856778,15.0001174337247,14.9999892952125,""
54711.121617794,15.000000024459,1.04571963813817E-05,0.951449354941725,1.30714954767271E-05,1.18931169367716,56.5450943339902,15.0001204049101,14.9999923045493,""
54726.567987442,14.9999997401194,1.04519873513118E-05,0.951610864817536,1.30649841891398E-05,1.18951358102192,56.5450462553691,15.0001233764552,14.9999953142505,""
54742.0124876499,14.9999998307233,1.0446500617107E-05,0.95177222163447,1.30581257713837E-05,1.18971527704309,56.5450272220658,15.0001284572454,15.0000004320316,""
54757.4588570595,14.9999999894245,1.04409449577238E-05,0.951933565236396,1.30511811971547E-05,1.18991695654549,56.5450257859853,15.0001335386506,15.0000055504321,""
54772.903357029,15.0000001124734,1.04356571195928E-05,0.952094755639358,1.30445713994911E-05,1.1901184445492,56.5449765721051,15.0001350069453,15.000007052749,""
54788.3497266769,15.0000002290618,1.04304341895171E-05,0.95225593275768,1.30380427368963E-05,1.1903199159471,56.5448984111141,15.0001364754178,15.0000085552478,""
54803.7942266464,15.0000003387415,1.04277179459427E-05,0.952416999541403,1.30346474324284E-05,1.19052124942675,56.5449007236644,15.0001318044241,15.0000039165747,""
54819.240596056,15.0000004471808,1.04256165486747E-05,0.952578063525678,1.30320206858433E-05,1.1907225794071,56.5449517519019,15.0001271328651,14.9999992773401,""
54834.6850960255,15.0000002250241,1.04235084236298E-05,0.952739055796955,1.30293855295372E-05,1.19092381974619,56.5449754179851,15.0001195964323,14.9999917690212,""
54850.1314656734,14.9999999426885,1.04213983286507E-05,0.952900054733006,1.30267479108134E-05,1.19112506841626,56.5449825333228,15.0001120590871,14.9999842597933,""
54865.5759656429,15.0000000015496,1.04175223383303E-05,0.953060954578408,1.30219029229128E-05,1.19132619322301,56.5450849408629,15.0001090795139,14.9999813147054,""
54881.0223352909,15.000000122535,1.04132119307723E-05,0.953221854343377,1.30165149134654E-05,1.19152731792922,56.5452449946903,15.00010609958,14.999978369261,""
54896.4668352604,15.0000002287018,1.04099135632482E-05,0.953382643383392,1.30123919540602E-05,1.19172830422924,56.5452627805707,15.0001044252329,14.9999767193065,""
54911.9132049084,15.0000003321842,1.0406863444108E-05,0.953543429457666,1.30085793051351E-05,1.19192928682208,56.5451945800459,15.000102750683,14.9999750691523,""
54927.3577048779,15.0000000496979,1.04036906665843E-05,0.953704118551269,1.30046133332303E-05,1.19213014818909,56.5451145102231,15.0001029279047,14.9999752767924,""
54942.8040745258,14.9999996968144,1.04004872488098E-05,0.953864808033412,1.30006090610123E-05,1.19233101004176,56.5450272544861,15.0001031051479,14.9999754844576,""
54958.2485744953,14.9999997168142,1.03975529452898E-05,0.954025402804285,1.29969411816123E-05,1.19253175350536,56.5449515695183,15.0001082104535,14.9999806151805,""
54973.6949441433,14.9999998048319,1.03946844049741E-05,0.954185998498962,1.29933555062177E-05,1.1927324981237,56.5448828562734,15.0001133163772,14.9999857465245,""
54989.1394441128,15.0000000035841,1.03906538600516E-05,0.954346485697271,1.29883173250645E-05,1.19293310712159,56.544828987011,15.0001201277449,14.9999925899209,""
55004.5858137608,15.000000222576,1.03863367059179E-05,0.954506970401712,1.29829208823974E-05,1.19313371300214,56.5447840654511,15.0001269399372,14.9999994341458,""
55020.0303137302,15.0000001280556,1.03825740492595E-05,0.954667337235988,1.29782175615743E-05,1.19333417154499,56.5447025822535,15.0001266707273,14.9999991935104,""
55035.4766831398,14.9999999762628,1.03789473650481E-05,0.954827699237426,1.29736842063101E-05,1.19353462404678,56.5445990301269,15.0001264014848,14.9999989528459,""
55050.9211831093,15.0000002446005,1.03740345278716E-05,0.954987932078226,1.29675431598396E-05,1.19373491509778,56.5446440172834,15.0001223705769,14.9999949540138,""
55066.3675527573,15.000000589757,1.03688040995303E-05,0.955148157275178,1.29610051244129E-05,1.19393519659397,56.5447785623573,15.0001183391809,14.9999909546977,""
55081.8120527267,15.0000003177497,1.03650569472851E-05,0.955308256365604,1.29563211841064E-05,1.19413532045701,56.5448513209854,15.0001130695566,14.999985713193,""
55097.2584223747,14.9999999328422,1.03616748104114E-05,0.955468348532875,1.29520935130142E-05,1.19433543566609,56.5448868640344,15.0001077992944,14.9999804710539,""
55112.7029225826,14.9999999483974,1.03574982422069E-05,0.955628325243631,1.29468728027586E-05,1.19453540655454,56.5449309289515,15.0001062888046,14.9999789911749,""
55128.1492919922,15.0000000372346,1.03531251512524E-05,0.955788297621182,1.29414064390654E-05,1.19473537202648,56.5449801346541,15.0001047781319,14.9999775111169,""
55143.5937919617,15.0000001133559,1.03486174136912E-05,0.955948140201571,1.2935771767114E-05,1.19493517525196,56.5450448595471,15.0001043468104,14.9999771137181,""
55159.0401616097,15.0000001871598,1.03440757790543E-05,0.956107974884737,1.29300947238179E-05,1.19513496860592,56.5451189385024,15.0001039154367,14.9999767162712,""
55174.4846615791,14.9999999025339,1.03405641834515E-05,0.956267693608774,1.29257052293144E-05,1.19533461701097,56.5451366251255,15.0001038196435,14.9999766463843,""
55189.9310312271,14.9999995521951,1.033730628147E-05,0.956427407820298,1.29216328518376E-05,1.19553425977537,56.5451203882944,15.0001037238387,14.9999765764889,""
55205.3755311966,14.9999997072971,1.03324987401499E-05,0.95658699805431,1.29156234251874E-05,1.19573374756789,56.5451455017514,15.0001072701725,14.9999801609366,""
55220.8219008446,14.9999999550881,1.03273078307546E-05,0.956746581765494,1.29091347884433E-05,1.19593322720687,56.5451954844928,15.0001108169355,14.9999837458183,""
55236.2664010525,14.999999991486,1.03226114523171E-05,0.956906025216159,1.29032643153963E-05,1.1961325315202,56.5452430949007,15.0001168465283,14.9999898050736,""
55251.712770462,14.9999999891077,1.03180365326523E-05,0.957065458081885,1.28975456658154E-05,1.19633182260236,56.5452892887584,15.0001228768509,14.9999958650623,""
55267.1572704315,14.9999999162837,1.03154986123209E-05,0.957224789799454,1.28943732654011E-05,1.19653098724932,56.5452570526571,15.0001309616515,15.0000039770362,""
55282.6036398411,14.9999998305173,1.03134637555622E-05,0.957384120570574,1.28918296944528E-05,1.19673015071322,56.5451776981201,15.0001390474306,15.0000120899921,""
55298.0481398106,14.9999998863162,1.03093874157906E-05,0.957543350128881,1.28867342697382E-05,1.1969291876611,56.5451476440167,15.0001431986491,15.0000162739924,""
55313.4945094585,14.9999999681272,1.03048056732342E-05,0.957702578702467,1.28810070915427E-05,1.19712822337808,56.5451471831434,15.0001473503702,15.0000204584993,""
55328.939009428,15.0000000128279,1.03014272722009E-05,0.957861693125207,1.28767840902511E-05,1.19732711640651,56.5452317078503,15.0001480726923,15.0000212090512,""
55344.385379076,15.0000000507137,1.02983460423042E-05,0.95802080333652,1.28729325528803E-05,1.19752600417065,56.5453672463302,15.0001487951019,15.0000219596939,""
55359.8298790455,15.0000001007894,1.02936136181536E-05,0.95817979248642,1.2867017022692E-05,1.19772474060802,56.5455154065683,15.0001481787444,15.0000213793993,""
55375.2762486935,15.0000001531143,1.02884718206644E-05,0.958338775684852,1.28605897758306E-05,1.19792346960606,56.5456711655422,15.0001475623123,15.0000207990343,""
55390.7207486629,15.0000000421699,1.02839448135757E-05,0.958497621825201,1.28549310169696E-05,1.1981220272815,56.5457136852905,15.0001445147476,15.0000177787346,""
55406.1671183109,14.9999999011614,1.02795693489746E-05,0.958656458020002,1.28494616862182E-05,1.198320572525,56.5456883318384,15.0001414668139,15.0000147580692,""
55421.6116182804,14.9999999062247,1.02772816331645E-05,0.958815198910033,1.28466020414556E-05,1.19851899863754,56.5457124687093,15.0001425488244,15.0000158682558,""
55437.0579879284,14.9999999381891,1.02755107502151E-05,0.958973940168351,1.28443884377689E-05,1.19871742521044,56.5457662619815,15.0001436309658,15.0000169785768,""
55452.5024878979,14.9999998848706,1.02709151167207E-05,0.959132574742172,1.28386438959009E-05,1.19891571842771,56.5458382932197,15.000144102597,15.00001748264,""
55467.9488575459,14.9999998158289,1.02656187181925E-05,0.95929120683926,1.28320233977406E-05,1.19911400854907,56.5459212598859,15.0001445742853,15.0000179867642,""
55483.3933575153,14.9999998959588,1.02616086239245E-05,0.959449708500982,1.28270107799056E-05,1.19931213562623,56.5458458900082,15.0001453207658,15.0000187643968,""
55498.8397269249,15.0000000036063,1.02579168611464E-05,0.959608201764483,1.28223960764329E-05,1.1995102522056,56.5456757374726,15.0001460673368,15.0000195421236,""
55514.2842268944,15.000000030419,1.02555051933209E-05,0.959766604244018,1.28193814916511E-05,1.19970825530502,56.5456799192866,15.0001499480227,15.0000234449828,""
55529.7305965424,15.0000000423207,1.02534107047815E-05,0.959925008135526,1.28167633809769E-05,1.19990626016941,56.5457883911319,15.0001538291785,15.0000273483145,""
55545.1750965118,15.0000002012293,1.02496752627176E-05,0.960083315671536,1.28120940783969E-05,1.20010414458942,56.5457985436042,15.0001505677091,15.0000241209198,""
55560.6214661598,15.0000003873022,1.02455320099839E-05,0.960241623214892,1.28069150124798E-05,1.20030202901862,56.545749912427,15.0001473058449,15.0000208931344,""
55576.0659663677,15.0000002899645,1.02418694162747E-05,0.960399816492651,1.28023367703434E-05,1.20049977061581,56.5457459293488,15.0001373517445,15.0000109646949,""
55591.5123357773,15.0000001402543,1.0238325612339E-05,0.960558005299288,1.27979070154238E-05,1.20069750662411,56.5457686270105,15.0001273964395,15.0000010350539,""
55606.9568357468,14.9999998252965,1.0235404749658E-05,0.96071609689455,1.27942559370726E-05,1.20089512111819,56.545821499912,15.0001175254543,14.9999911886048,""
55622.4032053947,14.9999994797454,1.02326381870787E-05,0.960874188233706,1.27907977338483E-05,1.20109273529213,56.5458924063083,15.0001076532741,14.9999813409638,""
55637.8477053642,14.9999997353319,1.02293587565746E-05,0.961032184065494,1.27866984457182E-05,1.20129023008187,56.5460064182836,15.0001066035975,14.9999803196926,""
55653.2940750122,15.0000001021533,1.02259513731158E-05,0.96119018004188,1.27824392163947E-05,1.20148772505235,56.5461461853814,15.0001055537939,14.9999792982978,""
55668.7385749817,15.000000039656,1.02211316919893E-05,0.961348050782492,1.27764146149866E-05,1.20168506347811,56.5461765306932,15.0001083639476,14.9999821411421,""
55684.1849446297,14.9999998976841,1.0215960138759E-05,0.961505914248622,1.27699501734487E-05,1.20188239281078,56.546141593251,15.0001111744415,14.9999849843305,""
55699.6294448376,15.0000000135982,1.02109710173587E-05,0.961663633496598,1.27637137716984E-05,1.20207954187075,56.5459972539698,15.0001153680747,14.9999892086262,""
55715.0758140087,15.0000001772931,1.02060265213639E-05,0.96182134070536,1.27575331517048E-05,1.2022766758817,56.5457876438414,15.0001195622153,14.9999934334331,""
55730.5203139782,15.0000000403768,1.0202656949058E-05,0.961978930853701,1.27533211863225E-05,1.20247366356713,56.5457755995322,15.0001233978643,14.9999972971564,""
55745.9666836262,14.999999847728,1.0199678804664E-05,0.962136515694226,1.274959850583E-05,1.20267064461778,56.5458813124742,15.0001272339777,15.0000011613474,""
55761.4111835957,14.9999996935155,1.01956069244723E-05,0.962293990908623,1.27445086555904E-05,1.20286748863578,56.5459222648267,15.000129673751,15.0000036319807,""
55776.8575532436,14.9999995464089,1.01912621154264E-05,0.96245146263881,1.2739077644283E-05,1.20306432829851,56.5459246443544,15.0001321138196,15.0000061029132,""
55792.3020532131,14.9999996646116,1.01883793277685E-05,0.96260883044123,1.27354741597106E-05,1.20326103805154,56.5458396041117,15.0001322642074,15.0000062772228,""
55807.7484228611,14.999999832064,1.01858602783357E-05,0.962766196152258,1.27323253479196E-05,1.20345774519032,56.5457024945794,15.0001324146134,15.0000064515534,""
55823.1929228306,15.000000161053,1.01816813857545E-05,0.96292345488566,1.27271017321931E-05,1.20365431860708,56.5455570883429,15.0001261215483,15.0000001938604,""
55838.6392924786,15.000000520084,1.01770882222079E-05,0.963080710741447,1.27213602777599E-05,1.20385088842681,56.5454067164287,15.0001198277213,14.9999939354098,""
55854.083792448,15.0000003004349,1.01726113442601E-05,0.963237835788201,1.27157641803251E-05,1.20404729473525,56.5452964073964,15.0001134771888,14.9999876127992,""
55869.530162096,14.9999999732346,1.01681627813107E-05,0.96339495198548,1.27102034766383E-05,1.20424368998185,56.5452099072641,15.0001071258875,14.9999812894232,""
55884.9746620655,14.9999999613976,1.01650947617192E-05,0.963551960503805,1.2706368452149E-05,1.20443995062976,56.5451263171084,15.0001074681979,14.9999816595153,""
55900.4210317135,15.0000000081912,1.01623706299871E-05,0.963708965911641,1.27029632874839E-05,1.20463620738955,56.5450444408335,15.0001078105498,14.9999820296523,""
55915.865531683,15.0000000398799,1.01583157939795E-05,0.963865864416497,1.26978947424744E-05,1.20483233052062,56.5450658344556,15.0001125816246,14.9999868309259,""
55931.3119013309,15.0000000687631,1.015392827212E-05,0.964022759977732,1.26924103401499E-05,1.20502844997216,56.5451485956199,15.000117353277,14.9999916327807,""
55946.7564013004,15.0000000084698,1.01498141900626E-05,0.964179532315398,1.26872677375782E-05,1.20522441539425,56.5452234922466,15.0001220715177,14.9999963806546,""
55962.20277071,14.9999999315672,1.0145767752857E-05,0.964336297603281,1.26822096910713E-05,1.2054203720041,56.545293732601,15.0001267903296,15.0000011291033,""
55977.6472706795,14.9999998346552,1.01421421055294E-05,0.964492950402236,1.26776776319117E-05,1.20561618800279,56.5452243601304,15.0001296769691,15.0000040452601,""
55993.0936403275,14.999999734002,1.01386210124789E-05,0.964649598804466,1.26732762655987E-05,1.20581199850558,56.5450721016044,15.000132563958,15.0000069617698,""
56008.5381402969,14.9999997685725,1.01345179956706E-05,0.964806132234434,1.26681474945883E-05,1.20600766529304,56.5449958106568,15.0001323981224,15.0000068268567,""
56023.9845099449,14.9999998283523,1.01302689414869E-05,0.96496266061897,1.26628361768586E-05,1.20620332577371,56.5449645751817,15.0001322322667,15.0000066919273,""
56039.4290099144,15.0000000524358,1.012543131743E-05,0.965119055961406,1.26567891467875E-05,1.20639881995176,56.5449851740976,15.0001280508682,15.0000025427096,""
56054.8753795624,15.0000003071953,1.01204458166842E-05,0.965275441709005,1.26505572708553E-05,1.20659430213626,56.5450365134643,15.0001238689635,14.9999983929896,""
56070.3198797703,15.0000001871112,1.01168256368353E-05,0.965431706425887,1.26460320460442E-05,1.20678963303236,56.5450460076239,15.0001156156934,14.9999901689791,""
56085.7662491798,14.9999999970547,1.01135464006903E-05,0.965587964513947,1.26419330008628E-05,1.20698495564243,56.545030703319,15.0001073614244,14.9999819439733,""
56101.2107491493,15.0000000685432,1.01109440682806E-05,0.965744133122906,1.26386800853507E-05,1.20718016640363,56.5449979855981,15.0001016104903,14.9999762169413,""
56116.6571187973,15.0000001888836,1.01085107253183E-05,0.965900302976881,1.26356384066479E-05,1.2073753787211,56.5449549465503,15.0000958588601,14.9999704892161,""
56132.1016187668,15.0000001310481,1.01051334439401E-05,0.966056379230227,1.26314168049252E-05,1.20757047403778,56.5449336491849,15.0000933016527,14.9999679653494,""
56147.5479884148,15.0000000399103,1.01015193393187E-05,0.966212455675326,1.26268991741484E-05,1.20776556959416,56.5449252199565,15.0000907441357,14.9999654411773,""
56162.9924883842,14.999999808584,1.00971820742839E-05,0.966368412777958,1.26214775928548E-05,1.20796051597245,56.5448844004018,15.0000908417322,14.9999655653969,""
56178.4388577938,14.9999995510123,1.0092663029043E-05,0.966524363596017,1.26158287863037E-05,1.20815545449502,56.5448244061091,15.0000909393405,14.9999656896315,""
56193.8833577633,14.999999807932,1.00883228778355E-05,0.966680186677496,1.26104035972944E-05,1.20835023334687,56.5447028706976,15.000092912166,14.9999676936169,""
56209.3297274113,15.000000161148,1.00840268960949E-05,0.966836001341054,1.26050336201186E-05,1.20854500167632,56.5445449139768,15.0000948852304,14.9999696978448,""
56224.7742273808,14.9999998518078,1.00795432797297E-05,0.966991688140331,1.25994290996621E-05,1.20873961017541,56.5445074231399,15.0000993350285,14.9999741807068,""
56240.2205970287,14.9999994183834,1.00750119463454E-05,0.967147366457179,1.25937649329317E-05,1.20893420807147,56.5445411365272,15.0001037853653,14.9999786641116,""
56255.6650969982,14.9999996429875,1.00717522976018E-05,0.967302933664228,1.25896903720023E-05,1.20912866708028,56.5445650929761,15.0001120226411,14.9999869282268,""
56271.1114666462,14.9999999908935,1.00688110998659E-05,0.96745849656036,1.25860138748324E-05,1.20932312070045,56.544583289373,15.0001202609142,14.9999951933423,""
56286.5559666157,15.0000000231642,1.00658297935779E-05,0.967613967376267,1.25822872419724E-05,1.20951745922033,56.5446353827261,15.0001250843703,15.0000000447952,""
56302.0023362637,14.9999999962737,1.00628379718104E-05,0.96776943863098,1.2578547464763E-05,1.20971179828873,56.5447075029735,15.0001299084102,15.0000048968354,""
56317.4468362331,15.0000001795924,1.00582114345788E-05,0.967924791942899,1.25727642932234E-05,1.20990598992862,56.5447452076189,15.0001281071967,15.0000031287207,""
56332.8932058811,15.0000004023659,1.0053173827795E-05,0.968080139175059,1.25664672847438E-05,1.21010017396882,56.5447626069238,15.0001263057651,15.000001360392,""
56348.3377058506,15.0000000824488,1.00483550244989E-05,0.968235346605637,1.25604437806236E-05,1.21029418325705,56.5447602667117,15.000121792589,14.999996876936,""
56363.7840754986,14.9999996606306,1.00435904434814E-05,0.968390542433204,1.25544880543518E-05,1.21048817804151,56.5447462815351,15.0001172788665,14.9999923929373,""
56379.2285754681,14.9999997261604,1.00409625357285E-05,0.968545634852654,1.25512031696606E-05,1.21068204356582,56.5447153906721,15.0001171773192,14.999992318649,""
56394.674945116,14.9999998832252,1.00388710967514E-05,0.968700724782137,1.25485888709393E-05,1.21087590597767,56.5446745262244,15.0001170757596,14.9999922443517,""
56410.1194450855,14.9999999854746,1.003570791123E-05,0.968855727757088,1.25446348890376E-05,1.21106965969636,56.5446844200952,15.0001216988946,14.9999968967537,""
56425.5658144951,15.0000000774378,1.00322748335505E-05,0.969010732352493,1.25403435419381E-05,1.21126341544062,56.5447242275928,15.0001263225892,15.0000015497189,""
56441.010314703,15.0000000023249,1.00288442769422E-05,0.969165633490658,1.25360553461778E-05,1.21145704186332,56.5447559312625,15.0001310513484,15.0000063054962,""
56456.4566841125,14.9999998957842,1.00254138347567E-05,0.969320532072135,1.25317672934459E-05,1.21165066509017,56.5447828679449,15.0001357806799,15.000011061849,""
56471.901184082,14.9999999223652,1.0022193320391E-05,0.969475330483223,1.25277416504887E-05,1.21184416310403,56.5448717340426,15.0001358421036,15.0000111506199,""
56487.34755373,14.9999999739979,1.00190251373553E-05,0.969630127144725,1.25237814216941E-05,1.21203765893091,56.5449970741947,15.0001359035347,15.0000112394015,""
56502.7920536995,15.0000000578853,1.00158132831765E-05,0.969784826208611,1.25197666039706E-05,1.21223103276076,56.5451041074959,15.0001378341395,15.0000131965114,""
56518.2384233475,15.0000001478576,1.00125899493365E-05,0.969939524146743,1.25157374366707E-05,1.21242440518343,56.5452003899883,15.000139764978,15.0000151538583,""
56533.6829235554,15.0000000239374,1.00078132962526E-05,0.97009409982982,1.25097666203157E-05,1.21261762478727,56.5452640533672,15.000139262844,15.0000146829178,""
56549.1292929649,14.9999998597034,1.00026447374586E-05,0.970248668144392,1.25033059218232E-05,1.21281083518049,56.5453085465005,15.0001387606492,15.0000142119204,""
56564.5737929344,14.9999999679264,9.99774694584855E-06,0.970403094405295,1.24971836823107E-05,1.21300386800662,56.5452755991563,15.0001392811186,15.0000147623611,""
56580.0201625824,15.0000001275263,9.9929166319924E-06,0.970557508279665,1.24911457899905E-05,1.21319688534958,56.5451971283138,15.000139801651,15.0000153128685,""
56595.4646625519,14.9999999795068,9.99021508240456E-06,0.970711817172064,1.24877688530057E-05,1.21338977146508,56.5452338466899,15.0001414242485,15.0000169599306,""
56610.9110321999,14.99999977344,9.988049711629E-06,0.970866122991089,1.24850621395363E-05,1.21358265373886,56.5453382417057,15.0001430470424,15.000018607192,""
56626.3555321693,14.999999847692,9.9843419604305E-06,0.971020332890324,1.24804274505381E-05,1.2137754161129,56.5454344403288,15.0001429554649,15.0000185460375,""
56641.8019015789,14.9999999748642,9.98024468915154E-06,0.971174541974198,1.24753058614394E-05,1.21396817746775,56.5455258448438,15.0001428638763,15.0000184848756,""
56657.2464015484,15.0000001916199,9.97749335665666E-06,0.971328652115691,1.24718666958208E-05,1.21416081514461,56.5454367492847,15.0001401651686,15.0000158120206,""
56672.6927711964,15.0000004253262,9.97508118094445E-06,0.971482760657026,1.24688514761806E-05,1.21435345082128,56.545241709288,15.0001374661342,15.000013138842,""
56688.1372711658,15.0000003074299,9.97237569578288E-06,0.971636786517967,1.24654696197286E-05,1.21454598314746,56.5451787565458,15.0001376651985,15.0000133619677,""
56703.5836408138,15.0000001230695,9.9695957662031E-06,0.971790814862044,1.24619947077539E-05,1.21473851857755,56.545193267485,15.0001378642869,15.0000135851203,""
56719.0281407833,15.0000001439782,9.96509495735306E-06,0.971944729420852,1.24563686966913E-05,1.21493091177606,56.5452346519334,15.0001361853566,15.0000119380604,""
56734.4745104313,15.0000002037067,9.96015890140486E-06,0.972098638583817,1.24501986267561E-05,1.21512329822977,56.545291798797,15.000134506223,15.000010290801,""
56749.9190104008,15.0000000619973,9.95622405140432E-06,0.972252422856596,1.24452800642554E-05,1.21531552857075,56.5453185870211,15.0001331518529,15.0000089638377,""
56765.3653800488,14.9999998821514,9.95254154898843E-06,0.972406198897309,1.24406769362355E-05,1.21550774862164,56.5453275920246,15.0001317973189,15.0000076367136,""
56780.8098800182,14.9999999183787,9.94895553092009E-06,0.972559867011085,1.24361944136501E-05,1.21569983376386,56.5453005584886,15.0001312456545,15.000007111262,""
56796.2562496662,14.999999995522,9.94539335585968E-06,0.972713531150509,1.24317416948246E-05,1.21589191393814,56.5452524142846,15.0001306939234,15.0000065857468,""
56811.7007496357,15.000000095841,9.94116497969031E-06,0.972867078571206,1.24264562246129E-05,1.21608384821401,56.5451997532685,15.0001293553311,15.0000052783478,""
56827.1471192837,15.0000002005651,9.93676750036528E-06,0.973020619765808,1.24209593754566E-05,1.21627577470726,56.545144438311,15.0001280165767,15.0000039707905,""
56842.5916192532,15.0000002249525,9.93391956783107E-06,0.973174057895782,1.24173994597888E-05,1.21646757236973,56.545106680334,15.0001252231068,15.0000012002106,""
56858.0379886627,15.0000002341135,9.93146321426405E-06,0.973327493223713,1.24143290178301E-05,1.21665936652964,56.5450791864349,15.0001224292988,14.9999984292955,""
56873.4824886322,15.0000000492754,9.92812533175099E-06,0.973480835813141,1.24101566646887E-05,1.21685104476643,56.5450269938326,15.0001175184711,14.9999935479155,""
56888.9288582802,14.9999998276103,9.92456382865029E-06,0.973634178191626,1.24057047858129E-05,1.21704272273953,56.5449603492977,15.0001126070489,14.9999886659446,""
56904.3733584881,14.9999999717071,9.92121975584292E-06,0.97378741758199,1.24015246948036E-05,1.21723427197749,56.5449589659729,15.0001133409278,14.9999894260579,""
56919.8197278976,15.0000001852505,9.91793023223365E-06,0.97394065413715,1.23974127902921E-05,1.21742581767144,56.5449957223305,15.0001140748955,14.9999901862632,""
56935.2642278671,15.000000059113,9.91389690097155E-06,0.974093779581203,1.23923711262144E-05,1.2176172244765,56.5450715091901,15.000117377527,14.9999935195884,""
56950.7105975151,14.9999998684417,9.90967452966798E-06,0.974246900109999,1.2387093162085E-05,1.2178086251375,56.5451701089255,15.0001206805583,14.9999968533171,""
56966.1550974846,14.9999995860704,9.90390668142895E-06,0.974399874174578,1.23798833517862E-05,1.21799984271822,56.5453239514873,15.0001208242779,14.9999970286962,""
56981.6014671326,14.9999992862309,9.89774626606462E-06,0.974552834330851,1.23721828325808E-05,1.21819104291356,56.5455100749885,15.0001209680149,14.9999972040965,""
56997.0459671021,14.9999997160946,9.89481481496063E-06,0.974705674039981,1.23685185187008E-05,1.21838209254998,56.5455772262971,15.0001233903195,14.9999996496618,""
57012.49233675,15.0000002847855,9.89270165214135E-06,0.974858506402564,1.23658770651767E-05,1.21857313300321,56.545574969168,15.0001258129174,15.0000020955232,""
57027.9368369579,15.0000002077062,9.88987478277154E-06,0.975011257175812,1.23623434784644E-05,1.21876407146977,56.5455345818392,15.0001275569907,15.0000038686586,""
57043.3832063675,15.0000000077353,9.88686643562957E-06,0.975164010429194,1.2358583044537E-05,1.21895501303649,56.5454719490396,15.0001293012751,15.0000056420085,""
57058.827706337,14.9999997948717,9.88386692290485E-06,0.975316671212588,1.23548336536311E-05,1.21914583901574,56.5454527082724,15.0001356153764,15.0000119798297,""
57074.274075985,14.9999995795226,9.88086919700165E-06,0.975469331698523,1.23510864962521E-05,1.21933666462315,56.5454587571157,15.0001419302421,15.000018318418,""
57089.7185759544,14.9999998952869,9.87798042814363E-06,0.975621901538297,1.23474755351795E-05,1.21952737692287,56.5454640703861,15.0001454294288,15.0000218449903,""
57105.164945364,15.0000003122855,9.87511888547802E-06,0.975774471519613,1.23438986068475E-05,1.21971808939952,56.5454689561304,15.0001489290391,15.0000253719894,""
57120.6094453335,15.0000001766078,9.87172273088852E-06,0.97592694428893,1.23396534136107E-05,1.21990868036116,56.5453858541936,15.0001468394563,15.0000233083663,""
57136.0558149815,14.999999935548,9.86819025900635E-06,0.976079415510652,1.23352378237579E-05,1.22009926938832,56.5452515015072,15.0001447496206,15.0000212444933,""
57151.5003149509,14.9999999942926,9.86464877905544E-06,0.976231781129251,1.23308109738193E-05,1.22028972641156,56.5452843073089,15.0001418780123,15.0000183972742,""
57166.9466845989,15.0000001102359,9.86110447216692E-06,0.976384143043049,1.23263805902086E-05,1.22048017880381,56.5454144043821,15.0001390060564,15.0000155497104,""
57182.3911845684,15.0000002756766,9.8572997034744E-06,0.976536395199505,1.2321624629343E-05,1.22067049399938,56.5453942996123,15.0001363792575,15.0000129527826,""
57197.8375542164,15.000000450589,9.85342813478602E-06,0.976688642567688,1.23167851684825E-05,1.22086080320961,56.5452868201427,15.0001337521406,15.0000103555405,""
57213.2820541859,15.0000003486618,9.84937723787081E-06,0.976840773394285,1.23117215473385E-05,1.22105096674286,56.5452727147238,15.0001296766089,15.0000063049387,""
57228.7284238338,15.0000001938447,9.84528011105734E-06,0.976992897677997,1.23066001388217E-05,1.2212411220975,56.5453128930454,15.0001256005837,15.0000022538465,""
57244.1729238033,14.9999999320758,9.84189515034333E-06,0.9771449136596,1.23023689379292E-05,1.2214311420745,56.5454660191759,15.0001231275677,14.9999998057631,""
57259.6192934513,14.9999996498292,9.83869090749077E-06,0.977296925166357,1.22983636343635E-05,1.22162115645795,56.5456848067933,15.0001206542523,14.9999973573834,""
57275.0637934208,14.9999999543736,9.83610957622037E-06,0.977448848999857,1.22951369702755E-05,1.22181106124982,56.5457236628496,15.0001183272806,14.9999950576052,""
57290.5101630688,15.0000003711758,9.8336864430941E-06,0.977600773586164,1.22921080538676E-05,1.22200096698271,56.5456580254026,15.0001160000271,14.9999927575485,""
57305.9546630383,15.00000001731,9.83072391167132E-06,0.97775261179464,1.22884048895891E-05,1.2221907647433,56.5456399187071,15.0001160147044,14.9999927972704,""
57321.4010324478,14.9999995159243,9.82762354004114E-06,0.977904451062548,1.22845294250514E-05,1.22238056382818,56.5456493991571,15.0001160293834,14.999992836997,""
57336.8455324173,14.9999998651314,9.8240486475095E-06,0.978056188300983,1.22800608093869E-05,1.22257023537623,56.5457866161436,15.0001203546384,14.9999971847381,""
57352.2919020653,15.0000003772524,9.82035229191834E-06,0.978207922588985,1.22754403648979E-05,1.22275990323623,56.54599796916,15.0001246804169,15.0000015330056,""
57367.7364020348,14.9999999838532,9.8158485962847E-06,0.978359535053905,1.22698107453559E-05,1.22294941881738,56.5459076895392,15.000127648605,15.0000045324967,""
57383.1827716827,14.9999994169092,9.81113839255791E-06,0.978511139494192,1.22639229906974E-05,1.22313892436774,56.545642483538,15.0001306171525,15.0000075323509,""
57398.6272718906,14.9999997708294,9.80819952286772E-06,0.978662637014235,1.22602494035847E-05,1.22332829626779,56.5455302131051,15.000131655154,15.000008596404,""
57414.0736413002,15.0000003013377,9.80571199619099E-06,0.978814130276039,1.22571399952387E-05,1.22351766284505,56.5455065584643,15.0001326932812,15.000009660586,""
57429.5181412697,15.0000001777931,9.80173401591675E-06,0.978965520961703,1.22521675198959E-05,1.22370690120213,56.5454649192146,15.0001324876563,15.0000094796669,""
57444.9645109177,14.9999999287659,9.79737511017578E-06,0.97911690847585,1.22467188877197E-05,1.22389613559481,56.5454128540496,15.0001322820065,15.000009298726,""
57460.4090108871,14.9999999838893,9.79732282888389E-06,0.979268236919948,1.22466535361049E-05,1.22408529614994,56.545433174436,15.0001347794984,15.0000118068771,""
57475.8553805351,15.000000097401,9.7983699633559E-06,0.979419573280476,1.22479624541949E-05,1.2242744666006,56.5454954076756,15.0001372772926,15.0000143153319,""
57491.2998805046,15.0000000081456,9.80105610380674E-06,0.979570942404795,1.22513201297584E-05,1.22446367800599,56.5455437290429,15.0001404240742,15.0000174695392,""
57506.7462501526,14.9999998799329,9.80416125786055E-06,0.979722342901572,1.22552015723257E-05,1.22465292862696,56.5455840093042,15.0001435712368,15.0000206241284,""
57522.1907503605,15.0000001245681,9.80459003583629E-06,0.979873760134239,1.22557375447954E-05,1.2248422001678,56.5456375523168,15.0001438842313,15.0000209468356,""
57537.6371197701,15.0000004408935,9.8043350185026E-06,0.980025204651889,1.22554187731283E-05,1.22503150581486,56.5456987762733,15.0001441972637,15.0000212695819,""
57553.0816197395,15.0000002889954,9.80369043266582E-06,0.980176618549427,1.22546130408323E-05,1.22522077318678,56.5455767540695,15.0001403744592,15.0000174524857,""
57568.5279891491,15.0000000470353,9.80294616239827E-06,0.980328047632082,1.22536827029978E-05,1.2254100595401,56.5453487805827,15.0001365511919,15.0000136349275,""
57583.9724891186,15.0000000426441,9.80036921431127E-06,0.980479411771489,1.22504615178891E-05,1.22559926471436,56.5453623358118,15.0001315782968,15.0000086802342,""
57599.4188587666,15.0000000839655,9.79732317050003E-06,0.98063078231129,1.2246653963125E-05,1.22578847788911,56.5455154398538,15.0001266047997,15.0000037249411,""
57614.863358736,15.0000000429779,9.79300760071071E-06,0.980782039995753,1.22412595008884E-05,1.22597754999469,56.5454851868858,15.0001224694994,14.9999996040853,""
57630.309728384,14.9999999861367,9.78836654935144E-06,0.980933291800681,1.22354581866893E-05,1.22616661475085,56.5453490465907,15.0001183336985,14.9999954827308,""
57645.7542283535,14.9999999808777,9.78519176319011E-06,0.981084433799598,1.22314897039876E-05,1.2263555422495,56.5453577382227,15.0001179304084,14.9999950952807,""
57661.2005980015,14.9999999855557,9.7823918274482E-06,0.98123557067104,1.22279897843102E-05,1.2265444633388,56.5454500227105,15.0001175270696,14.9999947077838,""
57676.645097971,14.9999998639423,9.77908711783496E-06,0.981386612593994,1.22238588972937E-05,1.22673326574249,56.5455069902334,15.0001203713664,14.9999975693189,""
57692.0914676189,14.9999997179653,9.77565263590203E-06,0.981537653168621,1.22195657948775E-05,1.22692206646078,56.5455435957241,15.0001232160076,15.0000004312004,""
57707.5359675884,14.9999999764429,9.7709070530717E-06,0.981688570754522,1.22136338163396E-05,1.22711071344315,56.5454037162143,15.000125977584,15.0000032175668,""
57722.9823372364,15.0000003129757,9.76582483143992E-06,0.981839479780145,1.22072810392999E-05,1.22729934972518,56.5451620561706,15.0001287394947,15.0000060042704,""
57738.4268372059,15.0000000095199,9.76097723009064E-06,0.981990249201215,1.22012215376133E-05,1.22748781150152,56.545169635639,15.000128534737,15.0000058236913,""
57753.8732068539,14.9999995824927,9.75618903063983E-06,0.982141005768314,1.21952362882998E-05,1.22767625721039,56.5453208426059,15.0001283299544,15.0000056430903,""
57769.3177068233,14.9999997918929,9.75290636895516E-06,0.982291649620165,1.21911329611939E-05,1.22786456202521,56.5454649880757,15.0001300700392,15.0000074047777,""
57784.7640762329,15.0000001242392,9.75000928966366E-06,0.982442287478122,1.21875116120796E-05,1.22805285934765,56.5456050939286,15.0001318103345,15.0000091666785,""
57800.2085762024,14.9999999876081,9.74710319962508E-06,0.982592835745065,1.21838789995313E-05,1.22824104468133,56.5456945072907,15.0001378118249,15.0000151881612,""
57815.6549458504,14.9999997603258,9.74419435576833E-06,0.982743383927058,1.21802429447104E-05,1.22842922990882,56.5457547562753,15.0001438140417,15.000021210373,""
57831.0994458199,14.999999964781,9.74017955572111E-06,0.982893825300508,1.21752244446514E-05,1.22861728162564,56.5458102392381,15.0001439154293,15.0000213401089,""
57846.5458154678,15.0000002527519,9.73588027673149E-06,0.983044262145836,1.21698503459144E-05,1.2288053276823,56.5458629906256,15.0001440168291,15.0000214698605,""
57861.9903156757,15.0000000319227,9.73169695679222E-06,0.983194576903165,1.21646211959903E-05,1.22899322112896,56.5458616194721,15.0001391400086,15.000016616425,""
57877.4366850853,14.9999997126134,9.72754277739465E-06,0.983344883174053,1.21594284717433E-05,1.22918110396757,56.5458291246167,15.0001342625978,15.0000117624021,""
57892.8811850548,14.9999996162826,9.72425105088819E-06,0.983495082478888,1.21553138136102E-05,1.22936885309861,56.5458061239944,15.0001342112646,15.0000117359919,""
57908.3275547028,14.9999995631089,9.721180390608E-06,0.983645277157221,1.215147548826E-05,1.22955659644653,56.5457885758438,15.0001341599252,15.0000117095786,""
57923.7720546722,14.9999995956728,9.71953690415008E-06,0.983795400239699,1.21494211301876E-05,1.22974425029962,56.5457174742547,15.0001388900889,15.000016456227,""
57939.2184243202,14.9999996448513,9.71825997842199E-06,0.983945527765218,1.21478249730275E-05,1.22993190970652,56.5456155950913,15.0001436208251,15.00002120345,""
57954.6629242897,14.9999998611353,9.71561103966372E-06,0.984095584549783,1.21445137995797E-05,1.23011948068723,56.5455982983382,15.000144186831,15.000021795785,""
57970.1092939377,15.0000001098437,9.71260890564576E-06,0.984245645980946,1.21407611320572E-05,1.23030705747618,56.5456295616714,15.0001447529054,15.0000223881917,""
57985.5537941456,15.0000001106615,9.70852649292084E-06,0.984395598802157,1.2135658116151E-05,1.2304944985027,56.5455689203502,15.0001431802106,15.0000208407189,""
58001.0001633167,15.0000000633966,9.70416555699337E-06,0.984545546498711,1.21302069462417E-05,1.23068193312339,56.5454555275595,15.0001416073254,15.0000192930589,""
58016.4446632862,15.0000001477926,9.70124501726683E-06,0.984695391159866,1.21265562715835E-05,1.23086923894983,56.5454405444903,15.0001412873171,15.0000189935026,""
58031.8910329342,15.0000002577543,9.69869474214205E-06,0.984845232110481,1.21233684276776E-05,1.2310565401381,56.5454820019546,15.00014096727,15.00001869391,""
58047.3355329037,15.0000000744632,9.69437496340223E-06,0.984994964943442,1.21179687042528E-05,1.2312437061793,56.5454463299048,15.0001425434955,15.0000202987552,""
58062.7819025517,14.9999998341941,9.68959891211068E-06,0.985144692731619,1.21119986401383E-05,1.23143086591452,56.5453664361596,15.0001441199117,15.0000219037947,""
58078.2264025211,14.9999998685548,9.68532228947703E-06,0.985294292795363,1.21066528618463E-05,1.2316178659942,56.5453712502082,15.0001453766304,15.0000231847713,""
58093.6727721691,14.999999956288,9.68117366736228E-06,0.985443882733034,1.21014670842028E-05,1.23180485341629,56.5454245989877,15.0001466335013,15.000024465903,""
58109.1172721386,15.0000000755973,9.67926800583203E-06,0.985593387314596,1.209908500729E-05,1.23199173414324,56.5455233750986,15.0001427844385,15.0000206388489,""
58124.5636417866,15.0000002010638,9.67794009496016E-06,0.985742892661738,1.20974251187002E-05,1.23217861582717,56.5456481842616,15.0001389349097,15.0000168113316,""
58140.0081417561,15.0000002381177,9.67540970121172E-06,0.985892328726992,1.20942621265146E-05,1.23236541090874,56.5456881500771,15.0001325845203,15.0000104853346,""
58155.454511404,15.0000002579751,9.6725688870865E-06,0.986041769684008,1.20907111088581E-05,1.23255221210501,56.5456795628217,15.0001262333621,15.0000041585718,""
58170.8990113735,15.000000206518,9.66851638775641E-06,0.986191104076317,1.20856454846955E-05,1.2327388800954,56.5456217161652,15.0001215198526,14.999999467945,""
58186.3453810215,15.0000001411697,9.66415072327687E-06,0.986340433722065,1.20801884040961E-05,1.23292554215258,56.5455356792803,15.0001168057724,14.9999947767504,""
58201.789880991,15.0000002670409,9.660329234375E-06,0.986489646502622,1.20754115429688E-05,1.23311205812828,56.5455133440606,15.0001160170111,14.9999940150195,""
58217.236250639,15.0000004301803,9.65664759381062E-06,0.986638851849696,1.20708094922633E-05,1.23329856481212,56.5455274265646,15.0001152281543,14.9999932531963,""
58232.6807506084,15.0000001747185,9.65432738012108E-06,0.986787969773837,1.20679092251514E-05,1.2334849622173,56.5455044691903,15.0001167420852,14.9999947863844,""
58248.127120018,14.9999998376252,9.65235830158458E-06,0.986937087837602,1.20654478769807E-05,1.233671359797,56.545460340655,15.0001182561994,14.9999963197581,""
58263.5716199875,14.9999998575474,9.6477873621039E-06,0.987086099325444,1.20597342026299E-05,1.23385762415681,56.5454029071535,15.00012257755,15.0000006735774,""
58279.0179896355,14.9999999471052,9.64254368522879E-06,0.98723510598329,1.2053179606536E-05,1.23404388247911,56.5453378634539,15.0001268994238,15.0000050279239,""
58294.462489605,14.9999999697044,9.63997286323855E-06,0.987384007171339,1.20499660790482E-05,1.23423000896417,56.5453023677141,15.0001296221513,15.0000077668623,""
58309.9088592529,14.999999979239,9.63809233769073E-06,0.987532903788754,1.20476154221134E-05,1.23441612973594,56.5452837330309,15.0001323452084,15.0000105061323,""
58325.3533592224,15.0000000311613,9.63634243989891E-06,0.987681738243216,1.20454280498736E-05,1.23460217280402,56.5452998174487,15.0001342617106,15.0000124446306,""
58340.7997288704,15.0000000913685,9.63462604594957E-06,0.987830579302613,1.2043282557437E-05,1.23478822412827,56.5453357143697,15.0001361784447,15.0000143833635,""
58356.2442290783,14.9999999192507,9.63034833026959E-06,0.987979320660735,1.2037935412837E-05,1.23497415082592,56.5453818602653,15.0001409577489,15.000019190388,""
58371.6905984879,14.9999997017119,9.6254075021741E-06,0.988128058890383,1.20317593777176E-05,1.23516007361298,56.5454338595602,15.0001457376315,15.0000239979943,""
58387.1350984573,14.9999997476421,9.6190975793957E-06,0.988276636720717,1.20238719742446E-05,1.2353457959009,56.545398642169,15.0001485864556,15.0000268828904,""
58402.5814681053,14.9999998450921,9.61243243342525E-06,0.988425195686784,1.20155405417816E-05,1.23553149460848,56.5453137075079,15.0001514356246,15.0000297681356,""
58418.0259680748,14.9999998071742,9.6097319273221E-06,0.988573634357101,1.20121649091526E-05,1.23571704294638,56.545344035355,15.0001527411141,15.0000310923425,""
58433.4723377228,14.9999997427676,9.60805734447658E-06,0.988722064507717,1.20100716805957E-05,1.23590258063465,56.5454400303307,15.0001540467616,15.0000324167097,""
58448.9168376923,14.9999998721045,9.6049810353727E-06,0.988870413953132,1.20062262942159E-05,1.23608801744141,56.5453118824496,15.0001535004962,15.0000318957851,""
58464.3632071018,15.0000000393869,9.60154122695709E-06,0.98901876510457,1.20019265336964E-05,1.23627345638071,56.5450560900499,15.0001529541646,15.0000313747974,""
58479.8077070713,14.9999998610432,9.59948125488014E-06,0.989167035222764,1.19993515686002E-05,1.23645879402845,56.5450286999493,15.0001512787445,15.0000297219719,""
58495.2540767193,14.9999996149733,9.59777849021738E-06,0.989315306944307,1.19972231127717E-05,1.23664413368038,56.5451312819535,15.0001496031215,15.0000280689464,""
58510.6985766888,14.9999998528488,9.5948230099692E-06,0.989463499597673,1.19935287624615E-05,1.23682937449709,56.5450848006393,15.000148566561,15.0000270563075,""
58526.1449463367,15.0000001856107,9.59154234995997E-06,0.989611694345239,1.198942793745E-05,1.23701461793155,56.5449535271873,15.0001475298751,15.000026043546,""
58541.5894463062,15.0000001170798,9.58801992607489E-06,0.989759786948315,1.19850249075936E-05,1.23719973368539,56.5449226897762,15.0001415116942,15.000020052995,""
58557.0358159542,14.9999999698389,9.58443426703884E-06,0.989907875638717,1.19805428337986E-05,1.2373848445484,56.5449489419818,15.0001354927847,15.0000140617187,""
58572.4803159237,15.0000003240835,9.58078405068184E-06,0.990055857461298,1.19759800633523E-05,1.23756982182662,56.5449686279887,15.0001294434988,15.0000080348984,""
58587.9266855717,15.000000776789,9.5771165282382E-06,0.990203834119059,1.19713956602977E-05,1.23775479264882,56.5449845869621,15.0001233934807,15.0000020073485,""
58603.3711855412,15.0000006204587,9.57450682625774E-06,0.990351719259232,1.19681335328222E-05,1.23793964907404,56.545094361554,15.0001162930136,14.9999949289769,""
58618.8175551891,15.000000344518,9.57217130319746E-06,0.990499603193952,1.19652141289968E-05,1.23812450399244,56.5452574330476,15.000109191687,14.9999878497484,""
58634.2620551586,15.0000003193548,9.56984701862589E-06,0.990647412129049,1.19623087732824E-05,1.23830926516131,56.5453183053335,15.0001046639757,14.9999833442649,""
58649.7084248066,15.0000003434595,9.56752529807587E-06,0.990795224127984,1.19594066225948E-05,1.23849403015998,56.5453211826352,15.0001001357162,14.9999788382359,""
58665.1529247761,15.0000002686342,9.5645111145835E-06,0.990942950610352,1.19556388932294E-05,1.23867868826294,56.5452352662027,15.0000998807135,14.9999786035859,""
58680.5992944241,15.0000001743489,9.56131656899432E-06,0.991090677405041,1.19516457112429E-05,1.2388633467563,56.5450989620615,15.00009962568,14.9999783689076,""
58696.0437943935,15.000000104252,9.55737721314834E-06,0.991238296490262,1.19467215164354E-05,1.23904787061283,56.5451087398635,15.0001034547267,14.9999822245881,""
58711.4901638031,15.0000000389032,9.55324366772246E-06,0.991385910092978,1.19415545846531E-05,1.23923238761622,56.5452013462712,15.000107284237,14.9999860807353,""
58726.934664011,14.9999999561468,9.54990848714326E-06,0.991533416827333,1.19373856089291E-05,1.23941677103417,56.5452756010427,15.0001078652262,14.999986686289,""
58742.3810334206,14.9999998699519,9.54678039927811E-06,0.991680918266861,1.19334754990976E-05,1.23960114783358,56.5453394701838,15.0001084462859,14.9999872919161,""
58757.82553339,14.9999999116148,9.54295004678017E-06,0.991828314327188,1.19286875584752E-05,1.23978539290899,56.5453951459856,15.0001098736144,14.9999887443549,""
58773.271903038,14.999999978466,9.53893641627591E-06,0.99197570545801,1.19236705203449E-05,1.23996963182251,56.5454461916852,15.0001113011157,14.9999901969696,""
58788.7164030075,14.9999999424508,9.53632959609176E-06,0.992123002098841,1.19204119951147E-05,1.24015375262355,56.5454272000025,15.0001112768445,14.9999901944536,""
58804.1627726555,14.9999998861582,9.53408852251653E-06,0.992270296619504,1.19176106531457E-05,1.24033787077438,56.5453685567584,15.0001112525704,14.9999901919374,""
58819.607272625,14.9999998800906,9.53162046183604E-06,0.992417514878792,1.1914525577295E-05,1.24052189359849,56.5453583378845,15.0001094908829,14.9999884509694,""
58835.0536422729,14.9999998839263,9.52909292125466E-06,0.992564735743441,1.19113661515683E-05,1.2407059196793,56.5453755155952,15.0001077289821,14.9999867097907,""
58850.4981424809,14.9999998602249,9.52639299231626E-06,0.992711874185947,1.19079912403953E-05,1.24088984273243,56.5454260423525,15.0001074036627,14.9999864044777,""
58865.9445118904,14.9999998310866,9.52364774463632E-06,0.992859013604836,1.19045596807954E-05,1.24107376700605,56.5454954376871,15.000107078304,14.9999860991277,""
58881.3890118599,14.9999997975911,9.52167345686882E-06,0.993006079853327,1.1902091821086E-05,1.24125759981666,56.5455454945745,15.0001106956141,14.9999897362292,""
58896.8353815079,14.9999997632304,9.51989979110386E-06,0.993153149475349,1.18998747388798E-05,1.24144143684419,56.5455846307218,15.0001143133621,14.9999933737709,""
58912.2798814774,14.9999998929697,9.51711809304226E-06,0.993300142266893,1.18963976163028E-05,1.24162517783362,56.5456432161807,15.0001216948492,15.0000007759729,""
58927.7262508869,15.0000000551463,9.51407314546255E-06,0.993447137458344,1.18925914318282E-05,1.24180892182293,56.5457127998557,15.0001290772297,15.0000081790708,""
58943.1707508564,14.9999998818119,9.51116966635075E-06,0.993594042443526,1.18889620829384E-05,1.24199255305441,56.5457185628846,15.0001364074345,15.0000155315786,""
58958.6171205044,14.9999996421309,9.50830264571885E-06,0.993740946320985,1.18853783071486E-05,1.24217618290123,56.5456882929717,15.0001437385267,15.0000228849764,""
58974.0616204739,14.999999658153,9.50492076923581E-06,0.993887754229045,1.18811509615448E-05,1.24235969278631,56.545639368397,15.0001479258644,15.0000270937025,""
58989.5079901218,14.9999997247537,9.50140401793957E-06,0.994034559502762,1.18767550224245E-05,1.24254319937845,56.5455799073998,15.0001521137089,15.000031302938,""
59004.9524900913,14.9999997981257,9.49748275259013E-06,0.994181254614446,1.18718534407377E-05,1.24272656826806,56.5455533449021,15.0001518468071,15.0000310592741,""
59020.3988597393,14.9999998728483,9.493455278126E-06,0.994327943360051,1.18668190976575E-05,1.24290992920006,56.5455453328394,15.000151579873,15.0000308155808,""
59035.8433597088,15.0000000578104,9.49051412448289E-06,0.994474532483915,1.18631426556036E-05,1.24309316560489,56.5455260689569,15.0001453520059,15.0000246090396,""
59051.2897293568,15.0000002646303,9.48785626474949E-06,0.994621117967849,1.18598203309369E-05,1.24327639745981,56.5455004584897,15.0001391233848,15.0000184017471,""
59066.7342293262,15.0000000090245,9.48376199139127E-06,0.994767598428516,1.18547024892391E-05,1.24345949803565,56.5454424161293,15.0001333368749,15.0000126429172,""
59082.1805989742,14.9999996617505,9.47929173974138E-06,0.994914073811642,1.18491146746767E-05,1.24364259226455,56.5453660896961,15.0001275496644,15.0000068833902,""
59097.6250989437,14.9999997747704,9.47656417689036E-06,0.995060448912333,1.1845705221113E-05,1.24382556114042,56.5453563732274,15.0001259005533,15.0000052545072,""
59113.0714685917,14.9999999790705,9.47429178717577E-06,0.99520682014862,1.18428647339697E-05,1.24400852518578,56.5453841652398,15.0001242512425,15.000003625427,""
59128.5159685612,15.0000001384997,9.47143353173517E-06,0.995353108975899,1.1839291914669E-05,1.24419138621987,56.5454661586895,15.0001220103381,15.0000014047221,""
59143.9623379707,15.0000002890499,9.46842160921548E-06,0.995499398588441,1.18355270115193E-05,1.24437424823555,56.5455786742799,15.0001197691623,14.9999991837484,""
59159.4068379402,15.0000002795112,9.46601572637505E-06,0.99564560611265,1.18325196579688E-05,1.24455700764081,56.5456284060087,15.0001188843767,14.9999983217472,""
59174.8532075882,15.0000002381913,9.46376805371946E-06,0.995791814487742,1.18297100671493E-05,1.24473976810968,56.5456428285573,15.0001179994839,14.9999974596417,""
59190.2977077961,15.0000001078879,9.46001430958472E-06,0.99593792687769,1.18250178869809E-05,1.24492240859711,56.5456355606436,15.0001175502623,14.9999970337326,""
59205.7440772057,14.9999999598905,9.45586573483719E-06,0.996084036454089,1.18198321685465E-05,1.24510504556761,56.5456160959596,15.0001171009864,14.999996607772,""
59221.1885771751,15.0000002290657,9.45220704869044E-06,0.996230034358764,1.18152588108631E-05,1.24528754294845,56.5455832583995,15.0001134575807,14.9999929892302,""
59236.6349468231,15.0000005811944,9.44867610312173E-06,0.996376025319546,1.18108451289022E-05,1.24547003164943,56.545542899722,15.000109813734,14.9999893702503,""
59252.0794467926,15.0000005821586,9.44484150218074E-06,0.996521907490891,1.18060518777259E-05,1.24565238436361,56.5455790472998,15.0001103024241,14.9999898832236,""
59267.5258164406,15.0000005132857,9.44092675412801E-06,0.996667783445489,1.180115844266E-05,1.24583472930686,56.5456581719296,15.0001107911735,14.9999903962589,""
59282.9703164101,15.0000002203628,9.4380206690394E-06,0.996813561509048,1.17975258362992E-05,1.24601695188631,56.5457219428707,15.0001147667775,14.9999943968406,""
59298.416686058,14.9999998828129,9.43537853905918E-06,0.996959336186108,1.1794223173824E-05,1.24619917023263,56.545777106902,15.0001187428627,14.9999983979066,""
59313.8611862659,15.0000000264801,9.43209695873164E-06,0.997105018683209,1.17901211984146E-05,1.24638127335401,56.5457647418232,15.0001217923975,15.0000014707286,""
59329.3075556755,15.0000002659851,9.42864718447946E-06,0.997250699262467,1.17858089805993E-05,1.24656337407808,56.5457144861175,15.0001248423014,15.0000045439226,""
59344.752055645,15.0000001801102,9.42598081737442E-06,0.997396289893123,1.1782476021718E-05,1.2467453623664,56.5456046044402,15.0001239454978,15.0000036665454,""
59360.198425293,15.000000029396,9.42351957871468E-06,0.997541879173123,1.17793994733933E-05,1.2469273489664,56.5454612654794,15.0001230485856,15.0000027890621,""
59375.6429252625,14.9999999693601,9.42081328636758E-06,0.997687386823246,1.17760166079595E-05,1.24710923352906,56.5453736352553,15.0001222104542,15.0000019744146,""
59391.089294672,14.9999999273927,9.41804225920197E-06,0.997832895283422,1.17725528240025E-05,1.24729111910428,56.5453172119032,15.0001213722214,15.0000011596684,""
59406.5337946415,14.9999998941614,9.41471241574107E-06,0.997978309705656,1.17683905196763E-05,1.24747288713207,56.545344324726,15.0001244292357,15.0000042407369,""
59421.9801642895,14.999999862668,9.41123532103395E-06,0.998123721659587,1.17640441512924E-05,1.24765465207448,56.5454182380967,15.0001274866201,15.0000073221784,""
59437.424664259,15.0000000287354,9.40840763348091E-06,0.998269040980458,1.17605095418511E-05,1.24783630122557,56.5454789879825,15.0001263952531,15.0000062523467,""
59452.8710339069,15.000000234259,9.4057501204552E-06,0.998414358179238,1.1757187650569E-05,1.24801794772405,56.5455323792762,15.000125303754,15.0000051823856,""
59468.3155338764,15.000000115538,9.40237705785498E-06,0.99855958172933,1.17529713223187E-05,1.24819947716166,56.5455782212503,15.0001212001789,15.0000011020269,""
59483.7619035244,14.9999999320433,9.39881541293954E-06,0.998704802866996,1.17485192661744E-05,1.24838100358374,56.5456198473369,15.000117096107,14.9999970211742,""
59499.2064034939,14.9999999315657,9.39455123622296E-06,0.998849908460341,1.17431890452787E-05,1.24856238557543,56.5455940643948,15.0001134269907,14.9999933785661,""
59514.6527731419,14.9999999676613,9.39010168033719E-06,0.998995005857,1.17376271004215E-05,1.24874375732125,56.5455305748446,15.0001097574301,14.9999897355171,""
59530.0972731113,14.999999975782,9.38814638577037E-06,0.999140015394451,1.1735182982213E-05,1.24892501924306,56.5455033402888,15.000107569602,14.9999875641615,""
59545.5436427593,14.99999997831,9.38684693696144E-06,0.999285023991983,1.17335586712018E-05,1.24910627998998,56.5454963672731,15.000105381509,14.9999853925431,""
59560.9881427288,15.000000014342,9.38389839979672E-06,0.999429957787787,1.17298729997459E-05,1.24928744723473,56.5455199625328,15.0001032622663,14.9999833007097,""
59576.4345123768,15.0000000570825,9.38051540708948E-06,0.999574894060328,1.17256442588619E-05,1.24946861757541,56.5455606410358,15.0001011427671,14.999981208623,""
59591.8790123463,15.0000000701406,9.37772777536637E-06,0.999719739262915,1.1722159719208E-05,1.24964967407864,56.5456460122898,15.0000968118129,14.9999768948935,""
59607.3253817558,15.0000000772583,9.3750964731305E-06,0.999864582636419,1.17188705914131E-05,1.24983072829552,56.5457563567776,15.0000924803345,14.9999725806418,""
59622.7698817253,14.999999922036,9.37245731000359E-06,1.00000934402268,1.17155716375045E-05,1.25001168002835,56.545852087574,15.0000916517174,14.9999717747198,""
59638.2162513733,14.9999997342717,9.36981567258363E-06,1.0001541059526,1.17122695907295E-05,1.25019263244075,56.5459396802084,15.000090823,14.9999709687003,""
59653.6607513428,14.999999925124,9.36634488114056E-06,1.00029877297047,1.17079311014257E-05,1.25037346621309,56.5459176624756,15.0000938429393,14.9999740113657,""
59669.1071209908,15.0000001918929,9.36265505267798E-06,1.00044343710457,1.17033188158475E-05,1.25055429638071,56.5458344968752,15.0000968632442,14.9999770543995,""
59684.5516211987,14.9999999715516,9.35878104178381E-06,1.0005879906852,1.16984763022298E-05,1.2507349883565,56.5458508483326,15.0001018322327,14.9999820488533,""
59699.9979906082,14.9999996534845,9.35485787946887E-06,1.0007325372268,1.16935723493361E-05,1.25091567153351,56.545922687029,15.0001068018226,14.9999870439115,""
59715.4424905777,14.9999996979881,9.35065215136625E-06,1.00087696601443,1.16883151892078E-05,1.25109620751804,56.5459311874921,15.0001132003652,14.9999934667354,""
59730.8888602257,14.9999998152581,9.34637124952917E-06,1.00102138583829,1.16829640619115E-05,1.25127673229786,56.545904394926,15.0001195996824,14.9999998903369,""
59746.3333601952,14.9999999475539,9.34459283234734E-06,1.00116572220448,1.16807410404342E-05,1.2514571527556,56.5458710462692,15.0001220162778,15.0000023240202,""
59761.7797298431,15.0000000828859,9.34347449783678E-06,1.00131005863174,1.1679343122296E-05,1.25163757328967,56.5458340399314,15.0001244331656,15.0000047579981,""
59777.2242298126,15.0000000023085,9.34253451376357E-06,1.00145435301203,1.16781681422045E-05,1.25181794126504,56.5458387148621,15.0001231148751,15.0000034579312,""
59792.6705994606,14.999999878339,9.34164146976063E-06,1.00159865837154,1.16770518372008E-05,1.25199832296442,56.545866592703,15.000121796425,15.000002157707,""
59808.1150996685,14.9999999024207,9.33843466379111E-06,1.00174288870476,1.16730433297389E-05,1.25217861088095,56.5459089755014,15.0001203503298,15.0000007362248,""
59823.5614690781,14.9999999562701,9.33461627141892E-06,1.00188712128919,1.16682703392736E-05,1.25235890161149,56.5459594362668,15.0001189040597,14.9999993145705,""
59839.0059690475,14.9999999600433,9.33121509358038E-06,1.0020312495619,1.16640188669755E-05,1.25253906195238,56.545973292344,15.0001183899109,14.9999988190897,""
59854.4523384571,14.9999999537436,9.32792363606857E-06,1.00217537232759,1.16599045450857E-05,1.25271921540949,56.5459667963646,15.0001178757,14.9999983235489,""
59869.8968384266,15.0000000324718,9.32490769848311E-06,1.00231940148898,1.16561346231039E-05,1.25289925186123,56.5459440597207,15.000117569427,14.9999980372553,""
59885.3432080746,15.000000128326,9.32196413229301E-06,1.00246342795072,1.16524551653663E-05,1.25307928493839,56.545912292653,15.0001172631169,14.9999977509271,""
59900.7877080441,14.9999999093116,9.31839354061359E-06,1.00260735538323,1.1647991925767E-05,1.25325919422904,56.5458948689501,15.0001195595004,15.000000074223,""
59916.234077692,14.9999996268503,9.31465657639578E-06,1.00275127865749,1.16433207204947E-05,1.25343909832187,56.5458854094358,15.0001218561619,15.0000023978002,""
59931.6785776615,14.9999999611164,9.31149125110559E-06,1.00289510205548,1.1639364063882E-05,1.25361887756935,56.5458887154123,15.0001228871945,15.0000034464419,""
59947.1249473095,15.0000004197155,9.30847668635235E-06,1.00303892104563,1.16355958579404E-05,1.25379865130703,56.5458991092635,15.0001239183518,15.0000044952106,""
59962.569447279,15.0000002055467,9.30507660395985E-06,1.00318264304114,1.16313457549498E-05,1.25397830380143,56.545927286214,15.000121648069,15.0000022480654,""
59978.015816927,14.9999998556877,9.3015739550327E-06,1.00332636136641,1.16269674437909E-05,1.25415795170801,56.545965336233,15.0001193775114,15.0000000006481,""
59993.4603168964,14.9999997449716,9.29943785076476E-06,1.0034699978579,1.16242973134559E-05,1.25433749732238,56.5459749457497,15.0001226483771,15.0000032915323,""
60008.9066865444,14.9999996824899,9.29766330185501E-06,1.00361363467157,1.16220791273188E-05,1.25451704333946,56.5459687838861,15.0001259196388,15.0000065828148,""
60024.3511865139,14.9999996937439,9.29445394291989E-06,1.00375718860105,1.16180674286499E-05,1.25469648575132,56.5459798471039,15.0001339057181,15.0000145905404,""
60039.7975561619,14.9999997198858,9.29086396436124E-06,1.00390074255423,1.16135799554516E-05,1.25487592819278,56.5460004604472,15.0001418927641,15.0000225992354,""
60055.2420561314,14.9999998751984,9.28917958752675E-06,1.00404422090318,1.16114744844084E-05,1.25505527612898,56.546073824635,15.0001450532237,15.0000257791047,""
60070.6884255409,15.0000000566269,9.28800003224805E-06,1.00418770118392,1.16100000403101E-05,1.25523462647991,56.5461764275481,15.0001482140658,15.000028959359,""
60086.1329255104,14.9999997945322,9.28478431644158E-06,1.00433110384872,1.1605980395552E-05,1.2554138798109,56.5461777825863,15.0001496276639,15.0000303939597,""
60101.5792951584,14.9999994427517,9.28102818548296E-06,1.00447450789506,1.16012852318537E-05,1.25559313486883,56.5461230743088,15.0001510414331,15.000031828734,""
60117.0237951279,14.9999996175217,9.2781826068035E-06,1.00461781694559,1.15977282585044E-05,1.25577227118199,56.5460982752596,15.0001552993882,15.0000361067888,""
60132.4701647758,14.9999998988104,9.27557814740525E-06,1.00476112274626,1.15944726842566E-05,1.25595140343282,56.5460900243218,15.0001595578588,15.0000403853615,""
60147.9146647453,14.9999998920522,9.27199400585662E-06,1.00490433248922,1.15899925073208E-05,1.25613041561152,56.5461017575203,15.0001623326828,15.0000431811712,""
60163.3610343933,14.9999998270016,9.26814930625627E-06,1.00504753867617,1.15851866328203E-05,1.25630942334522,56.5461245469825,15.0001651078427,15.0000459773193,""
60178.8055346012,15.0000000581984,9.26599023674547E-06,1.00519065972039,1.15824877959318E-05,1.25648832465049,56.5460110218379,15.0001616077565,15.0000424944467,""
60194.2519040108,15.0000003494157,9.26427840265692E-06,1.00533378007892,1.15803480033211E-05,1.25666722509865,56.5458221138706,15.0001581072467,15.0000390111525,""
60209.6964039803,15.0000002182764,9.2616348261352E-06,1.00547682694313,1.1577043532669E-05,1.25684603367892,56.5458401978466,15.0001510870045,15.0000320140346,""
60225.1427736282,15.0000000015445,9.25874334042031E-06,1.00561987620099,1.15734291755254E-05,1.25702484525124,56.5459726602441,15.0001440659124,15.0000250160696,""
60240.5872735977,14.9999999777661,9.25531378389319E-06,1.00576282926613,1.15691422298665E-05,1.25720353658266,56.5460307775801,15.0001418526989,15.0000228225663,""
60256.0336432457,14.9999999931017,9.25174070789041E-06,1.00590577867237,1.1564675884863E-05,1.25738222334046,56.5460478475805,15.0001396392175,15.0000206287975,""
60271.4781432152,15.0000000876098,9.24882962919524E-06,1.00604863380813,1.15610370364941E-05,1.25756079226016,56.5460879443249,15.0001404567143,15.0000214665852,""
60286.9245128632,15.0000001981919,9.24609410983874E-06,1.0061914857718,1.15576176372984E-05,1.25773935721475,56.5461407587771,15.0001412743101,15.0000223044744,""
60302.3690130711,14.9999999937377,9.24461696055637E-06,1.00633427313539,1.15557712006955E-05,1.25791784141923,56.5461295638726,15.000144263631,15.0000253098254,""
60317.8153822422,14.9999997253102,9.24347429583746E-06,1.00647706519222,1.15543428697968E-05,1.25809633149027,56.546083053996,15.0001472533137,15.0000283155401,""
60333.2598822117,14.9999999138914,9.24136111709846E-06,1.00661979709998,1.15517013963731E-05,1.25827474637497,56.546101587626,15.0001458124647,15.0000268943154,""
60348.7062518597,15.0000001953155,9.23898935586559E-06,1.00676253487739,1.1548736694832E-05,1.25845316859674,56.5461559891795,15.0001443714413,15.0000254729185,""
60364.1507518291,15.0000001456139,9.23501337383638E-06,1.00690517273733,1.15437667172955E-05,1.25863146592167,56.5462656728305,15.0001351725425,15.0000162974623,""
60379.5971214771,15.0000000286157,9.23060970297783E-06,1.00704780586143,1.15382621287223E-05,1.25880975732679,56.5464058430563,15.00012597253,15.0000071208953,""
60395.0416214466,15.0000001564537,9.22605507990088E-06,1.0071903119676,1.15325688498761E-05,1.2589878899595,56.5465043905344,15.0001195232545,15.000000694624,""
60410.4879910946,15.0000003340942,9.22145955403532E-06,1.0073328060901,1.15268244425441E-05,1.25916600761262,56.5465800303251,15.0001130731983,14.9999942675746,""
60425.9324910641,15.0000003209777,9.21903069829926E-06,1.00747520433984,1.15237883728741E-05,1.2593440054248,56.5465752463965,15.0001123234613,14.9999935347218,""
60441.3788607121,15.0000002690486,9.21717879469122E-06,1.00761759887535,1.1521473493364E-05,1.25952199859419,56.5465261868633,15.0001115736335,14.9999928017802,""
60456.8233606815,14.9999999736919,9.21526042181137E-06,1.00775992998199,1.15190755272642E-05,1.25969991247748,56.5464941701393,15.0001106812127,14.9999919297458,""
60472.2697303295,14.9999996287357,9.21332403578102E-06,1.00790226600357,1.15166550447263E-05,1.25987783250446,56.5464715248212,15.0001097886838,14.9999910576057,""
60487.714230299,14.9999999966322,9.20971539969734E-06,1.00804451174441,1.15121442496217E-05,1.26005563968051,56.5464679707919,15.0001092187926,14.9999905124288,""
60503.160599947,15.0000005097893,9.2056602347444E-06,1.00818675522049,1.15070752934305E-05,1.26023344402562,56.5464749150859,15.0001086488324,14.9999899671858,""
60518.6050999165,15.00000031069,9.20239053380742E-06,1.0083288947277,1.15029881672593E-05,1.26041111840963,56.5464723991339,15.0001077070284,14.999989043151,""
60534.051469326,14.99999996639,9.19932990060555E-06,1.00847102829098,1.14991623757569E-05,1.26058878536372,56.5464646829289,15.0001067651104,14.9999881190044,""
60549.4959692955,15.0000000591484,9.19793558452641E-06,1.0086130957647,1.1497419480658E-05,1.26076636970588,56.5464745001567,15.0001097935259,14.9999911637789,""
60564.9423389435,15.0000002410544,9.19698583932148E-06,1.00875516738586,1.14962322991518E-05,1.26094395923233,56.5464939513019,15.0001128223081,14.999994208922,""
60580.386838913,15.0000001021622,9.19411203400519E-06,1.00889716893633,1.14926400425065E-05,1.26112146117041,56.5465096257284,15.0001194525424,15.0000008608784,""
60595.8332085609,14.999999897787,9.19072397861853E-06,1.00903917355583,1.14884049732732E-05,1.26129896694478,56.5465232294331,15.0001260835794,15.00000751364,""
60611.2777085304,15.0000000771391,9.18793780784593E-06,1.00918108768996,1.14849222598074E-05,1.26147635961245,56.5464724829669,15.0001293717562,15.0000108215505,""
60626.7240781784,15.0000003348681,9.18531201025046E-06,1.00932299941948,1.14816400128131E-05,1.26165374927435,56.5463864132955,15.000132660331,15.0000141298615,""
60642.1685783863,15.0000001486288,9.18177939638071E-06,1.0094648159618,1.14772242454759E-05,1.26183101995225,56.5463784585894,15.0001354112282,15.0000169014751,""
60657.6149477959,14.9999998716576,9.17800386744793E-06,1.00960662881424,1.14725048343099E-05,1.2620082860178,56.5464133471643,15.0001381624584,15.0000196734243,""
60673.0594477654,14.9999998220112,9.17664555345661E-06,1.00974836981763,1.14708069418208E-05,1.26218546227204,56.5464463024379,15.0001397340891,15.0000212576219,""
60688.5058174133,14.9999998188286,9.17593338685885E-06,1.00989011335531,1.14699167335736E-05,1.26236264169414,56.5464782040648,15.00014130591,15.0000228420114,""
60703.9503173828,14.999999902398,9.17425891776175E-06,1.01003180751595,1.14678236472022E-05,1.26253975939493,56.5464795459591,15.0001385318199,15.0000200880182,""
60719.3966870308,15.0000000037245,9.1723267618853E-06,1.01017351020943,1.14654084523566E-05,1.26271688776178,56.5464641443287,15.0001357573939,15.0000173336917,""
60734.8411870003,15.000000048452,9.16912775859906E-06,1.01031512909877,1.14614096982488E-05,1.26289391137347,56.5463808212433,15.0001300439044,15.000011637691,""
60750.2875564098,15.0000000816021,9.16558921547062E-06,1.01045674728965,1.14569865193383E-05,1.26307093411206,56.5462602878622,15.0001243297234,15.0000059410009,""
60765.7320563793,15.0000000908391,9.16281903927648E-06,1.01059827398705,1.14535237990956E-05,1.26324784248381,56.5462717349023,15.0001213937183,15.0000030250074,""
60781.1784260273,15.0000000951803,9.16025416797458E-06,1.01073979790677,1.14503177099682E-05,1.26342474738347,56.5463554200612,15.0001184573579,15.0000001086609,""
60796.6229259968,15.0000000499691,9.15759620147091E-06,1.01088124076688,1.14469952518386E-05,1.2636015509586,56.5463698772782,15.0001215932126,15.0000032598953,""
60812.0692956448,14.9999999945974,9.15491288984416E-06,1.01102268362317,1.14436411123052E-05,1.26377835452896,56.546346467191,15.0001247294469,15.0000064115112,""
60827.5137956142,15.0000001003629,9.15139672098623E-06,1.01116403112365,1.14392459012328E-05,1.26395503890456,56.5462522759148,15.0001297559039,15.0000114610126,""
60842.9601652622,15.0000002391822,9.14765681915267E-06,1.01130537476698,1.14345710239408E-05,1.26413171845873,56.546119367815,15.0001347829694,15.0000165111252,""
60858.4046652317,14.9999999183793,9.14506131113571E-06,1.01144662787495,1.14313266389196E-05,1.26430828484369,56.5461622582887,15.0001370197155,15.0000187648012,""
60873.8510348797,14.9999995032365,9.14277221975076E-06,1.01158787839446,1.14284652746884E-05,1.26448484799307,56.5463012226925,15.0001392567324,15.0000210187499,""
60889.2955348492,14.9999998811286,9.14023660278489E-06,1.01172905225225,1.14252957534811E-05,1.26466131531531,56.5463123309183,15.0001388112192,15.0000205936464,""
60904.7419044971,15.000000421866,9.13763447333875E-06,1.01187022722196,1.14220430916734E-05,1.26483778402745,56.5462536106594,15.0001383656521,15.0000201684915,""
60920.1864044666,15.0000003342195,9.13509960301082E-06,1.01201132276688,1.14188745037635E-05,1.26501415345861,56.5462250253522,15.0001330956952,15.0000149132004,""
60935.6327741146,15.0000001174925,9.13258239165915E-06,1.01215241866325,1.14157279895739E-05,1.26519052332907,56.5462128846307,15.0001278251003,15.0000096572731,""
60951.0772740841,14.9999999847314,9.13044801776625E-06,1.01229344209273,1.14130600222078E-05,1.26536680261591,56.5463065116704,15.000125162927,15.0000070152916,""
60966.5236437321,14.9999998692076,9.12841609109241E-06,1.01243446772311,1.14105201138655E-05,1.26554308465389,56.5464578616768,15.0001225004314,15.0000043729903,""
60981.9681437016,15.0000000083239,9.12653269494125E-06,1.0125754290987,1.14081658686766E-05,1.26571928637337,56.5464111404852,15.0001226598198,15.0000045465287,""
60997.4145131111,15.0000001998246,9.12468890096787E-06,1.01271639486252,1.14058611262098E-05,1.26589549357815,56.5462564028797,15.0001228192275,15.0000047200882,""
61012.859013319,14.999999906138,9.12307819998218E-06,1.01285730227463,1.14038477499777E-05,1.26607162784329,56.5462046110369,15.0001234230613,15.000005338699,""
61028.3053827286,14.9999995125759,9.12152988177408E-06,1.01299821564389,1.14019123522176E-05,1.26624776955487,56.5462089158017,15.0001240269683,15.0000059573848,""
61043.7498826981,14.9999996489804,9.11839249674104E-06,1.01313904971839,1.13979906209263E-05,1.26642381214799,56.5462647310292,15.0001264293099,15.0000083770735,""
61059.196252346,14.9999998945156,9.11482747387706E-06,1.01327988410916,1.13935343423463E-05,1.26659985513645,56.5463486154406,15.0001288319423,15.0000107970552,""
61074.6407523155,14.999999896059,9.11194419914323E-06,1.01342062519661,1.1389930248929E-05,1.26677578149576,56.5463911383773,15.0001308687487,15.0000128509845,""
61090.0871219635,14.9999998473392,9.10924382206793E-06,1.01356136281201,1.13865547775849E-05,1.26695170351501,56.5464111508137,15.0001329058016,15.0000149051624,""
61105.531621933,14.9999997428375,9.107508177495E-06,1.01370203256174,1.13843852218688E-05,1.26712754070217,56.5463939719744,15.0001321135852,15.000014127621,""
61120.977991581,14.9999996268225,9.10603182272191E-06,1.01384270566334,1.13825397784024E-05,1.26730338207917,56.546356552594,15.0001313212729,15.0000133499855,""
61136.4224917889,14.9999997166431,9.10297157093065E-06,1.01398330134116,1.13787144636633E-05,1.26747912667644,56.5463683083356,15.0001288312968,15.0000108812002,""
61151.8688611984,14.9999998489299,9.09948452281993E-06,1.01412389777587,1.13743556535249E-05,1.26765487221983,56.5464068103249,15.0001263410193,15.000008412116,""
61167.3133611679,14.9999998515346,9.09644442064273E-06,1.01426439923333,1.13705555258034E-05,1.26783049904166,56.5464196074467,15.0001264134708,15.0000084990693,""
61182.7597308159,14.9999998273772,9.09352420529092E-06,1.01440489670362,1.13669052566136E-05,1.26800612087952,56.546418434698,15.000126485931,15.0000085860332,""
61198.2042307854,14.9999999560166,9.09106683289073E-06,1.01454531325369,1.13638335411134E-05,1.26818164156711,56.5464623366517,15.0001282423298,15.0000103592505,""
61213.6506001949,15.0000001162258,9.08873377218272E-06,1.01468572957971,1.13609172152284E-05,1.26835716197464,56.54653073483,15.0001299989411,15.0000121326825,""
61229.0951001644,14.9999999585194,9.08702117832713E-06,1.01482608172576,1.13587764729089E-05,1.2685326021572,56.5465891679005,15.0001276177442,15.0000097693256,""
61244.5414698124,14.9999997351047,9.08547554744583E-06,1.01496643814367,1.13568444343073E-05,1.26870804767959,56.5466422009493,15.0001252362591,15.0000074056826,""
61259.9859697819,15.0000001503986,9.08206038901723E-06,1.01510671108996,1.13525754862715E-05,1.26888338886245,56.5465816809977,15.0001203148752,15.0000025033507,""
61275.4323394299,15.0000006977959,9.07814061628923E-06,1.01524698308925,1.13476757703615E-05,1.26905872886156,56.5464595245219,15.0001153928955,14.9999976004254,""
61290.8768393993,15.0000005585871,9.0742269007466E-06,1.0153871428426,1.13427836259332E-05,1.26923392855326,56.5463954152325,15.0001117349755,14.9999939626753,""
61306.3232090473,15.0000002773296,9.07031421755446E-06,1.01552729386178,1.13378927719431E-05,1.26940911732723,56.5463627794642,15.0001080766127,14.9999903244848,""
61321.7677090168,15.0000000237441,9.06879630076296E-06,1.01566736972699,1.13359953759537E-05,1.26958421215874,56.5463732053831,15.0001081289359,14.9999903914612,""
61337.2140786648,14.999999775849,9.06792442776287E-06,1.01580744684391,1.13349055347036E-05,1.26975930855489,56.5464069780256,15.0001081812655,14.9999904584457,""
61352.6585786343,15.0000000078044,9.06655509698539E-06,1.01594747811467,1.13331938712317E-05,1.26993434764333,56.5463129134009,15.0001082918778,14.9999905825333,""
61368.1049482822,15.0000003391705,9.06505124772069E-06,1.01608751853618,1.13313140596509E-05,1.27010939817023,56.5461495643556,15.0001084025034,14.999990706636,""
61383.5494482517,15.0000005136363,9.0651279139027E-06,1.01622752984384,1.13314098923784E-05,1.2702844123048,56.5462062541754,15.0001047476954,14.9999870588876,""
61398.9958178997,15.0000006556146,9.06563149971917E-06,1.01636755481528,1.1332039374649E-05,1.27045944351911,56.5463821163003,15.000101092445,14.9999834106977,""
61414.4403178692,15.0000003104248,9.06372157710355E-06,1.01650753780532,1.13296519713794E-05,1.27063442225665,56.5464161760742,15.000096675151,14.9999790102461,""
61429.8866875172,14.9999998641736,9.06115917091189E-06,1.01664753097623,1.13264489636399E-05,1.27080941372029,56.5463734901332,15.0000922573222,14.9999746092618,""
61445.3311874866,14.9999999943448,9.0600941460739E-06,1.01678746802102,1.13251176825924E-05,1.27098433502628,56.5464933189185,15.0000908953213,14.9999732532599,""
61460.7775568962,15.0000002441223,9.05943376390642E-06,1.01692741141058,1.1324292204883E-05,1.27115926426323,56.5467010861976,15.0000895331555,14.9999718970939,""
61476.2220568657,15.0000002582124,9.05662746736544E-06,1.01706728866044,1.13207843342068E-05,1.27133411082555,56.5466740777785,15.000087092378,14.9999694739705,""
61491.6684265137,15.000000223379,9.05324035294022E-06,1.01720716953452,1.13165504411753E-05,1.27150896191815,56.5465201243819,15.0000846513051,14.9999670505538,""
61507.1129267216,15.0000001093933,9.0520037650407E-06,1.0173469843478,1.13150047063009E-05,1.27168373043475,56.5465549498893,15.0000837662051,14.9999661722248,""
61522.5592961311,14.9999999789505,9.05134887471268E-06,1.01748680278692,1.13141860933908E-05,1.27185850348366,56.5466917977701,15.0000828809979,14.9999652937895,""
61538.0037961006,14.9999998928937,9.04821586684739E-06,1.01762655010675,1.13102698335592E-05,1.27203318763344,56.546756097746,15.000084545642,14.9999669772324,""
61553.4501657486,14.9999998160492,9.04441155715253E-06,1.01776629967123,1.13055144464407E-05,1.27220787458903,56.5467812257471,15.0000862104876,14.9999686608791,""
61568.8946657181,15.0000000460909,9.04016632207951E-06,1.01790593303531,1.13002079025994E-05,1.27238241629414,56.5467545399433,15.0000851953704,14.9999676633058,""
61584.3410353661,15.0000003399841,9.03580102446127E-06,1.01804555641203,1.12947512805766E-05,1.27255694551504,56.5466998788055,15.0000841801303,14.9999666656119,""
61599.7855353355,15.0000003539009,9.03224948081928E-06,1.01818506935694,1.12903118510241E-05,1.27273133669618,56.546690330408,15.0000812019133,14.9999637050134,""
61615.2319049835,15.0000003095638,9.02891786419092E-06,1.01832457384713,1.12861473302387E-05,1.27290571730891,56.5467051202456,15.0000782233357,14.9999607440565,""
61630.6764051914,15.0000001324031,9.02604635102236E-06,1.01846398759119,1.1282557938778E-05,1.27307998448898,56.546616741588,15.0000778052454,14.9999603418403,""
61646.122774601,14.999999927563,9.02329910807545E-06,1.01860339818515,1.12791238850943E-05,1.27325424773144,56.5464727127894,15.0000773871044,14.9999599395753,""
61661.5672745705,14.9999999135978,9.02067407110404E-06,1.01874272703356,1.12758425888801E-05,1.27342840879195,56.546453343281,15.0000773245357,14.9999598978371,""
61677.01364398,14.9999999393933,9.01808176885606E-06,1.01888205515291,1.12726022110701E-05,1.27360256894114,56.5465011570195,15.0000772619595,14.999959856094,""
61692.4581439495,15.0000000194421,9.01493754394362E-06,1.01902129489516,1.12686719299295E-05,1.27377661861895,56.5464675029992,15.000075145445,14.9999577574813,""
61707.9045135975,15.0000001108111,9.0116431048436E-06,1.01916053209005,1.12645538810545E-05,1.27395066511256,56.5463899578809,15.0000730286742,14.9999556586146,""
61723.349013567,14.9999998576083,9.00814849025325E-06,1.01929966929623,1.12601856128166E-05,1.27412458662029,56.5463405563498,15.0000699446491,14.9999525972992,""
61738.795383215,14.9999995325037,9.00459900879361E-06,1.01943880077993,1.1255748760992E-05,1.27429850097491,56.5463062978653,15.0000668602506,14.9999495356132,""
61754.2398831844,14.999999797781,9.00189221528031E-06,1.01957784220718,1.12523652691004E-05,1.27447230275898,56.5463084402308,15.0000662436121,14.9999489360219,""
61769.6862528324,15.0000001863008,8.99941381612357E-06,1.01971688058424,1.12492672701545E-05,1.2746461007303,56.5463301704488,15.0000656268989,14.9999483363579,""
61785.1307528019,15.000000079257,8.99632190920754E-06,1.01985583245037,1.12454023865094E-05,1.27481979056296,56.546242429361,15.0000667568611,14.9999494903582,""
61800.5771224499,14.9999998687204,8.99306287090055E-06,1.01999478220696,1.12413285886257E-05,1.2749934777587,56.5460957963056,15.0000678869601,14.9999506444982,""
61816.0216224194,14.9999998497915,8.99090748471186E-06,1.02013365303077,1.12386343558898E-05,1.27516706628847,56.5460802554108,15.0000707961284,14.9999535683007,""
61831.4679920673,14.9999998708922,8.98905169727623E-06,1.02027252378377,1.12363146215953E-05,1.27534065472971,56.5461351778172,15.000073705649,14.9999564924571,""
61846.9124920368,15.0000001346865,8.98524707588427E-06,1.0204113025535,1.12315588448553E-05,1.27551412819187,56.5461834735065,15.0000754856761,14.9999582949932,""
61862.3588616848,15.0000004492549,8.98091201917614E-06,1.02055007768272,1.12261400239702E-05,1.27568759710339,56.5462282180086,15.0000772659188,14.9999600977475,""
61877.8033616543,15.0000001426299,8.97842412036528E-06,1.02068875926798,1.12230301504566E-05,1.27586094908497,56.5462213014923,15.0000792479267,14.9999621003533,""
61893.2497310638,14.999999706023,8.97643826299633E-06,1.02082743676221,1.12205478287454E-05,1.27603429595277,56.5461866438098,15.0000812301745,14.9999641032015,""
61908.6942310333,14.9999997069941,8.97260312982686E-06,1.02096602068641,1.12157539122836E-05,1.27620752585802,56.5461301886581,15.0000842643989,14.9999671606852,""
61924.1406006813,14.9999997995485,8.96826418642753E-06,1.02110460048992,1.12103302330344E-05,1.2763807506124,56.5460620248756,15.0000872989906,14.9999702185391,""
61939.5851006508,14.9999999418599,8.96564826952369E-06,1.02124308478101,1.12070603369046E-05,1.27655385597626,56.5459680065237,15.0000881081528,14.9999710456543,""
61955.0314702988,15.0000000946121,8.96350101889472E-06,1.02138156439876,1.12043762736184E-05,1.27672695549845,56.5458601026065,15.0000889174129,14.9999718728697,""
61970.4759705067,15.0000000458222,8.9609973332485E-06,1.02151996961946,1.12012466665606E-05,1.27689996202433,56.5458685521428,15.000090384041,14.9999733583838,""
61985.9223399162,14.999999954794,8.95839618552429E-06,1.02165837589131,1.11979952319054E-05,1.27707296986414,56.5459393805955,15.0000918508467,14.9999748440777,""
62001.3668398857,14.9999997056219,8.95723858403505E-06,1.02179672456352,1.11965482300438E-05,1.2772459057044,56.5460523528905,15.0000958526988,14.9999788604342,""
62016.8132095337,14.9999994232565,8.9564741309897E-06,1.02193507885244,1.11955926637371E-05,1.27741884856555,56.5461879275614,15.0000998550355,14.999982877277,""
62032.2577095032,14.9999995036877,8.95381114950764E-06,1.02207336851365,1.11922639368845E-05,1.27759171064206,56.5461759201409,15.0001093225143,14.9999923663831,""
62047.7040791512,14.9999996602399,8.95063023584677E-06,1.02221166186243,1.11882877948085E-05,1.27776457732804,56.5460848756794,15.0001187911393,15.0000018566379,""
62063.1485791206,14.9999999063951,8.94934040682054E-06,1.02234989047572,1.11866755085257E-05,1.27793736309465,56.5460827180208,15.0001257940466,15.0000088681306,""
62078.5949487686,15.0000001713947,8.9485660960454E-06,1.02248812273211,1.11857076200567E-05,1.27811015341514,56.5461281362472,15.0001327978016,15.0000158804721,""
62094.0394489765,15.0000002061184,8.94744982566333E-06,1.02262631418467,1.11843122820792E-05,1.27828289273083,56.5462018408417,15.0001324236061,15.0000155207558,""
62109.4858183861,15.0000001924824,8.94624008710439E-06,1.0227645157933,1.11828001088805E-05,1.27845564474162,56.5462906912192,15.0001320493652,15.0000151609961,""
62124.9303183556,15.0000001052918,8.94474720659805E-06,1.02290266694552,1.11809340082476E-05,1.27862833368189,56.5464100692794,15.0001276135279,15.0000107392124,""
62140.3766877651,15.0000000026307,8.94317681338266E-06,1.02304082561223,1.11789710167283E-05,1.27880103201529,56.5465457919152,15.0001231771536,15.0000063168936,""
62155.8211877346,15.00000005432,8.94048879449593E-06,1.02317891218983,1.11756109931199E-05,1.27897364023728,56.5466116574391,15.0001200356209,15.0000031913554,""
62171.2675573826,15.0000001384727,8.93749517643334E-06,1.02331700036295,1.11718689705417E-05,1.27914625045369,56.5466402042308,15.0001168937079,15.000000065439,""
62186.7120573521,15.0000000965217,8.93497532485273E-06,1.02345500650655,1.11687191560659E-05,1.27931875813319,56.5467725153676,15.0001171401337,15.0000003227906,""
62202.158427,15.0000000280328,8.93258451033255E-06,1.02359301151173,1.11657306379157E-05,1.27949126438967,56.546960272171,15.0001173865893,15.0000005801734,""
62217.6029269695,15.0000001286662,8.93133318271749E-06,1.0237309594111,1.11641664783969E-05,1.27966369926388,56.5470595126322,15.0001132247176,14.9999964321724,""
62233.0492966175,15.0000002649179,8.93039308705467E-06,1.02386891296704,1.11629913588183E-05,1.27983614120881,56.5471115196774,15.000109062342,14.9999922836692,""
62248.493796587,15.0000003144271,8.9266068743585E-06,1.02400678305869,1.11582585929481E-05,1.28000847882336,56.5472168903734,15.0001086561929,14.9999918976407,""
62263.940166235,15.0000003456719,8.92204188880014E-06,1.02414465158315,1.11525523610002E-05,1.28018081447894,56.5473507520497,15.0001082499946,14.9999915115654,""
62279.3846662045,15.0000001741125,8.91903084208834E-06,1.02428241669465,1.11487885526104E-05,1.28035302086831,56.5476343934361,15.0001113436319,14.9999946186546,""
62294.8310358524,14.9999999597841,8.91644439566905E-06,1.02442017475809,1.11455554945863E-05,1.28052521844761,56.5479979576747,15.0001144376436,14.9999977261199,""
62310.2755358219,15.000000153194,8.91409931869466E-06,1.02455785714475,1.11426241483683E-05,1.28069732143093,56.5481841131539,15.0001164726931,14.9999997766537,""
62325.7219054699,15.0000004326188,8.91181993301152E-06,1.02469554005054,1.11397749162644E-05,1.28086942506318,56.548275750231,15.000118507989,15.0000018274357,""
62341.1664054394,15.0000001530919,8.91061552641844E-06,1.02483316761703,1.11382694080231E-05,1.28104145952129,56.5484285738178,15.0001169814051,15.0000003138759,""
62356.6127748489,14.99999975558,8.90970523923521E-06,1.02497080125302,1.1137131549044E-05,1.28121350156627,56.5486140187236,15.0001154546365,14.9999988001329,""
62372.0572748184,14.999999730902,8.9061896458238E-06,1.02510835591644,1.11327370572797E-05,1.28138544489555,56.5487777605397,15.0001150268272,14.999998393351,""
62387.5036444664,14.9999997849375,8.9019599264966E-06,1.02524591016201,1.11274499081208E-05,1.28155738770252,56.5489299780495,15.0001145989661,14.9999979865199,""
62402.9481444359,14.9999997896199,8.89901054095508E-06,1.02538336497694,1.11237631761938E-05,1.28172920622117,56.5489692342429,15.0001163343867,14.9999997382662,""
62418.3945140839,14.9999997838768,8.89641153130883E-06,1.02552081374596,1.1120514414136E-05,1.28190101718245,56.5489483894509,15.0001180700175,15.0000014902246,""
62433.8390140533,14.999999843557,8.89379249742154E-06,1.02565818255695,1.11172406217769E-05,1.28207272819619,56.5489964057849,15.000119174222,15.000002612453,""
62449.2853837013,14.9999999170748,8.89116757024095E-06,1.02579555063704,1.11139594628012E-05,1.28224443829631,56.5490810534087,15.0001202785602,15.0000037348173,""
62464.7298839092,14.999999990233,8.88832623920748E-06,1.02593283511529,1.11104077990093E-05,1.28241604389412,56.5491041085006,15.0001179036336,15.0000013736387,""
62480.1762533188,15.0000000633258,8.88542512063212E-06,1.02607011783797,1.11067814007901E-05,1.28258764729746,56.5490944286261,15.0001155284195,14.9999990121744,""
62495.6207532883,15.0000000306961,8.88511390585568E-06,1.02620735362643,1.11063923823196E-05,1.28275919203304,56.5492199648397,15.0001115988672,14.9999950960746,""
62511.0671229362,14.9999999756884,8.88551323910141E-06,1.02634459770865,1.11068915488768E-05,1.28293074713581,56.5494173594569,15.0001076688391,14.9999911795008,""
62526.5116229057,15.0000000107105,8.88176300019047E-06,1.026481770763,1.11022037502381E-05,1.28310221345375,56.5494401102713,15.0001045142019,14.9999880472146,""
62541.9579925537,15.0000000648011,8.87687316470201E-06,1.02661894548491,1.10960914558775E-05,1.28327368185614,56.5493701332974,15.0001013591828,14.9999849145491,""
62557.4024925232,14.9999999748023,8.87382329452098E-06,1.02675601351583,1.10922791181512E-05,1.28344501689479,56.549285581282,15.0000967061172,14.9999802740664,""
62572.8488621712,14.9999998542622,8.87127822541704E-06,1.02689307339821,1.10890977817713E-05,1.28361634174777,56.5491932787082,15.0000920524883,14.999975633022,""
62588.2933623791,14.9999996847369,8.86894626755909E-06,1.02703005830929,1.10861828344489E-05,1.28378757288661,56.5491642154685,15.000088156616,14.999971755568,""
62603.7397315502,14.9999995048022,8.86667249764036E-06,1.02716704375565,1.10833406220505E-05,1.28395880469456,56.5491686896624,15.0000842602723,14.9999678776449,""
62619.1842315197,14.9999999363321,8.86447318294211E-06,1.02730395867971,1.10805914786776E-05,1.28412994834964,56.5491224234355,15.0000800657771,14.9999636980073,""
62634.6306011677,15.0000004976253,8.86229399265289E-06,1.02744087534988,1.10778674908161E-05,1.28430109418735,56.5490492497594,15.0000758707742,14.9999595178637,""
62650.0751011372,15.000000263489,8.85892544195781E-06,1.02757770427762,1.10736568024473E-05,1.28447213034703,56.5489511313707,15.0000719062934,14.9999555752176,""
62665.5214707851,14.9999998604991,8.85522933745525E-06,1.02771453019799,1.10690366718191E-05,1.28464316274748,56.548839778008,15.0000679413326,14.9999516320941,""
62680.9659707546,14.9999997674961,8.85313602240239E-06,1.02785127477011,1.1066420028003E-05,1.28481409346263,56.5487593361711,15.0000700871945,14.9999537906183,""
62696.4123404026,14.9999997403082,8.85148328786256E-06,1.0279880180723,1.10643541098282E-05,1.28498502259038,56.5486952489647,15.0000722333162,14.9999559494038,""
62711.8568403721,14.9999998921617,8.84882858451087E-06,1.02812468931027,1.10610357306386E-05,1.28515586163783,56.5486633646537,15.0000778356054,14.9999615716726,""
62727.3032100201,15.0000000820807,8.84589772532891E-06,1.02826136181427,1.10573721566611E-05,1.28532670226784,56.5486485187062,15.0000834385727,14.999967194622,""
62742.7477099895,15.0000001797511,8.84374929126226E-06,1.0283979588696,1.10546866140778E-05,1.285497448587,56.5486083797677,15.0000875884172,14.9999713603808,""
62758.1940796375,15.0000002578234,8.84181594530043E-06,1.0285345562411,1.10522699316255E-05,1.28566819530137,56.5485548535495,15.0000917387641,14.9999755266439,""
62773.638579607,15.0000001627091,8.83905962626268E-06,1.02867107754198,1.10488245328284E-05,1.28583884692747,56.5483869533431,15.0000953670027,14.9999791718036,""
62789.084949255,15.0000000307392,8.83607620007869E-06,1.02880759896901,1.10450952500984E-05,1.28600949871126,56.5481585512304,15.0000989956806,14.9999828174045,""
62804.5294492245,15.0000000810264,8.83413967942476E-06,1.02894404779104,1.1042674599281E-05,1.2861800597388,56.5480220392592,15.0001003509183,14.9999841867131,""
62819.975818634,15.0000001701146,8.83249134644438E-06,1.02908049767381,1.10406141830555E-05,1.28635062209226,56.5479340594068,15.0001017063199,14.9999855561874,""
62835.4203188419,15.0000001657965,8.83069740234877E-06,1.02921688888091,1.1038371752936E-05,1.28652111110114,56.5479209222679,15.000099883717,14.999983745958,""
62850.8666882515,15.0000001415847,8.82886303914661E-06,1.02935328496996,1.10360787989333E-05,1.28669160621245,56.5479473105701,15.0000980608936,14.9999819355095,""
62866.311188221,14.9999999919927,8.82596064317809E-06,1.02948960363943,1.10324508039726E-05,1.28686200454929,56.5478365783335,15.0000967703582,14.9999806640965,""
62881.757557869,14.9999998156606,8.82276323596255E-06,1.02962592200986,1.10284540449532E-05,1.28703240251232,56.547653444723,15.0000954796666,14.9999793925295,""
62897.2020578384,14.9999998438443,8.82018499472875E-06,1.02976215603264,1.10252312434109E-05,1.2872026950408,56.5474844169971,15.0000953587048,14.9999792891497,""
62912.6484274864,14.9999999156391,8.8177771947446E-06,1.02989838782504,1.10222214934307E-05,1.28737298478129,56.5473228000061,15.0000952377283,14.9999791857573,""
62928.0929274559,15.0000000555668,8.81541530892705E-06,1.03003454554806,1.10192691361588E-05,1.28754318193507,56.5472275402911,15.000093004885,14.9999769666649,""
62943.5392971039,15.0000002100507,8.8130657323076E-06,1.03017070385801,1.10163321653845E-05,1.28771337982252,56.5471672530401,15.0000907717713,14.9999747473039,""
62958.9837973118,15.0000000873669,8.80997093780055E-06,1.03030677730456,1.10124636722507E-05,1.28788347163071,56.5470776564231,15.0000919626584,14.9999759575288,""
62974.4301667213,14.9999999054991,8.80666986811911E-06,1.03044284833254,1.10083373351489E-05,1.28805356041567,56.5469725967435,15.0000931536896,14.9999771679001,""
62989.8746666908,14.999999803974,8.80281077744585E-06,1.03057881437474,1.10035134718073E-05,1.28822351796843,56.546847525333,15.0001028919593,14.9999869278552,""
63005.3210363388,14.9999997195943,8.7987969225918E-06,1.03071477241849,1.09984961532398E-05,1.28839346552311,56.5467118899532,15.0001126314079,14.9999966889919,""
63020.7655363083,14.999999770116,8.79747064842117E-06,1.03085065837662,1.09968383105265E-05,1.28856332297078,56.5466304805028,15.0001198609611,15.0000039308178,""
63036.2119057179,14.9999998494752,8.79688700449212E-06,1.03098654540531,1.09961087556152E-05,1.28873318175663,56.546577603338,15.0001270913893,15.0000111735202,""
63051.6564056873,15.0000000332032,8.7934210974394E-06,1.03112235734472,1.09917763717992E-05,1.28890294668091,56.5464754328513,15.0001259204882,15.0000100265509,""
63067.1027753353,15.000000239276,8.78915766643603E-06,1.03125816950759,1.0986447083045E-05,1.28907271188448,56.5463473068375,15.0001247494455,15.0000088794427,""
63082.5472753048,15.0000002024775,8.7866266722266E-06,1.03139388882851,1.09832833402833E-05,1.28924236103564,56.5463459731689,15.0001213702839,15.0000055126661,""
63097.9936449528,15.0000001137091,8.78457453786922E-06,1.03152960344115,1.09807181723365E-05,1.28941200430144,56.546411317796,15.0001179907132,15.0000021454819,""
63113.4381449223,15.0000000524956,8.78201443916536E-06,1.03166524412969,1.09775180489567E-05,1.28958155516211,56.5462999200022,15.0001168201898,15.000000996189,""
63128.8845145702,14.999999997172,8.77931336393909E-06,1.03180088532425,1.09741417049239E-05,1.28975110665532,56.5460956047672,15.0001156495246,14.9999998467569,""
63144.3290145397,15.0000000573194,8.77652620941731E-06,1.03193644342523,1.09706577617716E-05,1.28992055428153,56.5459893994973,15.000113333898,14.9999975484567,""
63159.7753841877,15.00000014221,8.77371479106651E-06,1.03207199947382,1.09671434888331E-05,1.29008999934227,56.545934714159,15.000111017991,14.9999952498783,""
63175.2198841572,15.0000001376345,8.77057701748194E-06,1.0322074660647,1.09632212718524E-05,1.29025933258088,56.5458238964634,15.0001092810701,14.9999935328722,""
63190.6662538052,15.0000001138832,8.76734836104262E-06,1.0323429288183,1.09591854513033E-05,1.29042866102287,56.545683586426,15.000107543939,14.9999918156583,""
63206.1107537746,15.0000001485937,8.7642430409517E-06,1.03247829898566,1.09553038011896E-05,1.29059787373208,56.5456076564244,15.0001050587683,14.9999893500511,""
63221.5571234226,15.0000001958466,8.76117141866679E-06,1.03261366442515,1.09514642733335E-05,1.29076708053144,56.5455654965503,15.0001025732967,14.9999868841454,""
63237.0016233921,15.0000000750745,8.75932185097426E-06,1.03274895806626,1.09491523137178E-05,1.29093619758282,56.5454431391613,15.0001009435661,14.9999852700433,""
63252.4479930401,14.9999999182307,8.75781078842345E-06,1.0328842527216,1.09472634855293E-05,1.291105315902,56.5452786972164,15.0000993136381,14.9999836557459,""
63267.8924930096,14.9999996533743,8.75658505255736E-06,1.03301949886499,1.09457313156967E-05,1.29127437358123,56.5452107045042,15.0001029529324,14.9999873110988,""
63283.3388624191,14.9999993652889,8.75543826257106E-06,1.03315475246505,1.09442978282138E-05,1.29144344058131,56.5451932577883,15.0001065926672,14.9999909668942,""
63298.783362627,14.9999996373712,8.75342107635374E-06,1.03328994852294,1.09417763454422E-05,1.29161243565368,56.5451258620504,15.0001126119534,14.9999969996106,""
63314.2297320366,15.0000000298296,8.75116206976404E-06,1.03342514951707,1.0938952587205E-05,1.29178143689633,56.5450322847226,15.0001186319682,15.0000030330572,""
63329.6742320061,15.0000000390536,8.74814391866239E-06,1.03356026780216,1.0935179898328E-05,1.2919503347527,56.5448067523503,15.0001201090971,15.000004530807,""
63345.1206016541,14.9999999659048,8.74491457056615E-06,1.03369538402525,1.09311432132077E-05,1.29211923003156,56.5445120819303,15.0001215864048,15.0000060287382,""
63360.5651016235,15.0000000586387,8.74162460373043E-06,1.03383040488245,1.0927030754663E-05,1.29228800610307,56.5443782081832,15.0001202691846,15.0000047264903,""
63376.0114712715,15.0000001870623,8.73831729367259E-06,1.03396542014032,1.09228966170907E-05,1.2924567751754,56.54432846354,15.0001189518048,15.0000034240848,""
63391.455971241,15.0000000620481,8.73646464890544E-06,1.03410036157222,1.09205808111318E-05,1.29262545196527,56.5442919001897,15.0001166700193,15.0000011596949,""
63406.902340889,14.9999998824776,8.73501586432939E-06,1.03423530336745,1.09187698304117E-05,1.29279412920931,56.544262224895,15.0001143879576,14.999998895031,""
63422.3468410969,14.9999999738749,8.73181868103081E-06,1.03437016680506,1.09147733512885E-05,1.29296270850633,56.544270341989,15.0001147036903,14.9999992306412,""
63437.7932105064,15.0000001236292,8.72813504007902E-06,1.03450502932276,1.09101688000988E-05,1.29313128665345,56.5442982182006,15.0001150194613,14.9999995662919,""
63453.2377104759,15.0000000647958,8.72605011837919E-06,1.03463981117923,1.0907562647974E-05,1.29329976397404,56.5442589769079,15.0001168486056,15.0000014062826,""
63468.6840801239,14.9999999610159,8.72440942533894E-06,1.03477459145935,1.09055117816737E-05,1.29346823932419,56.544184658612,15.0001186779714,15.0000032464959,""
63484.1285800934,15.0000000691921,8.72324988118712E-06,1.03490932320551,1.09040623514839E-05,1.29363665400689,56.544201099699,15.0001191099792,15.00000369566,""
63499.5749495029,15.000000223074,8.72222400683063E-06,1.03504406229575,1.09027800085383E-05,1.29380507786968,56.5442649413102,15.0001195420393,15.0000041448785,""
63515.0194494724,15.0000002146747,8.71864825087555E-06,1.03517872090278,1.08983103135944E-05,1.29397340112848,56.5443058969114,15.0001171589436,15.0000017799341,""
63530.4658191204,15.0000001712725,8.71436229355686E-06,1.03531337794855,1.08929528669461E-05,1.29414172243568,56.5443349146584,15.0001147755594,14.9999994147035,""
63545.9103190899,15.0000001074375,8.71319426679521E-06,1.0354479632928,1.0891492833494E-05,1.294309954116,56.5444030736185,15.0001142834481,14.9999989326976,""
63561.3566887379,15.0000000391835,8.71289417179038E-06,1.0355825495024,1.0891117714738E-05,1.294478186878,56.5444916639976,15.0001137912772,14.9999984506332,""
63576.8011887074,15.0000000534205,8.70980995030711E-06,1.03571706916711,1.08872624378839E-05,1.29464633645889,56.5444952040119,15.0001135832815,14.9999982630319,""
63592.2475583553,15.0000000854722,8.70594974556435E-06,1.03585159111672,1.08824371819554E-05,1.2948144888959,56.5444544001449,15.0001133752605,14.9999980754078,""
63607.6920583248,14.9999999446608,8.70322906152007E-06,1.03598602112758,1.08790363269001E-05,1.29498252640948,56.5444318396441,15.0001106695986,14.9999953841812,""
63623.1384279728,14.9999997664805,8.70082550106336E-06,1.03612044632708,1.08760318763292E-05,1.29515055790885,56.5444187818133,15.0001079636092,14.9999926926289,""
63638.5829279423,14.9999998463271,8.69804407506836E-06,1.03625479135778,1.08725550938355E-05,1.29531848919723,56.5443961512046,15.0001087872665,14.9999935361243,""
63654.0292975903,14.9999999819658,8.69515687530505E-06,1.03638913483619,1.08689460941313E-05,1.29548641854524,56.5443685306275,15.0001096110235,14.9999943797218,""
63669.4737975597,14.9999998555368,8.69409392178163E-06,1.03652342049314,1.0867617402227E-05,1.29565427561642,56.5442653110257,15.0001101431752,14.9999949208586,""
63684.9201672077,14.999999672403,8.69353959423978E-06,1.03665771081372,1.08669244927997E-05,1.29582213851715,56.5441227192503,15.0001106753913,14.9999954620609,""
63700.3646671772,14.9999998338088,8.69148531424397E-06,1.03679194832313,1.0864356642805E-05,1.29598993540391,56.544008479803,15.0001086036179,14.9999934050838,""
63715.8110368252,15.0000000698062,8.68901219306108E-06,1.03692619188174,1.08612652413263E-05,1.29615773985217,56.543908970239,15.0001065315936,14.9999913478577,""
63731.2555367947,15.0000000322632,8.68633033041427E-06,1.03706035624228,1.08579129130178E-05,1.29632544530285,56.5438555305539,15.0001015948231,14.999986427883,""
63746.7019062042,14.9999999354792,8.68358978359694E-06,1.0371945192685,1.08544872294962E-05,1.29649314908563,56.5438260369932,15.000096657455,14.9999815073128,""
63762.1464061737,14.9999999390668,8.68071385570464E-06,1.03732859778961,1.08508923196308E-05,1.29666074723701,56.5437550467228,15.0000940107706,14.9999788791711,""
63777.5927758217,14.9999999644028,8.67779967541341E-06,1.03746267347498,1.08472495942668E-05,1.29682834184373,56.543662477048,15.0000913637659,14.9999762507111,""
63793.0372760296,15.000000244861,8.67535727831068E-06,1.0375966698579,1.08441965978884E-05,1.29699583732237,56.5435138174403,15.0000901227429,14.9999750245204,""
63808.4836454391,15.0000005806706,8.67304631149075E-06,1.03773066483358,1.08413078893634E-05,1.29716333104198,56.5433359955527,15.0000888815697,14.9999737981812,""
63823.9281454086,15.0000003719664,8.67006888189999E-06,1.03786457750501,1.0837586102375E-05,1.29733072188126,56.5433083170632,15.000088853104,14.9999737885349,""
63839.3745150566,15.0000000451143,8.66690471252876E-06,1.03799848791381,1.08336308906609E-05,1.29749810989226,56.5433585809138,15.0000888246349,14.9999737788875,""
63854.8190150261,14.9999999291588,8.66391934585261E-06,1.03813230849104,1.08298991823158E-05,1.2976653856138,56.5433354621786,15.000093085056,14.9999780552586,""
63870.2653846741,14.9999998589606,8.66098351410312E-06,1.03826612467922,1.08262293926289E-05,1.29783265584903,56.5432742628847,15.0000973459929,14.9999823321473,""
63885.7098846436,14.9999998963358,8.65846005968506E-06,1.03839986017384,1.08230750746063E-05,1.2979998252173,56.5432598762676,15.0001029372179,14.9999879410763,""
63901.1562542915,14.9999999570783,8.65605157402676E-06,1.03853359381369,1.08200644675335E-05,1.29816699226712,56.5432697638101,15.0001085291197,14.9999935506844,""
63916.6007544994,15.0000000591567,8.65489288627629E-06,1.03866727244145,1.08186161078454E-05,1.29833409055181,56.5433630898181,15.0001156328781,15.0000006650388,""
63932.047123909,15.0000001702322,8.65408379115168E-06,1.03880095638049,1.08176047389396E-05,1.29850119547561,56.5434996804307,15.0001227374962,15.0000077802542,""
63947.4916238785,15.0000001129005,8.65111187797459E-06,1.03893457120675,1.08138898474682E-05,1.29866821400844,56.5435871766499,15.0001242398192,15.0000093021366,""
63962.937993288,15.0000000189457,8.64753395241266E-06,1.03906818738387,1.08094174405158E-05,1.29883523422983,56.5436492562558,15.000125742324,15.0000108242033,""
63978.3824932575,15.0000000794928,8.64738625854993E-06,1.03920175403277,1.08092328231874E-05,1.29900219254096,56.5435480236715,15.0001218864351,15.0000069745171,""
63993.8288629055,15.0000001736594,8.64819935934713E-06,1.03933532750646,1.08102491991839E-05,1.29916915938308,56.5433622163474,15.0001180300795,15.0000031243648,""
64009.273362875,15.0000000824191,8.64578289969366E-06,1.03946885454761,1.08072286246171E-05,1.29933606818452,56.54338093989,15.0001148444817,14.9999999579244,""
64024.719732523,14.9999999508086,8.64246106922714E-06,1.03960238927147,1.08030763365339E-05,1.29950298658934,56.543505507271,15.0001116584983,14.9999967911006,""
64040.1642324924,14.999999931344,8.6397115398319E-06,1.03973583652626,1.07996394247899E-05,1.29966979565783,56.5435061208292,15.0001106550785,14.9999958001122,""
64055.6106021404,14.9999999363007,8.63712202470626E-06,1.03986927994347,1.07964025308828E-05,1.29983659992934,56.5434426255608,15.0001096515373,14.9999948090037,""
64071.0551021099,15.0000000263235,8.6342811779706E-06,1.04000264085517,1.07928514724633E-05,1.30000330106896,56.5433762122418,15.0001081052533,14.9999932780893,""
64086.5014717579,15.0000001348967,8.63136940173359E-06,1.04013599929944,1.0789211752167E-05,1.3001699991243,56.5433082783237,15.0001065587821,14.9999917469896,""
64101.9459717274,15.000000016342,8.62921606850423E-06,1.04026928307761,1.07865200856303E-05,1.30033660384701,56.5432061321494,15.0001041320059,14.9999893363408,""
64117.3923413754,14.9999998482474,8.6272752074466E-06,1.04040256656804,1.07840940093082E-05,1.30050320821005,56.5430862916964,15.0001017049359,14.9999869254002,""
64132.8368413448,14.9999999210207,8.62515717376056E-06,1.04053578437507,1.07814464672007E-05,1.30066973046884,56.5429913363127,15.0000989044095,14.9999841381961,""
64148.2832109928,15.0000000463528,8.62298907885469E-06,1.04066900439857,1.07787363485684E-05,1.30083625549821,56.5429092132684,15.0000961035439,14.9999813506545,""
64163.7277109623,14.9999998461105,8.62144465253972E-06,1.04080216564014,1.07768058156747E-05,1.30100270705018,56.5429053656467,15.0000916552162,14.9999769129136,""
64179.1740803719,14.9999995747706,8.62007512714628E-06,1.0409353310195,1.07750939089329E-05,1.30116916377437,56.5429419141978,15.0000872063501,14.9999724746355,""
64194.6185803413,14.999999719323,8.61608532150592E-06,1.04106840678242,1.07701066518824E-05,1.30133550847803,56.5430330713933,15.0000829633027,14.9999682561506,""
64210.0649499893,14.9999999547316,8.61135874800569E-06,1.04120147800349,1.07641984350071E-05,1.30150184750436,56.5431524129033,15.0000787197417,14.9999640371551,""
64225.5094499588,14.9999998947369,8.60961505431782E-06,1.04133446521747,1.07620188178973E-05,1.30166808152184,56.5431579287446,15.0000785986693,14.9999639238386,""
64240.9558196068,14.9999997701777,8.60870946740456E-06,1.04146744944419,1.07608868342557E-05,1.30183431180524,56.5431047650382,15.0000784775821,14.9999638105083,""
64256.4003198147,15.0000000524223,8.60619840830499E-06,1.04160037094336,1.07577480103812E-05,1.30200046367919,56.5431197391964,15.0000809377005,14.999966291439,""
64271.8466892242,15.0000004236592,8.60323552814863E-06,1.04173329541568,1.07540444101858E-05,1.3021666192696,56.5431698242807,15.0000833981166,14.99996877267,""
64287.2911891937,15.0000002033949,8.59997308716843E-06,1.04186612774201,1.07499663589605E-05,1.30233265967751,56.5432269415322,15.0000838983484,14.9999692884468,""
64302.7375588417,14.9999998536882,8.596625872716E-06,1.04199895475067,1.0745782340895E-05,1.30249869343833,56.5432876906437,15.0000843986408,14.9999698042862,""
64318.1820588112,15.000000025317,8.59412986509647E-06,1.04213169813957,1.07426623313706E-05,1.30266462267446,56.5433795393291,15.0000863162947,14.9999717373068,""
64333.6284284592,15.0000003110948,8.59187301983877E-06,1.04226443858791,1.07398412747985E-05,1.30283054823489,56.543487411697,15.0000882341807,14.9999736705614,""
64349.0729284287,15.0000001036964,8.59036025896693E-06,1.04239712006248,1.07379503237087E-05,1.3029964000781,56.5434951789097,15.0000932313649,14.999978682347,""
64364.5192980766,14.9999997882469,8.58905675564358E-06,1.04252980551768,1.07363209445545E-05,1.3031622568971,56.5434514515761,15.0000982291542,14.9999836947394,""
64379.9637982845,14.9999998562451,8.58740125831772E-06,1.04266243806033,1.07342515728972E-05,1.30332804757541,56.5434581667242,15.0000978639211,14.9999833416058,""
64395.4101676941,15.0000000082876,8.58564636020166E-06,1.04279507627342,1.07320579502521E-05,1.30349384534177,56.5434908176605,15.0000974986439,14.9999829884293,""
64410.8546676636,14.999999812141,8.58218200837767E-06,1.04292762973679,1.07277275104721E-05,1.30365953717099,56.5435589366371,15.0000954867953,14.9999809976926,""
64426.3010370731,14.999999539615,8.57823542218045E-06,1.04306017988475,1.07227942777256E-05,1.30382522485594,56.5436452938351,15.0000934747032,14.9999790067149,""
64441.7455370426,14.9999996607739,8.57638440834217E-06,1.04319265125591,1.07204805104277E-05,1.30399081406989,56.5436564539836,15.0000932481381,14.999978788193,""
64457.1919066906,14.9999998683264,8.57512385830586E-06,1.04332512097649,1.07189048228823E-05,1.30415640122061,56.5436289959966,15.0000930215457,14.9999785696447,""
64472.6364066601,15.0000002013768,8.57383751977429E-06,1.04345754389096,1.07172968997179E-05,1.3043219298637,56.5436045566192,15.000093541893,14.9999791060665,""
64488.0827763081,15.0000005620265,8.57254370861234E-06,1.04358997415687,1.07156796357654E-05,1.30448746769609,56.5435816622442,15.0000940623034,14.9999796425532,""
64503.5272762775,15.0000003078625,8.56896561556854E-06,1.04372232193825,1.07112070194607E-05,1.30465290242282,56.5435279886906,15.0000930479883,14.9999786495698,""
64518.9736459255,14.9999999186161,8.56474246852824E-06,1.04385466698923,1.07059280856603E-05,1.30481833373654,56.5434585146045,15.0000920335503,14.9999776564663,""
64534.418145895,14.9999998329744,8.56132938522015E-06,1.04398690679445,1.07016617315252E-05,1.30498363349306,56.5433605944333,15.0000947927068,14.9999804309278,""
64549.864515543,14.999999814045,8.55814442499709E-06,1.0441191374198,1.06976805312464E-05,1.30514892177476,56.5432480704618,15.0000975521973,14.9999832057252,""
64565.3090155125,14.9999998036861,8.55707579269243E-06,1.04425130800764,1.06963447408655E-05,1.30531413500955,56.5431402020053,15.0001032683535,14.9999889317575,""
64580.7553851604,14.9999997952102,8.55660461514296E-06,1.04438348216029,1.06957557689287E-05,1.30547935270037,56.5430346996468,15.0001089852017,14.9999946584829,""
64596.1998851299,15.0000001587696,8.55465981275811E-06,1.04451560620369,1.06933247659476E-05,1.30564450775461,56.5430440530974,15.0001109628006,14.9999966537759,""
64611.6462547779,15.0000006042398,8.55229840053009E-06,1.04464773660416,1.06903730006626E-05,1.30580967075519,56.5431122375191,15.0001129406389,14.9999986493104,""
64627.0907547474,15.0000002405878,8.54897505390586E-06,1.04477977928106,1.06862188173823E-05,1.30597472410132,56.5432032166587,15.0001136179898,14.9999993450458,""
64642.537124157,14.9999996987544,8.54537932324075E-06,1.04491181766546,1.06817241540509E-05,1.30613977208182,56.5433058816173,15.0001142954227,15.0000000408655,""
64657.9816241264,14.9999999357363,8.5431352922098E-06,1.04504377435677,1.06789191152623E-05,1.30630471794597,56.5433293847794,15.0001155632275,15.0000013211444,""
64673.4279937744,15.000000344306,8.54127310155154E-06,1.04517572844016,1.06765913769394E-05,1.3064696605502,56.5433123892982,15.0001168311858,15.0000026015782,""
64688.8724937439,15.000000447865,8.53975816870642E-06,1.04530762707473,1.0674697710883E-05,1.30663453384341,56.5433172941097,15.0001152967535,15.0000010805613,""
64704.3188633919,15.0000004842156,8.53834122846872E-06,1.04543953050866,1.06729265355859E-05,1.30679941313582,56.5433333989938,15.0001137621355,14.9999995593602,""
64719.7633633614,15.0000002186179,8.53656420551252E-06,1.04557137829888,1.06707052568906E-05,1.3069642228736,56.543418892791,15.00010878019,14.9999945917384,""
64735.2097330093,14.9999998863945,8.53468500754755E-06,1.04570323082066,1.06683562594344E-05,1.30712903852583,56.543539866523,15.0001037976413,14.9999896235152,""
64750.6542332172,14.9999997847211,8.53230289745686E-06,1.0458350143752,1.06653786218211E-05,1.307293767969,56.5436276997625,15.0001036787313,14.9999895182812,""
64766.1006026268,14.999999733903,8.52977803886338E-06,1.04596679886989,1.06622225485792E-05,1.30745849858736,56.5436986202965,15.0001035598068,14.9999894130344,""
64781.5451025963,14.9999997896959,8.52617423475674E-06,1.04609848996967,1.06577177934459E-05,1.30762311246208,56.5436288439817,15.0001051135382,14.9999909846008,""
64796.9914722443,14.9999998690337,8.52226428242168E-06,1.0462301750743,1.06528303530271E-05,1.30778771884287,56.5434872232647,15.0001066674576,14.9999925563575,""
64812.4359722137,14.9999999902093,8.52090755644732E-06,1.04636178956257,1.06511344455591E-05,1.30795223695321,56.5434340630445,15.0001082968729,14.9999941977436,""
64827.8823418617,15.0000001206447,8.52027407457827E-06,1.04649340448932,1.06503425932228E-05,1.30811675561165,56.5434260314685,15.0001099264854,14.9999958393284,""
64843.3268418312,15.0000001600602,8.51968397512763E-06,1.04662498890836,1.06496049689095E-05,1.30828123613545,56.5434863446089,15.0001119614025,14.9999978849359,""
64858.7732114792,15.0000001793643,8.51910608159814E-06,1.0467565851242,1.06488826019977E-05,1.30844573140525,56.5435815238755,15.0001139965659,14.999999930791,""
64874.2177116871,14.9999999409314,8.51636626930744E-06,1.04688811811276,1.06454578366343E-05,1.30861014764095,56.5437447402676,15.0001174095733,15.0000033590409,""
64889.6640808582,14.9999996454658,8.51301293200995E-06,1.04701965360275,1.06412661650124E-05,1.30877456700343,56.5439426659382,15.0001208229937,15.0000067877056,""
64905.1085808277,14.9999997085158,8.51015144075034E-06,1.04715110007913,1.06376893009379E-05,1.30893887509891,56.5439390872276,15.000128317194,15.0000142967795,""
64920.5549504757,14.999999850904,8.50742904699655E-06,1.04728254172743,1.06342863087457E-05,1.30910317715929,56.5438328538852,15.0001358123016,15.0000218067624,""
64935.9994504452,14.9999997330415,8.50464687489038E-06,1.04741390103794,1.0630808593613E-05,1.30926737629743,56.5439115600704,15.0001475175995,15.0000335300711,""
64951.4458200932,14.9999995575433,8.50184730339456E-06,1.04754525739397,1.06273091292432E-05,1.30943157174246,56.5440844448446,15.0001592243145,15.000045254799,""
64966.8903200626,14.9999997962864,8.50049126040452E-06,1.04767655279194,1.06256140755057E-05,1.30959569098992,56.5442046508895,15.0001672731347,15.0000533101632,""
64982.3366897106,15.0000001268274,8.49954489991002E-06,1.0478078512883,1.06244311248875E-05,1.30975981411038,56.5442980713977,15.0001753229292,15.0000613665025,""
64997.7811896801,15.0000000343298,8.49848030419515E-06,1.04793910929923,1.06231003802439E-05,1.30992388662403,56.5443189692179,15.0001730739396,15.0000591320829,""
65013.2275593281,14.9999998480542,8.49738195556009E-06,1.04807037621301,1.06217274444501E-05,1.31008797026627,56.5443029850204,15.0001708246778,15.0000568973929,""
65028.6720592976,14.9999998118962,8.49525025893506E-06,1.04820158485649,1.06190628236688E-05,1.31025198107061,56.5443161320089,15.0001678552136,15.000053942406,""
65044.1184289455,14.9999998090244,8.49282455995562E-06,1.04833279733783,1.06160306999445E-05,1.31041599667229,56.5443440898139,15.00016488539,15.0000509870614,""
65059.562928915,14.9999998887326,8.48820214257997E-06,1.04846390166275,1.0610252678225E-05,1.31057987707843,56.5443054856219,15.0001612178272,15.0000473371665,""
65075.009298563,14.9999999867767,8.48295444790311E-06,1.04859499562085,1.06036930598789E-05,1.31074374452607,56.5442330568855,15.0001575498204,15.0000436868297,""
65090.4537985325,14.9999998956749,8.4821518231035E-06,1.04872601616243,1.06026897788794E-05,1.31090752020304,56.544118829431,15.0001476496316,15.0000337931226,""
65105.900167942,14.9999997625656,8.48261340754523E-06,1.04885703619226,1.06032667594315E-05,1.31107129524032,56.5439833563722,15.0001377482444,15.000023898218,""
65121.3446681499,14.9999999757062,8.48139147481554E-06,1.0489880254635,1.06017393435194E-05,1.31123503182937,56.5439437716432,15.0001282725298,15.0000144345089,""
65136.7910375595,15.0000002657954,8.4796902973587E-06,1.04911902634657,1.05996128716984E-05,1.31139878293321,56.543952843955,15.0001187956684,15.0000049696544,""
65152.235537529,15.0000001014146,8.47780533560722E-06,1.04924996763054,1.0597256669509E-05,1.31156245953818,56.5440107937982,15.0001152024972,15.0000013901303,""
65167.681907177,14.9999998359949,8.47586776160867E-06,1.04938091231148,1.05948347020108E-05,1.31172614038935,56.5440935465952,15.000111608891,14.9999978101728,""
65183.1264071465,15.0000000686156,8.47426433351596E-06,1.04951179971816,1.05928304168949E-05,1.3118897496477,56.5440731170448,15.0001128539466,14.9999990668325,""
65198.5727767944,15.0000004120317,8.47275581994961E-06,1.04964269117083,1.0590944774937E-05,1.31205336396354,56.5440003744713,15.0001140991528,15.0000003236444,""
65214.0172767639,15.0000002533878,8.47216634715777E-06,1.04977354470938,1.05902079339472E-05,1.31221693088672,56.5440001458697,15.0001149627491,15.0000011944829,""
65229.4636464119,14.9999999830027,8.47183863422016E-06,1.0499044077997,1.05897982927752E-05,1.31238050974962,56.5440366589597,15.0001158264499,15.0000020654268,""
65244.9081466198,14.9999999902973,8.46835888602349E-06,1.05003519848781,1.05854486075294E-05,1.31254399810977,56.5439936248284,15.0001175987321,15.0000038520459,""
65260.3545160294,15.0000000594165,8.46398014318375E-06,1.05016598888019,1.05799751789797E-05,1.31270748610024,56.5439102993321,15.0001193712288,15.0000056388812,""
65275.7990159988,14.9999999343995,8.45993491206256E-06,1.05029666334536,1.05749186400782E-05,1.31287082918171,56.5438977869236,15.0001220079001,15.0000082957465,""
65291.2453856468,14.9999997661166,8.45598415582702E-06,1.05042732508232,1.05699801947838E-05,1.3130341563529,56.5439211132512,15.0001246448906,15.0000109529334,""
65306.6898856163,14.9999999487603,8.45284028588824E-06,1.05055788851357,1.05660503573603E-05,1.31319736064196,56.5439661490938,15.000124365184,15.0000106860892,""
65322.1362550259,15.0000002096501,8.44992611611067E-06,1.05068844421286,1.05624076451383E-05,1.31336055526607,56.5440221751408,15.0001240854435,15.0000104192127,""
65337.5807549953,15.00000013912,8.44895419149933E-06,1.05081894407813,1.05611927393742E-05,1.31352368009766,56.5441258503173,15.0001189836524,15.0000053305708,""
65353.0271246433,14.9999999946667,8.44853643608162E-06,1.05094944831452,1.0560670545102E-05,1.31368681039315,56.544253635146,15.0001138812436,15.000000241313,""
65368.4716246128,15.0000000083836,8.44598428707442E-06,1.0510798937479,1.0557480358843E-05,1.31384986718487,56.5443675433053,15.000109087912,14.9999954632173,""
65383.9179942608,15.0000000573972,8.44282232282922E-06,1.05121034269194,1.05535279035365E-05,1.31401292836492,56.544474460172,15.000104294,14.9999906845432,""
65399.3624942303,14.9999997489363,8.44042185197124E-06,1.0513407116343,1.0550527314964E-05,1.31417588954287,56.5444682543824,15.0001063837555,14.999992790491,""
65414.8088638783,14.999999360617,8.438238523355E-06,1.05147107801494,1.05477981541937E-05,1.31433884751868,56.5444049162327,15.0001084737639,14.9999948966938,""
65430.2533638477,14.9999996214287,8.43473337609551E-06,1.05160135574406,1.05434167201194E-05,1.31450169468008,56.5443588927611,15.0001137821598,15.0000002235785,""
65445.6997334957,15.0000000272906,8.43084995407251E-06,1.05173162841768,1.05385624425906E-05,1.3146645355221,56.5443216007275,15.0001190911984,15.000005551108,""
65461.1442334652,15.0000000820787,8.42859115484485E-06,1.05186181712566,1.05357389435561E-05,1.31482727140707,56.5442518745151,15.0001181746541,15.0000046470078,""
65476.5906031132,15.0000000584033,8.42679646055978E-06,1.05199200209509,1.05334955756997E-05,1.31499000261886,56.544165772895,15.0001172579988,15.0000037427982,""
65492.0351030827,15.0000000797118,8.42578094803266E-06,1.05212214023211,1.05322261850408E-05,1.31515267529013,56.5441660069596,15.0001157272516,15.000002222286,""
65507.4814727306,15.0000001110838,8.42498812869928E-06,1.0522522852348,1.05312351608741E-05,1.3153153565435,56.544209772879,15.000114196319,15.0000007015897,""
65522.9259727001,15.0000000118012,8.42297078374293E-06,1.05238237652809,1.05287134796787E-05,1.31547797066012,56.5443031789296,15.0001157248171,15.0000022486704,""
65538.3723423481,14.9999998832673,8.420602753797E-06,1.05251247270831,1.05257534422463E-05,1.31564059088539,56.5444216177277,15.0001172535002,15.0000037959385,""
65553.8168423176,14.9999999224662,8.41811439396057E-06,1.05264249441184,1.05226429924507E-05,1.3158031180148,56.5445107799881,15.0001179902725,15.0000045468396,""
65569.2632117271,14.9999999992252,8.41559120239633E-06,1.05277251504025,1.05194890029954E-05,1.31596564380031,56.544585212819,15.0001187271341,15.0000052978317,""
65584.707711935,15.0000000596213,8.4134947827437E-06,1.05290246593498,1.05168684784296E-05,1.31612808241873,56.5445801786037,15.0001214066375,15.0000079884036,""
65600.1540813446,15.0000001163608,8.41152025140193E-06,1.05303241709156,1.05144003142524E-05,1.31629052136445,56.5445351401972,15.0001240864652,15.0000106793011,""
65615.5985813141,15.0000000057421,8.40985454608651E-06,1.05316230987897,1.05123181826081E-05,1.31645288734872,56.5445346624552,15.0001277356077,15.0000143433937,""
65631.0449509621,14.9999998575945,8.40827705730126E-06,1.05329220617305,1.05103463216266E-05,1.31661525771631,56.5445566040312,15.000131385192,15.00001800793,""
65646.4894509315,15.0000000084321,8.40608501467011E-06,1.05342203937726,1.05076062683376E-05,1.31677754922157,56.5445292510665,15.0001322604873,15.0000188959559,""
65661.9358205795,15.0000002263454,8.40371649190325E-06,1.05355187472124,1.05046456148791E-05,1.31693984340155,56.5444771054889,15.0001331358885,15.0000197840893,""
65677.380320549,14.9999999916045,8.40054339443694E-06,1.05368162506084,1.05006792430462E-05,1.31710203132606,56.5444861732017,15.0001260550259,15.0000127208998,""
65692.826690197,14.9999996552553,8.39713910417813E-06,1.05381137123796,1.04964238802227E-05,1.31726421404745,56.5445260067803,15.000118973306,15.0000056568552,""
65708.2711904049,14.9999998516438,8.39537799827772E-06,1.05394104537356,1.04942224978471E-05,1.31742630671695,56.5445800775641,15.0001084057804,14.9999950973333,""
65723.7175598145,15.0000001676719,8.39408797320892E-06,1.05407071904027,1.04926099665111E-05,1.31758839880034,56.54464130954,15.0000978369759,14.9999845365334,""
65739.1620597839,15.000000106075,8.3929421784324E-06,1.0542003482768,1.04911777230405E-05,1.317750435346,56.5447232532281,15.0000895594555,14.9999762734764,""
65754.6084294319,14.999999959637,8.39183759576608E-06,1.05432998495841,1.04897969947076E-05,1.31791248119801,56.5448156096698,15.000081280933,14.999968009419,""
65770.0529294014,14.9999999786201,8.38941994405444E-06,1.05445955915643,1.04867749300681E-05,1.31807444894554,56.5447776655309,15.0000788109702,14.9999655546436,""
65785.499298811,15.0000000347879,8.38662493732871E-06,1.05458913560298,1.04832811716609E-05,1.31823641950373,56.5446743355706,15.0000763407084,14.999963099571,""
65800.9437987804,14.9999999289968,8.3838920111834E-06,1.05471863025151,1.04798650139793E-05,1.31839828781438,56.5446582623819,15.0000827749092,14.9999695457139,""
65816.3901684284,14.999999786766,8.38117648987149E-06,1.05484812158444,1.04764706123394E-05,1.31856015198055,56.5446859439496,15.000089209889,14.9999759926372,""
65831.8346683979,14.9999998578557,8.37899154564063E-06,1.05497754027768,1.04737394320508E-05,1.31872192534709,56.5447397274921,15.0000993176761,14.9999861160563,""
65847.2810380459,14.9999999769578,8.37695871676936E-06,1.05510695826759,1.04711983959617E-05,1.31888369783449,56.544806603351,15.0001094266869,14.9999962407009,""
65862.7255380154,15.0000000296983,8.37411265347204E-06,1.05523629925648,1.046764081684E-05,1.3190453740706,56.5449062430547,15.0001168723771,15.0000036990881,""
65878.1719076633,15.0000000675056,8.37103237340117E-06,1.05536563826931,1.04637904667515E-05,1.31920704783664,56.5450223134565,15.0001243189688,15.0000111583783,""
65893.6164076328,15.0000000708332,8.36883817405808E-06,1.05549490141327,1.04610477175726E-05,1.31936862676659,56.5450552294791,15.0001260153612,15.0000128712629,""
65909.0627772808,15.0000000663939,8.36689845386892E-06,1.05562416288718,1.04586230673362E-05,1.31953020360898,56.5450465191221,15.0001277119591,15.0000145843549,""
65924.5072772503,15.0000001961872,8.36568521054221E-06,1.05575337340416,1.04571065131778E-05,1.3196917167552,56.5451021030921,15.0001252755825,15.0000121581862,""
65939.9536468983,15.0000003562557,8.36468078815768E-06,1.05588258940285,1.04558509851971E-05,1.31985323675356,56.5451898694533,15.000122838911,15.0000097317238,""
65955.3981468678,15.0000001311257,8.36334082357718E-06,1.05601176048525,1.04541760294715E-05,1.32001470060656,56.5452226195467,15.0001188126545,15.0000057174512,""
65970.8445165157,14.9999998190908,8.36190407264344E-06,1.05614093877757,1.04523800908043E-05,1.32017617347197,56.5452278609368,15.0001147859105,15.0000017026926,""
65986.2890164852,15.0000000620539,8.35879681088744E-06,1.05627004117137,1.04484960136093E-05,1.32033755146421,56.5451054934641,15.0001173007679,15.0000042354803,""
66001.7353861332,15.0000004302881,8.35520804696074E-06,1.05639914183958,1.04440100587009E-05,1.32049892729948,56.5449193189839,15.0001198159296,15.0000067685747,""
66017.1798861027,15.0000003444886,8.35239900415333E-06,1.05652815285825,1.04404987551917E-05,1.32066019107281,56.5448735850189,15.0001255388265,15.0000125015569,""
66032.6262555122,15.0000001561668,8.34981413598541E-06,1.05665715816656,1.04372676699818E-05,1.3208214477082,56.5448980031533,15.0001312624161,15.0000182352331,""
66048.0707554817,15.0000000982806,8.34823801652957E-06,1.05678610145785,1.0435297520662E-05,1.32098262682231,56.544845822374,15.0001368501982,15.0000238397048,""
66063.5171251297,15.0000000698515,8.34695236193348E-06,1.05691504698405,1.04336904524169E-05,1.32114380873007,56.5447553861587,15.0001424386568,15.000029444855,""
66078.9616253376,15.0000000533037,8.34478257595072E-06,1.05704393242099,1.04309782199384E-05,1.32130491552624,56.544826913788,15.0001426477436,15.0000296659973,""
66094.4079947472,15.0000000394391,8.34235754701521E-06,1.05717282062998,1.0427946933769E-05,1.32146602578748,56.5449792791469,15.0001428568558,15.0000298871663,""
66109.8524947166,14.9999998595247,8.34198481865181E-06,1.05730166679873,1.04274810233148E-05,1.32162708349842,56.5449785033679,15.0001397318504,15.0000267641073,""
66125.2988643646,14.9999996420311,8.34220398192913E-06,1.05743052093792,1.04277549774114E-05,1.3217881511724,56.5449013471344,15.0001366064667,15.0000236406702,""
66140.7433643341,14.9999998724642,8.34438954790214E-06,1.05755939510726,1.04304869348777E-05,1.32194924388408,56.5449174175338,15.0001316019654,15.0000186366189,""
66156.1897339821,15.0000002042873,8.34714286777634E-06,1.05768829515942,1.04339285847204E-05,1.32211036894928,56.5449799629972,15.0001265968582,15.0000136319617,""
66171.6342339516,15.0000000202584,8.3549169288456E-06,1.05781732315894,1.0443646161057E-05,1.32227165394868,56.544978553471,15.0001213767073,15.000008386595,""
66187.0806035995,14.9999997194114,8.36414156696417E-06,1.05794640822264,1.04551769587052E-05,1.3224330102783,56.5449452804194,15.0001161559244,15.0000031405933,""
66202.5251038074,14.9999999231153,8.36863489805459E-06,1.05807562568544,1.04607936225682E-05,1.3225945321068,56.5448378655891,15.000109323231,14.9999962944652,""
66217.971473217,15.0000002411449,8.37176254322656E-06,1.05820490154051,1.04647031790332E-05,1.32275612692563,56.5446935129559,15.0001024897105,14.9999894475084,""
66233.4159731865,15.0000003762822,8.37325833705889E-06,1.05833421150227,1.04665729213236E-05,1.32291776437783,56.5446776879184,15.0000962223569,14.999983166327,""
66248.8623425961,15.0000004699862,8.37428289223705E-06,1.05846355149222,1.04678536152963E-05,1.32307943936528,56.5447258244365,15.0000899542447,14.9999768843853,""
66264.3068425655,15.0000003365893,8.37280293749739E-06,1.05859286169631,1.04660036718717E-05,1.32324107712039,56.5447484408018,15.0000869320007,14.9999738577203,""
66279.7532122135,15.0000001516705,8.37059884798562E-06,1.05872218346918,1.0463248559982E-05,1.32340272933647,56.5447583675603,15.0000839093909,14.9999708306888,""
66295.197712183,15.0000001320754,8.36804545369776E-06,1.05885143137914,1.04600568171222E-05,1.32356428922393,56.5447392698005,15.0000847400432,14.9999716590021,""
66310.644081831,15.0000001499904,8.36539065534508E-06,1.05898067810163,1.04567383191814E-05,1.32372584762703,56.5447057396813,15.000085570796,14.9999724874157,""
66326.0885818005,15.0000000006051,8.36411188725131E-06,1.05910986682601,1.04551398590641E-05,1.32388733353252,56.5447192035829,15.000089496554,14.9999764051476,""
66341.5349514484,14.9999998132149,8.36323098224892E-06,1.05923905893602,1.04540387278112E-05,1.32404882367003,56.5447560192161,15.0000934227872,14.9999803233538,""
66356.9794514179,14.9999999223568,8.36204156183681E-06,1.05936820953876,1.0452551952296E-05,1.32421026192345,56.5447864592097,15.0000982417404,14.999985140495,""
66372.4258210659,15.0000000988746,8.36076266984147E-06,1.05949736828855,1.04509533373018E-05,1.32437171036068,56.5448137386683,15.000103061277,14.9999899582194,""
66387.8703210354,15.0000002281474,8.35814164743797E-06,1.05962646003808,1.04476770592975E-05,1.3245330750476,56.5448019855153,15.0001026004464,14.9999895016296,""
66403.3166906834,15.0000003467015,8.35513163320584E-06,1.05975555254142,1.04439145415073E-05,1.32469444067677,56.5447708577873,15.0001021395601,14.9999890449846,""
66418.7611906528,15.0000000844564,8.35187630112326E-06,1.05988455353158,1.04398453764041E-05,1.32485569191447,56.5447712012015,15.0000981513351,14.9999850617189,""
66434.2075603008,14.9999997355749,8.34854940487067E-06,1.060013548155,1.04356867560883E-05,1.32501693519375,56.5447871557293,15.0000941626274,14.999981077971,""
66449.6520602703,15.0000001819219,8.346555811174E-06,1.06014246807778,1.04331947639675E-05,1.32517808509722,56.5448621798234,15.0000895500937,14.9999764718704,""
66465.0984299183,15.0000008092786,8.34494825756397E-06,1.06027138648368,1.0431185321955E-05,1.3253392331046,56.5449665025699,15.0000849370015,14.9999718652122,""
66480.5429298878,15.0000004652536,8.3426178599048E-06,1.06040023962172,1.0428272324881E-05,1.32550029952715,56.5450623242098,15.0000822412577,14.9999691742764,""
66495.9892992973,14.9999999000309,8.34007755170553E-06,1.06052909395777,1.04250969396319E-05,1.32566136744721,56.5451539508833,15.0000795451876,14.9999664830149,""
66511.4337992668,14.9999998413651,8.33821463961674E-06,1.06065788233169,1.04227682995209E-05,1.32582235291461,56.5451943306003,15.0000806077201,14.9999675533285,""
66526.8801689148,14.9999998980783,8.33654789081899E-06,1.06078667168752,1.04206848635237E-05,1.3259833396094,56.5452093385415,15.0000816703812,14.9999686237717,""
66542.3246688843,14.9999997304724,8.33478468486161E-06,1.06091540405619,1.0418480856077E-05,1.32614425507024,56.5451185532193,15.0000898035462,14.9999767644654,""
66557.7710385323,14.9999995117161,8.33299321786825E-06,1.06104413999642,1.04162415223353E-05,1.32630517499553,56.5449753879859,15.0000979376958,14.9999849061446,""
66573.2155387402,14.9999997801425,8.33058711897455E-06,1.06117280797205,1.04132338987182E-05,1.32646600996506,56.5449604276965,15.0001063436388,14.9999933201351,""
66588.6619081497,15.0000001597058,8.32800224287068E-06,1.06130147631329,1.04100028035884E-05,1.32662684539162,56.5450088863991,15.0001147505991,15.000001735144,""
66604.1064081192,15.0000000950214,8.32535830255107E-06,1.06143006628987,1.04066978781888E-05,1.32678758286234,56.5451188857176,15.0001166625457,15.0000036573893,""
66619.5527777672,14.9999999289649,8.32269679820676E-06,1.06155865359751,1.04033709977584E-05,1.32694831699689,56.5452593318208,15.0001185747238,15.0000055798673,""
66634.9972777367,14.9999999231934,8.31988692637127E-06,1.06168715934052,1.03998586579641E-05,1.32710894917565,56.5453501779421,15.0001190183263,15.0000060388353,""
66650.4436473846,14.9999999540127,8.3170335146342E-06,1.06181566146477,1.03962918932928E-05,1.32726957683096,56.5454165307011,15.0001194619825,15.0000064978588,""
66665.8881473541,15.0000000396243,8.314447093422E-06,1.06194408386309,1.03930588667775E-05,1.32743010482886,56.5454783946747,15.0001211922662,15.0000082371,""
66681.3345170021,15.0000001377642,8.31193786170986E-06,1.06207250315595,1.03899223271373E-05,1.32759062894493,56.545538052919,15.0001229227593,15.0000099765518,""
66696.77901721,15.000000250388,8.30962353255559E-06,1.06220084986493,1.03870294156945E-05,1.32775106233116,56.5456563268088,15.0001216790154,15.0000087485151,""
66712.2253863811,15.0000003663388,8.30736550883078E-06,1.06232919551879,1.03842068860385E-05,1.32791149439849,56.5458035552847,15.000120435121,15.0000075203299,""
66727.6698863506,15.0000001171999,8.30416480886312E-06,1.06245745704576,1.03802060110789E-05,1.32807182130721,56.545770758371,15.0001175451785,15.0000046452454,""
66743.1162559986,14.9999997845386,8.30068941535829E-06,1.06258571414523,1.03758617691979E-05,1.32823214268153,56.5456491419815,15.0001146548861,15.0000017698128,""
66758.5607559681,14.9999998160329,8.29916505740866E-06,1.06271390269681,1.03739563217608E-05,1.32839237837101,56.5456013187934,15.0001150483199,15.0000021719983,""
66774.0071256161,14.9999999308495,8.29820819099262E-06,1.06284209133559,1.03727602387408E-05,1.32855261416948,56.5455898721071,15.0001154418012,15.0000025742326,""
66789.4516255856,14.9999999788465,8.2970955691722E-06,1.06297023915854,1.03713694614653E-05,1.32871279894818,56.5455328081513,15.0001170221784,15.0000041666212,""
66804.8979952335,15.000000011554,8.29593743134948E-06,1.06309839512896,1.03699217891869E-05,1.3288729939112,56.5454532537266,15.0001186027469,15.0000057592026,""
66820.342495203,14.9999999334352,8.29448214704308E-06,1.06322650329066,1.03681026838039E-05,1.32903312911332,56.5453217529817,15.0001206647878,15.0000078314557,""
66835.788864851,14.99999982992,8.29294009641102E-06,1.06335461755397,1.03661751205138E-05,1.32919327194246,56.5451646433782,15.0001227270783,15.0000099039598,""
66851.2333648205,14.9999998618597,8.28872960677369E-06,1.06348263820561,1.03609120084671E-05,1.32935329775701,56.5452511495479,15.0001219951501,15.0000091921673,""
66866.6797344685,14.9999999248472,8.28374099593116E-06,1.06361065159632,1.03546762449139E-05,1.3295133144954,56.5454575936314,15.0001212631333,15.0000084802886,""
66882.1242344379,15.0000000446511,8.28148844811378E-06,1.06373857243116,1.03518605601422E-05,1.32967321553895,56.5454130101694,15.0001195824709,15.0000068100206,""
66897.5706040859,15.0000001775009,8.28003304766495E-06,1.06386648628767,1.03500413095812E-05,1.32983310785959,56.5452449155086,15.0001179016051,15.0000051395504,""
66913.0151040554,15.0000000622703,8.27894202550924E-06,1.06399435548102,1.03486775318866E-05,1.32999294435128,56.545243844448,15.0001142197319,15.0000014717396,""
66928.461473465,14.9999998901058,8.27795708517642E-06,1.06412223164206,1.03474463564705E-05,1.33015278955257,56.5453249022075,15.0001105374131,14.9999978034848,""
66943.9059734344,14.9999999965252,8.27415596086423E-06,1.06425002527354,1.03426949510803E-05,1.33031253159192,56.5453777289988,15.0001074080647,14.9999946912399,""
66959.3523430824,15.0000001669107,8.26953270138592E-06,1.0643778148123,1.03369158767324E-05,1.33047226851537,56.5454166911697,15.0001042783374,14.9999915786183,""
66974.7968430519,15.0000001926319,8.26630104047908E-06,1.06450549982583,1.03328763005989E-05,1.33063187478228,56.5454702451677,15.0001051179958,14.9999924357657,""
66990.2432126999,15.0000001851302,8.26347500304043E-06,1.06463317430274,1.03293437538005E-05,1.33079146787843,56.5455309760831,15.0001059577559,14.999993293017,""
67005.6877126694,14.9999998900942,8.26072259688228E-06,1.06476076689276,1.03259032461029E-05,1.33095095861595,56.5455810462685,15.0001150656088,15.0000024139836,""
67021.1340823174,14.9999995289368,8.2579912580381E-06,1.06488835553045,1.03224890725476E-05,1.33111044441306,56.5456258919965,15.0001241745644,15.0000115360543,""
67036.5785825253,14.9999998092112,8.25560690116272E-06,1.06501586878617,1.03195086264534E-05,1.33126983598271,56.5455943184862,15.0001321564884,15.0000195370662,""
67052.0249519348,15.0000002370143,8.25332352058765E-06,1.06514337996452,1.03166544007346E-05,1.33142922495566,56.5455252446144,15.0001401393785,15.0000275390463,""
67067.4694519043,15.0000000547078,8.25128526146834E-06,1.06527082491171,1.03141065768354E-05,1.33158853113964,56.5456081802652,15.0001429689722,15.000030382775,""
67082.9158215523,14.9999997320122,8.24931831043187E-06,1.06539827044142,1.03116478880398E-05,1.33174783805177,56.5457656726092,15.0001457989085,15.0000332268479,""
67098.3603215218,14.999999928307,8.24691306786301E-06,1.06552564675873,1.03086413348288E-05,1.33190705844841,56.5457887341912,15.0001449987241,15.0000324427518,""
67113.8066911697,15.0000002440958,8.24437932228646E-06,1.06565302277067,1.03054741528581E-05,1.33206627846334,56.5457459145368,15.0001441984428,15.0000316585607,""
67129.2511911392,15.0000002017122,8.2418579726894E-06,1.06578032299756,1.03023224658617E-05,1.33222540374696,56.5457986196568,15.0001411226873,15.0000286,""
67144.6975607872,15.0000000768305,8.23933985385636E-06,1.06590762097841,1.02991748173204E-05,1.33238452622301,56.5458981259273,15.0001380465595,15.000025541069,""
67160.1420609951,15.0000000443548,8.23732120338615E-06,1.06603485108812,1.02966515042327E-05,1.33254356386015,56.5459602155093,15.0001404156698,15.0000279235007,""
67175.5884301662,15.0000000331683,8.23544836993489E-06,1.06616208124239,1.02943104624186E-05,1.33270260155299,56.5460039982279,15.0001427850669,15.0000303062208,""
67191.0329301357,15.0000000312011,8.23343423587493E-06,1.06628924906398,1.02917927948437E-05,1.33286156132998,56.5460590631328,15.0001459794306,15.0000335140434,""
67206.4792997837,15.0000000313592,8.231378428091E-06,1.06641641854038,1.02892230351137E-05,1.33302052317548,56.5461196583458,15.0001491741811,15.0000367222544,""
67221.9237997532,15.000000133524,8.2293939261288E-06,1.06654352460369,1.0286742407661E-05,1.33317940575461,56.5462042745778,15.000147745892,15.0000353112219,""
67237.3701694012,15.0000002592364,8.22742999344373E-06,1.06667063199118,1.02842874918047E-05,1.33333828998898,56.5463006531143,15.00014631743,15.0000339000186,""
67252.8146693707,15.0000000737851,8.22618980267687E-06,1.06679768825033,1.02827372533461E-05,1.33349711031291,56.5463548020797,15.0001431929437,15.0000307839349,""
67268.2610390186,14.9999998164836,8.22516143338912E-06,1.06692474941872,1.02814517917364E-05,1.3336559367734,56.5463883205175,15.0001400680791,15.000027667474,""
67283.7055389881,15.0000000869481,8.22295350983199E-06,1.06705175242062,1.027869188729E-05,1.33381469052577,56.5463034398766,15.0001394446312,15.0000270595732,""
67299.1519086361,15.0000004793386,8.22039955336967E-06,1.06717875825641,1.02754994417121E-05,1.33397344782051,56.546160706512,15.0001388211078,15.0000264515988,""
67314.5964086056,15.0000003992974,8.21690735699781E-06,1.06730567322002,1.02711341962473E-05,1.33413209152503,56.5461044476551,15.0001389619148,15.0000266105475,""
67330.0427782536,15.000000210078,8.21313953285157E-06,1.06743258140959,1.02664244160645E-05,1.33429072676199,56.546090397889,15.0001391027389,15.0000267695155,""
67345.487278223,15.0000001143983,8.20990962415072E-06,1.06755939255209,1.02623870301884E-05,1.33444924069011,56.546142639853,15.0001418406137,15.0000295216449,""
67360.933647871,15.0000000403306,8.20683698617651E-06,1.06768619508388,1.02585462327206E-05,1.33460774385485,56.5462272388972,15.0001445788199,15.0000322741075,""
67376.3781478405,14.9999999516273,8.20411867324548E-06,1.06781291435709,1.02551483415569E-05,1.33476614294637,56.5462112538167,15.0001514674759,15.0000391840067,""
67391.8245172501,14.9999998595252,8.20150390546804E-06,1.06793962903926,1.02518798818351E-05,1.33492453629907,56.546146211848,15.0001583569656,15.0000460947424,""
67407.269017458,14.9999999649473,8.1986124113064E-06,1.06806626167126,1.0248265514133E-05,1.33508282708908,56.5461512011707,15.0001620663364,15.0000498185322,""
67422.7153868675,15.0000001161027,8.19563922985408E-06,1.06819289004196,1.02445490373176E-05,1.33524111255245,56.5461903262924,15.0001657761562,15.0000535427727,""
67438.159886837,15.0000002209791,8.19300994237842E-06,1.06831943740474,1.0241262427973E-05,1.33539929675592,56.5462305526376,15.0001611844077,15.0000489692645,""
67453.606256485,15.0000003151537,8.1904812373072E-06,1.06844598079525,1.0238101546634E-05,1.33555747599407,56.5462713226919,15.0001565921033,15.0000443952026,""
67469.0507564545,15.0000001194498,8.18822243810433E-06,1.06857245266236,1.02352780476304E-05,1.33571556582795,56.5462790500499,15.0001511426236,15.0000389613559,""
67484.4971261024,14.9999998565499,8.18604258365667E-06,1.06869892332446,1.02325532295708E-05,1.33587365415558,56.5462706907034,15.0001456924841,15.0000335268513,""
67499.9416260719,14.9999999975188,8.18513846805629E-06,1.06882534634211,1.02314230850704E-05,1.33603168292764,56.5462794313417,15.0001412808374,15.0000291245429,""
67515.3879957199,15.000000232139,8.18460918013608E-06,1.06895177515881,1.02307614751701E-05,1.33618971894851,56.5462964947563,15.0001368686567,15.0000247217015,""
67530.8324959278,14.9999998111911,8.18314177762243E-06,1.06907816154914,1.0228927222028E-05,1.33634770193642,56.5462241269559,15.0001379540811,15.0000258229107,""
67546.2788653374,14.9999992381144,8.18139829664994E-06,1.06920455525869,1.02267478708124E-05,1.33650569407336,56.546108250995,15.0001390396368,15.0000269242533,""
67561.7233653069,14.9999995297613,8.1788908197412E-06,1.06933088025502,1.02236135246765E-05,1.33666360031878,56.5460584158862,15.0001414307303,15.0000293310727,""
67577.1697349548,15.0000000221431,8.17615820656682E-06,1.06945720482878,1.02201977582085E-05,1.33682150603597,56.5460406733232,15.0001438221132,15.0000317381835,""
67592.6142349243,15.0000000494315,8.17373314184124E-06,1.06958345364325,1.02171664273015E-05,1.33697931705406,56.5460998819134,15.0001423877522,15.0000303155948,""
67608.0606045723,14.9999999687227,8.17139820587093E-06,1.06970969994364,1.02142477573387E-05,1.33713712492955,56.5461964854354,15.0001409532176,15.0000288928339,""
67623.5051045418,14.9999999353595,8.16861307954847E-06,1.06983586828678,1.02107663494356E-05,1.33729483535847,56.5462443182054,15.0001375816759,15.0000255383968,""
67638.9514739513,14.9999999129917,8.16569497469952E-06,1.06996203344675,1.02071187183744E-05,1.33745254180844,56.5462684788833,15.0001342097261,15.0000221835537,""
67654.3959739208,14.9999999016198,8.16425284967995E-06,1.07008813650237,1.02053160620999E-05,1.33761017062796,56.5462347820932,15.0001337392304,15.0000217254608,""
67669.8423435688,14.9999998928024,8.1632452282385E-06,1.07021424102752,1.02040565352981E-05,1.3377678012844,56.5461730019351,15.0001332686778,15.0000212673124,""
67685.2868435383,14.9999997888244,8.16067816703884E-06,1.07034028215952,1.02008477087985E-05,1.3379253526994,56.5462691655464,15.0001341712914,15.0000221855583,""
67700.7332131863,14.999999662697,8.15765120068463E-06,1.07046632436643,1.01970640008558E-05,1.33808290545804,56.5464419518713,15.0001350740143,15.0000231039154,""
67716.1777131557,14.999999675392,8.15445142123097E-06,1.07059227643065,1.01930642765387E-05,1.33824034553832,56.5465964030432,15.0001287055965,15.000016750416,""
67731.6240828037,14.999999720396,8.15120019811134E-06,1.07071822166465,1.01890002476392E-05,1.33839777708081,56.5467419940079,15.0001223364079,15.0000103961474,""
67747.0685827732,14.9999997637297,8.14833379818597E-06,1.07084408003802,1.01854172477325E-05,1.33855510004752,56.5466726628,15.0001115435043,14.9999996224524,""
67762.5149524212,14.9999998066809,8.1455804349444E-06,1.07096993252517,1.01819755436805E-05,1.33871241565646,56.5464991929206,15.0001007492943,14.9999888474532,""
67777.9594523907,14.9999998045764,8.1446164776256E-06,1.07109573174106,1.0180770597032E-05,1.33886966467633,56.5463160387009,15.0000919016687,14.999980009661,""
67793.4058220387,14.9999997919745,8.1441802923059E-06,1.07122153496245,1.01802253653824E-05,1.33902691870306,56.546128162254,15.0000830529721,14.9999711707989,""
67808.8503220081,14.9999998413734,8.14206344878737E-06,1.07134728659328,1.01775793109842E-05,1.3391841082416,56.546069665154,15.0000814477003,14.999969581555,""
67824.2966916561,14.9999999052322,8.13945022746237E-06,1.07147304271353,1.0174312784328E-05,1.33934130339191,56.5460737706827,15.0000798422341,14.9999679921187,""
67839.7411916256,14.999999685482,8.13730098817985E-06,1.07159872845635,1.01716262352248E-05,1.33949841057044,56.5460653878438,15.0000837300332,14.9999718927564,""
67855.1875610352,14.9999993995528,8.13528841310104E-06,1.07172441312461,1.01691105163763E-05,1.33965551640576,56.5460509630822,15.0000876183029,14.9999757938663,""
67870.6320610046,14.9999996762994,8.13431773719957E-06,1.07185005068178,1.01678971714995E-05,1.33981256335222,56.5460460627994,15.0000921207847,14.9999803058245,""
67886.0784306526,15.0000000843918,8.13365468132994E-06,1.07197569402418,1.01670683516624E-05,1.33996961753022,56.5460457659324,15.0000966238115,14.9999848183289,""
67901.5229308605,15.0000000305702,8.13030064824118E-06,1.07210126478533,1.01628758103015E-05,1.34012658098166,56.546086363668,15.0000982477466,14.9999864631246,""
67916.9693002701,14.9999998688906,8.12615085642392E-06,1.07222683378654,1.01576885705299E-05,1.34028354223318,56.5461467269493,15.0000998718782,14.9999881081193,""
67932.4138002396,15.0000000815664,8.1232022761422E-06,1.07235230720497,1.01540028451778E-05,1.34044038400621,56.5461022398479,15.000103054895,14.9999913045159,""
67947.8601698875,15.000000381728,8.12060836088662E-06,1.07247777204483,1.01507604511083E-05,1.34059721505603,56.5460071141331,15.0001062382972,14.9999945012996,""
67963.304669857,15.0000002297296,8.11803727101236E-06,1.07260316021229,1.01475465887655E-05,1.34075395026537,56.54602179555,15.0001096270997,14.9999979047548,""
67978.751039505,14.9999999720211,8.11547252875578E-06,1.07272854537152,1.01443406609447E-05,1.3409106817144,56.5460894745407,15.0001130163124,15.000001308622,""
67994.1955394745,14.9999998479569,8.1134145379889E-06,1.07285386204401,1.01417681724861E-05,1.34106732755501,56.5461863831381,15.0001172609158,15.0000055666589,""
68009.6419091225,14.9999997551289,8.11150616547271E-06,1.07297917811151,1.01393827068409E-05,1.34122397263938,56.5462974080942,15.000121506033,15.0000098252113,""
68025.0864093304,14.9999998186477,8.10999548001358E-06,1.07310443966847,1.0137494350017E-05,1.34138054958558,56.5463160384971,15.0001255284108,15.0000138625577,""
68040.5327787399,14.9999999187602,8.10860227685302E-06,1.0732297047379,1.01357528460663E-05,1.34153713092237,56.5462901300873,15.0001295512754,15.0000179003928,""
68055.9772787094,14.9999999623598,8.10509464206587E-06,1.0733548887831,1.01313683025823E-05,1.34169361097887,56.5463407188091,15.0001294498991,15.0000178167846,""
68071.423648119,14.999999992735,8.10096030455664E-06,1.07348006847413,1.01262003806958E-05,1.34185008559267,56.5464281744922,15.0001293485106,15.0000177331664,""
68086.8681480885,15.0000001117153,8.09873614987115E-06,1.07360516399546,1.01234201873389E-05,1.34200645499433,56.546580031745,15.0001262287686,15.0000146247812,""
68102.3145177364,15.0000002514689,8.09707754878122E-06,1.0737302542107,1.01213469359765E-05,1.34216281776337,56.5467629291172,15.000123108649,15.0000115160198,""
68117.7590177059,15.0000000704203,8.09621406287968E-06,1.07385530204408,1.01202675785996E-05,1.3423191275551,56.5467503046559,15.0001226129087,15.0000110317333,""
68133.2053873539,14.9999998141563,8.09558609667991E-06,1.073980356941,1.01194826208499E-05,1.34247544617625,56.546643575395,15.0001221171084,15.0000105473882,""
68148.6498873234,14.9999998902386,8.09337189059315E-06,1.07410535723777,1.01167148632414E-05,1.34263169654722,56.5467644016996,15.0001237118217,15.0000121604684,""
68164.0962569714,15.0000000442686,8.0906870141263E-06,1.07423036096452,1.01133587676579E-05,1.34278795120565,56.5469947092561,15.0001253067281,15.0000137737439,""
68179.5407569408,15.000000082824,8.08866918378999E-06,1.07435529589933,1.01108364797375E-05,1.34294411987416,56.5470924194706,15.0001238348471,15.0000123111487,""
68194.9871265888,15.0000000942913,8.08684889911641E-06,1.07448023003936,1.01085611238955E-05,1.3431002875492,56.5471263999571,15.0001223627878,15.0000108483764,""
68210.4316265583,14.9999999445403,8.08540838087155E-06,1.07460511156063,1.01067604760894E-05,1.34325638945079,56.5471908708282,15.00012086169,15.0000093589895,""
68225.8779962063,14.9999997569198,8.08408033135837E-06,1.07472999707149,1.0105100414198E-05,1.34341249633937,56.5472700036611,15.0001193604104,15.0000078694222,""
68241.3224961758,15.0000001578976,8.08236153751819E-06,1.07485482979703,1.01029519218977E-05,1.34356853724629,56.5474224411959,15.0001132999837,15.0000018217701,""
68256.7688658237,15.0000006971884,8.08052647320648E-06,1.07497966645044,1.01006580915081E-05,1.34372458306305,56.5476101089751,15.0001072388233,14.9999957733859,""
68272.2133657932,15.0000005118826,8.07881021316423E-06,1.07510444612228,1.00985127664553E-05,1.34388055765285,56.5477438723395,15.0000977302928,14.999986274055,""
68287.6597354412,15.0000001562596,8.07712896780742E-06,1.07522922846277,1.00964112097593E-05,1.34403653557846,56.5478517875858,15.0000882206112,14.9999767735742,""
68303.1042354107,15.0000000710664,8.0743409464938E-06,1.07535393856528,1.00929261831172E-05,1.3441924232066,56.5479351681713,15.000083708062,14.999972278508,""
68318.5506048203,15.0000000494495,8.07122364531943E-06,1.0754786467855,1.00890295566493E-05,1.34434830848187,56.5480067944851,15.0000791949667,14.9999677828977,""
68333.9951047897,15.0000003550201,8.06817786570141E-06,1.07560326678617,1.00852223321268E-05,1.34450408348271,56.5481043804049,15.0000777998242,14.9999664002047,""
68349.4414744377,15.0000007376131,8.06515286687553E-06,1.07572788013434,1.00814410835944E-05,1.34465985016792,56.5482144296711,15.0000764045128,14.9999650173444,""
68364.8859746456,15.0000007639844,8.06273093825195E-06,1.07585241568955,1.00784136728149E-05,1.34481551961194,56.548294891521,15.000076546177,14.9999651724752,""
68380.3323440552,15.0000007065068,8.06048796039458E-06,1.07597694766663,1.00756099504932E-05,1.34497118458329,56.5483611904548,15.0000766878583,14.9999653276247,""
68395.7768440247,15.0000005428251,8.05870434868505E-06,1.07610141826622,1.00733804358563E-05,1.34512677283278,56.5484309435695,15.0000778236713,14.9999664772815,""
68411.2232136726,15.0000003541055,8.05705711216159E-06,1.07622589015697,1.0071321390202E-05,1.34528236269621,56.5485023633876,15.0000789596218,14.9999676270774,""
68426.6677136421,15.000000356966,8.05393434262606E-06,1.07635028497632,1.00674179282826E-05,1.3454378562204,56.5486366725366,15.0000809957898,14.9999696824557,""
68442.1140832901,15.0000004049729,8.05037194925268E-06,1.07647467639912,1.00629649365659E-05,1.3455933454989,56.5488011069334,15.0000830322044,14.9999717380828,""
68457.5585832596,15.0000003251035,8.04825502185103E-06,1.07659899029416,1.00603187773138E-05,1.34574873786771,56.5490061633729,15.0000872826351,14.9999759975002,""
68473.0049529076,15.0000002150718,8.04656812506793E-06,1.07672330063643,1.00582101563349E-05,1.34590412579554,56.5492306890033,15.0000915335804,14.9999802574333,""
68488.4494531155,15.0000001922839,8.04511956102344E-06,1.07684755946463,1.00563994512793E-05,1.34605944933078,56.5493297448852,15.0000993285542,14.9999880685988,""
68503.895822525,15.000000190074,8.04374175837994E-06,1.07697182246763,1.00546771979749E-05,1.34621477808454,56.5493688303253,15.0001071244713,14.9999958807097,""
68519.3403224945,15.0000002176927,8.04086421072558E-06,1.0770960144759,1.0051080263407E-05,1.34637001809488,56.5494791752824,15.0001126346189,15.0000014066033,""
68534.7866919041,15.0000002523561,8.03753931734248E-06,1.07722020484106,1.00469241466781E-05,1.34652525605133,56.5496235909217,15.0001181454335,15.0000069331658,""
68550.2311918736,14.9999999382809,8.03601136149341E-06,1.07734432880944,1.00450142018668E-05,1.3466804110118,56.549728684693,15.0001194053443,15.0000082022164,""
68565.6775615215,14.9999995418,8.03501883817038E-06,1.0774684524897,1.0043773547713E-05,1.34683556561213,56.5498150179302,15.0001206654077,15.0000094714207,""
68581.122061491,14.9999993843902,8.03308847933684E-06,1.0775925230432,1.0041360599171E-05,1.346990653804,56.5499112295896,15.0001191537164,15.0000079742918,""
68596.568431139,14.9999992834467,8.03087812977335E-06,1.07771659725188,1.00385976622167E-05,1.34714574656485,56.5500121735804,15.000117641842,15.0000064769817,""
68612.0129311085,14.9999997161497,8.02792699936813E-06,1.07784059241089,1.00349087492102E-05,1.34730074051361,56.5500953429849,15.0001142515331,15.000003102596,""
68627.4593007565,15.0000002750804,8.02475439329435E-06,1.07796458347444,1.00309429916179E-05,1.34745572934305,56.5501700478684,15.0001108608138,14.9999997278019,""
68642.9038007259,15.0000000506605,8.02312759027705E-06,1.07808850792986,1.00289094878463E-05,1.34761063491233,56.550251806305,15.0001063712032,14.999995247354,""
68658.3501703739,14.9999996409097,8.021961912318E-06,1.07821243198428,1.00274523903975E-05,1.34776553998035,56.5503369424035,15.000101881049,14.9999907663636,""
68673.7946703434,14.9999996830913,8.02133540438345E-06,1.0783363216377,1.00266692554793E-05,1.34792040204712,56.5503599535356,15.0001037238177,14.9999926198927,""
68689.2410399914,14.9999998322392,8.02086979229592E-06,1.07846022049521,1.00260872403699E-05,1.34807527561901,56.5503533647784,15.0001055668094,14.9999944736461,""
68704.6855399609,14.9999999461906,8.02055407666778E-06,1.07858409559609,1.00256925958347E-05,1.34823011949511,56.5503801784368,15.0001113422691,15.0000002550655,""
68720.1319096088,15.0000000518245,8.02028308847817E-06,1.07870798307607,1.00253538605977E-05,1.34838497884509,56.5504229051069,15.000117118428,15.0000060371848,""
68735.5764095783,15.0000000702084,8.02085359480095E-06,1.07883186211307,1.00260669935012E-05,1.34853982764133,56.5504165930385,15.0001211251969,15.0000100448937,""
68751.0227792263,15.000000067923,8.02167566598338E-06,1.07895575810508,1.00270945824792E-05,1.34869469763135,56.550386937608,15.0001251324509,15.0000140530878,""
68766.4672791958,14.9999998072661,8.02167941589499E-06,1.07907964601017,1.00270992698687E-05,1.34884955751272,56.5504437711663,15.0001266379811,15.0000155650314,""
68781.9136486053,14.9999994853216,8.02143851535006E-06,1.07920355097703,1.00267981441876E-05,1.34900443872129,56.5505417604672,15.0001281436935,15.000017077158,""
68797.3581485748,14.9999997480954,8.01967898223388E-06,1.07932741176285,1.00245987277924E-05,1.34915926470356,56.5506029564158,15.0001275636274,15.0000165031453,""
68812.8045182228,15.0000001495944,8.01746496379816E-06,1.07945127881294,1.00218312047477E-05,1.34931409851618,56.5506466692114,15.0001269834911,15.0000159290631,""
68828.2490181923,15.000000158844,8.01447257105205E-06,1.07957506620551,1.00180907138151E-05,1.34946883275689,56.5506326894552,15.0001213581741,15.0000103123328,""
68843.6953878403,15.0000000750096,8.01124680713482E-06,1.07969884923273,1.00140585089185E-05,1.34962356154091,56.550591291409,15.0001157321761,15.0000046949226,""
68859.1398880482,14.9999998427873,8.00974637167264E-06,1.07982256723828,1.00121829645908E-05,1.34977820904785,56.5505704226699,15.0001108908356,14.9999998604942,""
68874.5862574577,14.9999995752969,8.00876215590572E-06,1.07994628523624,1.00109526948822E-05,1.3499328565453,56.5505593004292,15.0001060489092,14.9999950254807,""
68890.0307574272,14.9999996545334,8.00721900125794E-06,1.08006995623081,1.00090237515724E-05,1.35008744528851,56.5505641482931,15.0001045826087,14.9999935667268,""
68905.4771270752,14.9999998161529,8.00550822337088E-06,1.08019363260381,1.00068852792136E-05,1.35024204075476,56.5505765776862,15.0001031161307,14.9999921077963,""
68920.9216270447,14.9999997626577,8.00262483125322E-06,1.08031723522981,1.00032810390665E-05,1.35039654403726,56.5506333077549,15.0001051429453,14.9999941461413,""
68936.3679966927,14.9999996580225,7.99938968814846E-06,1.08044083520811,9.99923711018557E-06,1.35055104401014,56.5507110648623,15.0001071700053,14.999996184733,""
68951.8124966621,14.9999997413986,7.99721241784609E-06,1.08056435967443,9.99651552230761E-06,1.35070544959304,56.5507517261342,15.0001100893045,14.9999991156341,""
68967.2588663101,14.9999998695009,7.99535185834714E-06,1.08068788094451,9.99418982293393E-06,1.35085985118064,56.5507748055954,15.0001130089572,15.00000204689,""
68982.703366518,15.0000000521825,7.99366179466896E-06,1.0808113456821,9.9920772433362E-06,1.35101418210263,56.5508230856487,15.0001169659971,15.0000060108309,""
68998.1497356892,15.0000002478788,7.99202258524631E-06,1.08093481289094,9.99002823155788E-06,1.35116851611367,56.5508833165982,15.0001209235158,15.0000099752516,""
69013.5942356586,14.9999999878204,7.99010133384242E-06,1.08105822184996,9.98762666730303E-06,1.35132277731245,56.5508436321154,15.0001264357985,15.0000155008982,""
69029.0406053066,14.9999996192168,7.988095179994E-06,1.08118163275632,9.9851189749925E-06,1.3514770409454,56.5507566179886,15.0001319487485,15.0000210272138,""
69044.4851052761,14.9999996322583,7.98612919955356E-06,1.0813049816777,9.98266149944194E-06,1.35163122709712,56.5508031355888,15.0001378299589,15.0000269148642,""
69059.9314749241,14.9999997362128,7.98417496491112E-06,1.0814283314119,9.9802187061389E-06,1.35178541426488,56.5509128705091,15.0001437118812,15.0000328032274,""
69075.3759748936,14.9999999409766,7.98167950207329E-06,1.08155161142624,9.97709937759161E-06,1.3519395142828,56.5510088134577,15.0001485807984,15.0000376859772,""
69090.8223445416,15.0000001697976,7.97902116804167E-06,1.08167488991471,9.97377646005208E-06,1.35209361239339,56.551098248526,15.000153450305,15.0000425693182,""
69106.266844511,15.0000000146162,7.9793406102095E-06,1.08179813632424,9.97417576276187E-06,1.3522476704053,56.551095417664,15.0001558773906,15.0000449959254,""
69121.713214159,14.9999997678403,7.98055440891447E-06,1.08192139250042,9.97569301114308E-06,1.35240174062552,56.5510489594624,15.00015830477,15.0000474228263,""
69137.1577141285,14.9999999017973,7.98167173610248E-06,1.08204466109955,9.97708967012809E-06,1.35255582637443,56.5510695692725,15.0001606541495,15.0000497763729,""
69152.6040837765,15.0000001266146,7.98276025425895E-06,1.08216795283731,9.97845031782369E-06,1.35270994104664,56.5511218774497,15.0001630038134,15.0000521302043,""
69168.048583746,15.0000001703347,7.98090838122709E-06,1.08229121008818,9.97613547653386E-06,1.35286401261023,56.5511182222257,15.0001647985932,15.0000539334202,""
69183.4949533939,15.0000001708297,7.97817241014366E-06,1.08241447637939,9.97271551267957E-06,1.35301809547423,56.5510881341114,15.0001665935903,15.0000557368544,""
69198.9394533634,14.999999912727,7.97599999416069E-06,1.08253767147728,9.96999999270086E-06,1.3531720893466,56.5511247333709,15.0001691833685,15.0000583309725,""
69214.385822773,14.9999995928197,7.97399669618113E-06,1.08266086456383,9.96749587022641E-06,1.35332608070479,56.5511928189645,15.0001717734602,15.0000609254045,""
69229.8303229809,14.9999999435457,7.97261591519261E-06,1.08278400478547,9.96576989399076E-06,1.35348000598184,56.5512611846318,15.0001721607468,15.0000613186632,""
69245.2766923904,15.0000004545908,7.9714221836998E-06,1.08290714849071,9.96427772962475E-06,1.35363393561338,56.5513296946123,15.0001725480802,15.0000617119695,""
69260.7211923599,15.000000570152,7.96912066467401E-06,1.08303023183634,9.9614008308425E-06,1.35378778979542,56.5512805348428,15.0001704783884,15.000059651706,""
69276.1675620079,15.0000005911678,7.96648539898675E-06,1.08315331640078,9.95810674873343E-06,1.35394164550098,56.5511758819479,15.000168408446,15.0000575911931,""
69291.6120619774,15.0000004235383,7.96309306190926E-06,1.08327631180507,9.95386632738657E-06,1.35409538975634,56.5512509387596,15.0001646312802,15.0000538303473,""
69307.0584316254,15.0000002107532,7.9594722591485E-06,1.08339929973828,9.94934032393563E-06,1.35424912467285,56.5514106996705,15.000160853657,15.0000500690462,""
69322.5029315948,15.0000001094808,7.95675207939778E-06,1.08352220073682,9.94594009924722E-06,1.35440275092103,56.5515427090764,15.0001564553745,15.000045680247,""
69337.9493012428,15.0000000348851,7.95430273321705E-06,1.08364509491051,9.94287841652131E-06,1.35455636863814,56.551661670973,15.0001520565595,15.0000412909164,""
69353.3938014507,15.0000002395511,7.95303507063836E-06,1.08376793432027,9.94129383829795E-06,1.35470991790034,56.551765964146,15.0001465715089,15.0000358143226,""
69368.8401708603,15.0000005111285,7.95212327058738E-06,1.08389077657581,9.94015408823423E-06,1.35486347071976,56.5518633707257,15.0001410857945,15.000030337066,""
69384.2846708298,15.0000003103412,7.94939113250125E-06,1.08401355420481,9.93673891562657E-06,1.35501694275601,56.5519393102682,15.0001365056688,15.0000257709091,""
69399.7310404778,14.9999999963358,7.94610983825476E-06,1.0841363316957,9.93263729781845E-06,1.35517041461963,56.5520051635506,15.0001319249887,15.0000212041994,""
69415.1755404472,14.9999999667186,7.9432164579032E-06,1.08425902244037,9.929020572379E-06,1.35532377805046,56.5521232797617,15.0001336889772,15.0000229841705,""
69430.6219100952,15.0000000052785,7.94043960315559E-06,1.08438170635709,9.92554950394448E-06,1.35547713294636,56.5522659918966,15.0001354531793,15.0000247643571,""
69446.0664103031,15.0000000376552,7.93923027688825E-06,1.08450433373952,9.92403784611031E-06,1.3556304171744,56.5522872887161,15.0001353965143,15.0000247156249,""
69461.5127794743,15.0000000685536,7.93849366717769E-06,1.08462696338348,9.92311708397211E-06,1.35578370422935,56.5522515295805,15.0001353398424,15.0000246668868,""
69476.9572794437,14.999999913771,7.93654359187275E-06,1.08474954196557,9.92067948984093E-06,1.35593692745696,56.5523309695172,15.0001349706347,15.0000243112082,""
69492.4036490917,14.9999997144008,7.934226968711E-06,1.08487212445308,9.91778371088875E-06,1.35609015556636,56.5524645318555,15.0001346013822,15.0000239554865,""
69507.8481490612,14.9999998275331,7.93109643179739E-06,1.08499462456527,9.91387053974674E-06,1.35624328070659,56.5525807465514,15.0001334583993,15.0000228276467,""
69523.2945187092,15.0000000157249,7.92771965019775E-06,1.08511711911246,9.90964956274719E-06,1.35639639889057,56.5526888383791,15.000132315278,15.0000216996704,""
69538.7390186787,14.9999998393052,7.92552666887195E-06,1.08523953700521,9.90690833608994E-06,1.35654942125652,56.5527007767006,15.0001297265214,15.0000191213105,""
69554.1853883266,14.9999995752567,7.92369092273382E-06,1.08536195103969,9.90461365341728E-06,1.35670243879962,56.5526676047264,15.0001271374515,15.0000165426385,""
69569.6298882961,14.9999995424619,7.92308630931081E-06,1.08548432572495,9.90385788663851E-06,1.35685540715619,56.5526415968278,15.0001281007563,15.0000175125392,""
69585.0762579441,14.9999995652534,7.92285363152829E-06,1.08560670781056,9.90356703941036E-06,1.3570083847632,56.5526189436081,15.0001290641776,15.0000184825572,""
69600.5207579136,14.9999997360311,7.92036463884976E-06,1.0857290347125,9.9004557985622E-06,1.35716129339063,56.5526681599629,15.0001295531727,15.0000189898174,""
69615.9671275616,14.9999999424279,7.91719314717216E-06,1.08585136421731,9.89649143396521E-06,1.35731420527164,56.5527510666318,15.000130042227,15.000019497139,""
69631.4116275311,14.9999998968358,7.91470975115728E-06,1.08597361432291,9.8933871889466E-06,1.35746701790363,56.5528166328319,15.0001298807888,15.0000193471544,""
69646.857997179,14.9999997905962,7.91243406721697E-06,1.08609585969064,9.89054258402122E-06,1.3576198246133,56.5528740886304,15.0001297193311,15.0000191971516,""
69662.3024971485,14.9999999193688,7.91066126748063E-06,1.08621804406018,9.88832658435078E-06,1.35777255507523,56.5528476827528,15.0001288624623,15.0000183498164,""
69677.7488665581,15.0000001047461,7.9090403400379E-06,1.08634022923897,9.88630042504737E-06,1.35792528654871,56.5527820143186,15.0001280054898,15.0000175023786,""
69693.193366766,15.0000000204381,7.90776377212303E-06,1.08646236651353,9.88470471515379E-06,1.35807795814191,56.5527995322613,15.0001244089761,15.0000139176274,""
69708.6397361755,14.9999998711488,7.90659123456507E-06,1.08658450854445,9.88323904320633E-06,1.35823063568056,56.5528559733579,15.0001208120272,15.0000103324424,""
69724.084236145,14.9999999658006,7.90369831336355E-06,1.08670658141785,9.87962289170443E-06,1.35838322677231,56.5528111815656,15.0001154371851,15.0000049740692,""
69739.530605793,15.0000001192649,7.9002839921022E-06,1.08682865260204,9.87535499012775E-06,1.35853581575255,56.5527190448305,15.0001100616923,14.9999996150473,""
69754.9751057625,15.000000051291,7.89784798861061E-06,1.08695064317258,9.87230998576326E-06,1.35868830396573,56.5526329732648,15.0001071074106,14.9999966688402,""
69770.4214754105,14.9999999299042,7.89570796366796E-06,1.08707262856434,9.86963495458495E-06,1.35884078570543,56.552549720931,15.0001041527712,14.9999937222764,""
69785.8659753799,14.9999999188924,7.89418142337734E-06,1.08719455793427,9.86772677922168E-06,1.35899319741784,56.5526773603878,15.0001083909532,14.9999979754372,""
69801.3123450279,14.9999999345116,7.89284056203104E-06,1.08731648956026,9.8660507025388E-06,1.35914561195033,56.5529035265887,15.0001126296482,15.0000022291129,""
69816.7568452358,14.9999998110831,7.89036437555582E-06,1.08743835710899,9.86295546944478E-06,1.35929794638624,56.5528976191085,15.0001185425677,15.0000081529204,""
69832.2032146454,14.9999996540671,7.88754359119029E-06,1.08756022445231,9.85942948898786E-06,1.35945028056539,56.5527833732472,15.0001244562027,15.0000140774449,""
69847.6477146149,14.9999998059723,7.88615268153305E-06,1.08768203227437,9.85769085191631E-06,1.35960254034297,56.5527541226457,15.0001245123971,15.0000141449759,""
69863.0940842628,15.0000000325201,7.88519523896717E-06,1.08780384126109,9.85649404870897E-06,1.35975480157636,56.5527645224611,15.0001245685982,15.0000142125151,""
69878.5385842323,14.9999999719177,7.88303626606364E-06,1.08792559425382,9.85379533257955E-06,1.35990699281728,56.5527460007136,15.0001182990262,15.0000079568314,""
69893.9849538803,14.9999998419083,7.88051237431287E-06,1.08804734946785,9.85064046789109E-06,1.36005918683481,56.5527139894877,15.0001120286953,15.0000017003903,""
69909.4294538498,14.9999999181132,7.87763548855865E-06,1.08816902468242,9.84704436069832E-06,1.36021128085302,56.5525952076943,15.0001065645468,14.9999962526892,""
69924.8758232594,15.0000000441938,7.87465099663369E-06,1.08829069481207,9.84331374579212E-06,1.36036336851508,56.5524359660901,15.0001010997369,14.9999908043288,""
69940.3203232288,14.9999999796203,7.87285773246497E-06,1.08841229789825,9.84107216558121E-06,1.36051537237281,56.5524189541949,15.0001036092174,14.9999933232329,""
69955.7666928768,14.999999868911,7.87142593370726E-06,1.08853389981575,9.83928241713408E-06,1.36066737476969,56.5524681873158,15.0001061190017,14.9999958424419,""
69971.2111928463,14.9999998447431,7.869907714228E-06,1.08865545175599,9.83738464278501E-06,1.36081931469499,56.5524846326641,15.0001144669953,15.0000042021942,""
69986.6575624943,14.9999998415203,7.86836300038819E-06,1.08877700769828,9.83545375048524E-06,1.36097125962285,56.5524858175033,15.0001228159995,15.0000125629584,""
70002.1020624638,14.9999999660839,7.86631581557336E-06,1.08889850457078,9.83289476946671E-06,1.36112313071348,56.5525501928823,15.0001309915922,15.0000207522953,""
70017.5484321117,15.0000001216154,7.86411559373081E-06,1.08902000266879,9.83014449216351E-06,1.36127500333599,56.5526439798348,15.0001391681747,15.0000289426236,""
70032.9929320812,15.0000002082078,7.86213739388881E-06,1.08914143737017,9.82767174236102E-06,1.36142679671272,56.5527202896131,15.0001435185474,15.000033303023,""
70048.4393017292,15.0000002781078,7.86022638760067E-06,1.08926287196616,9.82528298450083E-06,1.36157858995769,56.5527884860023,15.0001478694469,15.0000376639502,""
70063.8838016987,15.0000003862464,7.85701762804389E-06,1.08938422655408,9.82127203505487E-06,1.36173028319261,56.5527736003141,15.0001489869849,15.000038796674,""
70079.3301713467,15.0000005036724,7.85341361815599E-06,1.08950557596513,9.81676702269499E-06,1.36188196995641,56.552720100226,15.0001501046582,15.0000399295348,""
70094.7746713161,15.000000596202,7.85237155069889E-06,1.08962686490293,9.81546443837361E-06,1.36203358112866,56.5526614135396,15.0001503249444,15.0000401578885,""
70110.2210409641,15.0000006827061,7.85210891575864E-06,1.08974815458977,9.8151361446983E-06,1.36218519323722,56.5526003073637,15.0001505452572,15.0000403862697,""
70125.6655409336,15.0000005222507,7.85061228090737E-06,1.08986940431537,9.81326535113421E-06,1.36233675539422,56.5526028794623,15.0001499417964,15.0000397966207,""
70141.1119103432,15.0000003018315,7.84873975089838E-06,1.08999066102059,9.81092468862297E-06,1.36248832627574,56.5526350129416,15.0001493382625,15.0000392069004,""
70156.5564103127,15.000000442468,7.84584098207616E-06,1.09011184285902,9.8073012275952E-06,1.36263980357377,56.5526337897084,15.0001428534147,15.0000327339601,""
70172.0027799606,15.000000670804,7.84262921619148E-06,1.09023302103407,9.80328652023935E-06,1.36279127629259,56.552617089957,15.0001363677818,15.0000262602363,""
70187.4472801685,15.0000005354307,7.84069084167807E-06,1.09035412816711,9.80086355209758E-06,1.36294266020889,56.5527509468086,15.0001305505925,15.0000204571109,""
70202.8936495781,15.0000003116672,7.83914012886269E-06,1.09047523277905,9.79892516107837E-06,1.36309404097381,56.5529546411086,15.0001247326992,15.0000146532831,""
70218.3381495476,15.0000002214196,7.8379891972775E-06,1.09059629219631,9.79748649659688E-06,1.36324536524539,56.5530112688721,15.0001207387032,15.0000106671618,""
70233.7845191956,15.0000001636159,7.83695993621298E-06,1.09071735695984,9.79619992026623E-06,1.3633966961998,56.5529997494237,15.0001167442238,15.0000066805579,""
70249.229019165,15.0000000137378,7.83455225138363E-06,1.09083836141303,9.79319031422954E-06,1.36354795176629,56.553140086341,15.000115052034,15.0000050030361,""
70264.675388813,14.9999998414423,7.83172387435541E-06,1.09095936659149,9.78965484294427E-06,1.36369920823936,56.5533507858167,15.0001133596395,15.0000033253113,""
70280.1198887825,14.9999998202439,7.82979810957837E-06,1.09108030411661,9.78724763697296E-06,1.36385038014577,56.5533983637893,15.0001153662785,15.0000053424028,""
70295.5662584305,14.9999998358128,7.82814737946932E-06,1.09120124011078,9.78518422433665E-06,1.36400155013847,56.5533704369058,15.0001173731604,15.0000073597385,""
70311.0107586384,14.9999998705966,7.82576778778458E-06,1.09132211114097,9.78220973473072E-06,1.36415263892621,56.5533300876421,15.0001219873815,15.0000119879458,""
70326.4571280479,14.9999999100643,7.82316539251593E-06,1.09144298143949,9.77895674064491E-06,1.36430372679936,56.5532839838027,15.000126602161,15.0000166167133,""
70341.9016280174,14.9999996687664,7.82187428448352E-06,1.09156379577607,9.77734285560439E-06,1.36445474472008,56.5532549971908,15.0001359975089,15.0000260205499,""
70357.347997427,14.9999993590336,7.82098330330281E-06,1.0916846121159,9.77622912912851E-06,1.36460576514487,56.5532339206017,15.0001453939941,15.0000354255249,""
70372.7924973965,14.9999995387894,7.81838825251951E-06,1.09180536642888,9.77298531564938E-06,1.3647567080361,56.5532425774988,15.0001549019713,15.0000449509523,""
70388.2388670444,14.9999998378821,7.81527233332871E-06,1.09192612087999,9.76909041666089E-06,1.36490765109999,56.5532649772537,15.0001644110995,15.0000544775328,""
70403.6833670139,14.9999996977388,7.81300904853501E-06,1.09204680015817,9.76626131066876E-06,1.36505850019771,56.5532860266069,15.0001695585483,15.0000596340673,""
70419.1297366619,14.9999994504565,7.81100592469534E-06,1.09216747554054,9.76375740586917E-06,1.36520934442568,56.5533064559468,15.0001747066202,15.0000647912261,""
70434.5742366314,14.99999956898,7.80965083608173E-06,1.09228809893385,9.76206354510216E-06,1.36536012366732,56.5533000625942,15.0001767622853,15.0000668560676,""
70450.0206062794,14.9999997767788,7.80849361841604E-06,1.09240872550159,9.76061702302005E-06,1.36551090687699,56.5532812858858,15.0001788181992,15.000068921159,""
70465.4651062489,14.9999997023858,7.80736023360659E-06,1.09252931046056,9.75920029200824E-06,1.3656616380757,56.553223252452,15.0001791086166,15.0000692243262,""
70480.9114758968,14.9999995590895,7.80623395760598E-06,1.09264990175745,9.75779244700747E-06,1.36581237719681,56.553147096725,15.0001793990691,15.0000695275302,""
70496.3559758663,14.9999997824297,7.80566827935385E-06,1.09277046047524,9.75708534919231E-06,1.36596307559405,56.5531367821432,15.0001767627318,15.0000668943381,""
70511.8023455143,15.0000000953586,7.80527400968234E-06,1.09289102828578,9.75659251210293E-06,1.36611378535723,56.5531568261004,15.0001741260753,15.0000642608272,""
70527.2468454838,14.9999998650104,7.80371057634705E-06,1.0930115541182,9.75463822043381E-06,1.36626444264775,56.5531886269542,15.0001701109282,15.0000602572138,""
70542.6932151318,14.9999995018558,7.80178907944147E-06,1.09313208615941,9.75223634930184E-06,1.36641510769927,56.5532258516797,15.0001660952951,15.0000562531157,""
70558.1377151012,14.9999996616015,7.79997536453198E-06,1.09325255983275,9.74996920566497E-06,1.36656569979093,56.5532902496423,15.000164398193,15.0000545649182,""
70573.5840847492,14.999999949231,7.79819436240291E-06,1.09337303468516,9.74774295300363E-06,1.36671629335645,56.5533671749491,15.0001627008854,15.0000528765164,""
70589.0285847187,14.9999999790922,7.79543507900789E-06,1.09349343772799,9.74429384875987E-06,1.36686679715998,56.5533418560089,15.0001636784561,15.0000538626541,""
70604.4749541283,14.9999999458951,7.79237571715754E-06,1.09361383781428,9.74046964644693E-06,1.36701729726785,56.5532694654278,15.0001646561452,15.000054848911,""
70619.9194540977,14.9999999520063,7.79121727924745E-06,1.0937341803509,9.73902159905931E-06,1.36716772543862,56.5531046812817,15.0001652150347,15.0000554161268,""
70635.3658237457,14.9999999677404,7.79064113813659E-06,1.09385452428507,9.73830142267073E-06,1.36731815535634,56.5528973593572,15.0001657739918,15.0000559834112,""
70650.8103237152,15.0000000009586,7.79007221806278E-06,1.09397484014222,9.73759027257848E-06,1.36746855017778,56.5528535890988,15.000166089817,15.0000563080326,""
70666.2566933632,15.0000000384639,7.78950542157232E-06,1.09409516642258,9.7368817769654E-06,1.36761895802823,56.5528850161457,15.0001664056804,15.0000566326933,""
70681.7011935711,14.9999999418107,7.78747319991906E-06,1.09421544210564,9.73434149989882E-06,1.36776930263205,56.5530069888139,15.000168656789,15.0000588941597,""
70697.1475629807,14.999999812269,7.78499125601042E-06,1.09433572129329,9.73123907001303E-06,1.36791965161662,56.5531705947577,15.0001709081701,15.0000611558998,""
70712.5920629501,14.9999998888082,7.78329627125641E-06,1.09445593940967,9.72912033907052E-06,1.36806992426209,56.5531565167543,15.0001745163879,15.0000647705801,""
70728.0384325981,15.0000000158833,7.78184245291687E-06,1.0945761578074,9.72730306614608E-06,1.36822019725925,56.5530608244961,15.0001781250426,15.000068385698,""
70743.4829325676,15.0000000305473,7.78025853851273E-06,1.09469632528119,9.72532317314091E-06,1.36837040660149,56.5530153057815,15.0001817653647,15.000072035839,""
70758.9293022156,15.0000000176394,7.77863444452673E-06,1.09481649613749,9.72329305565841E-06,1.36852062017186,56.5529928112347,15.0001854061276,15.000075686422,""
70774.3738024235,14.9999997534554,7.77625022592296E-06,1.09493660232502,9.7203127824037E-06,1.36867075290627,56.5529486545171,15.0001883883139,15.000078677204,""
70789.820171833,14.9999994275617,7.77363223823687E-06,1.09505670765627,9.71704029779608E-06,1.36882088457033,56.5528945515466,15.0001913708612,15.0000816683481,""
70805.2646718025,14.9999995497194,7.77131106432757E-06,1.09517674116837,9.71413883040946E-06,1.36897092646047,56.5529581616726,15.000191946474,15.0000822564021,""
70820.7110412121,14.9999997819176,7.76908069524569E-06,1.0952967716119,9.7113508690571E-06,1.36912096451488,56.5530757586791,15.0001925221566,15.0000828445272,""
70836.1555411816,14.9999998260734,7.76667993583822E-06,1.09541673219407,9.70834991979777E-06,1.36927091524259,56.5531238678791,15.0001910533838,15.0000813866948,""
70851.6019108295,14.9999998240363,7.76422643650358E-06,1.09553669029242,9.70528304562948E-06,1.36942086286552,56.5531401408252,15.0001895844332,15.0000799286859,""
70867.046410799,14.9999999134993,7.76418786422711E-06,1.09565661320221,9.70523483028389E-06,1.36957076650277,56.5531238344329,15.0001860840747,15.0000764317174,""
70882.492780447,15.000000025468,7.76489168155948E-06,1.09577654427498,9.70611460194935E-06,1.36972068034372,56.5530926031479,15.0001825832925,15.0000729343255,""
70897.9372804165,15.0000001553732,7.76235345565038E-06,1.09589642738196,9.70294181956298E-06,1.36987053422745,56.5530919750055,15.0001744051884,15.0000647696732,""
70913.3836500645,15.0000002897094,7.7588177549697E-06,1.09601631471345,9.69852219371212E-06,1.37002039339181,56.5531053557547,15.0001662260943,15.0000566040325,""
70928.828150034,15.000000291573,7.75764050930681E-06,1.09613614043925,9.69705063663351E-06,1.37017017554906,56.5531955899199,15.0001580719107,15.0000484560307,""
70944.2745196819,15.0000002608387,7.75718870259823E-06,1.0962559661797,9.69648587824779E-06,1.37031995772462,56.5533210009296,15.0001499167401,15.0000403070424,""
70959.7190196514,15.0000002450334,7.75504091345656E-06,1.09637574054803,9.6938011418207E-06,1.37046967568504,56.5532358879357,15.0001426813349,15.0000330846087,""
70975.1653892994,15.0000002329013,7.75237076943339E-06,1.09649551806683,9.69046346179174E-06,1.37061939758354,56.5530544979956,15.0001354450539,15.0000258613005,""
70990.6098892689,15.0000004788838,7.75069854183377E-06,1.09661523343723,9.68837317729221E-06,1.37076904179653,56.5530777003973,15.0001306772152,15.0000211019321,""
71006.0562589169,15.0000007884861,7.74933332803523E-06,1.09673494862589,9.68666666004403E-06,1.37091868578236,56.5531944039887,15.0001259087993,15.0000163419875,""
71021.5007588863,15.0000008105703,7.74776063304736E-06,1.09685461387829,9.6847007913092E-06,1.37106826734787,56.5532240648569,15.0001217755682,15.0000122163397,""
71036.9471285343,15.0000007617948,7.74612377540742E-06,1.09697428269696,9.68265471925927E-06,1.3712178533712,56.5532139754749,15.0001176418368,15.0000080901924,""
71052.3916285038,15.0000006310963,7.74335964733126E-06,1.0970938809665,9.67919955916408E-06,1.37136735120812,56.5532003165687,15.0001152727826,15.000005733751,""
71067.8379979134,15.0000004801763,7.74024768996664E-06,1.09721347643312,9.6753096124583E-06,1.3715168455414,56.5531850258437,15.0001129034416,15.0000033770244,""
71083.2824978828,15.0000003605771,7.73749108930325E-06,1.09733298943652,9.67186386162907E-06,1.37166623679565,56.5532337550097,15.0001164955362,15.0000069831028,""
71098.7288675308,15.0000002486875,7.73484360707114E-06,1.09745249594468,9.66855450883892E-06,1.37181561993085,56.5533117000286,15.0001200880657,15.0000105896179,""
71114.1733675003,15.0000001944739,7.73445585573838E-06,1.0975719603864,9.66806981967298E-06,1.371964950483,56.5534141517878,15.0001239304267,15.0000144372084,""
71129.6197371483,15.0000001544896,7.73476499180983E-06,1.09769143077647,9.66845623976229E-06,1.37211428847059,56.5535277958208,15.0001277732528,15.0000182852648,""
71145.0642373562,15.0000000658089,7.73328844426645E-06,1.09781086642338,9.66661055533307E-06,1.37226358302922,56.5535567207925,15.0001301385963,15.0000206611823,""
71160.5106067657,14.9999999650875,7.73126069648176E-06,1.09793031026593,9.6640758706022E-06,1.37241288783241,56.5535470436678,15.0001325042262,15.0000230373873,""
71175.9551067352,15.0000000672942,7.72855202617548E-06,1.0980496812707,9.66069003271935E-06,1.37256210158838,56.5535937532973,15.0001323284508,15.0000228748005,""
71191.4014763832,15.000000219663,7.72563274516255E-06,1.09816904870329,9.65704093145319E-06,1.37271131087911,56.553666152616,15.0001321526541,15.000022712194,""
71206.8459763527,15.0000000119377,7.72320343442716E-06,1.0982883403534,9.65400429303395E-06,1.37286042544175,56.5537981247406,15.0001332330998,15.0000238030086,""
71222.2923460007,14.9999997151497,7.72092504022922E-06,1.0984076275027,9.65115630028653E-06,1.37300953437838,56.5539572373922,15.0001343136762,15.0000248939552,""
71237.7368459702,14.9999998604168,7.72074324406784E-06,1.09852687882681,9.6509290550848E-06,1.37315859853351,56.554056487016,15.0001366838226,15.0000272687843,""
71253.1832156181,15.0000001150593,7.72120910552052E-06,1.09864613797972,9.65151138190064E-06,1.37330767247466,56.554128520078,15.000139054256,15.0000296439009,""
71268.627715826,14.9999999087966,7.71873981681389E-06,1.09876534835596,9.64842477101736E-06,1.37345668544495,56.554168983566,15.0001403888375,15.0000309919352,""
71284.0740849972,14.9999995884265,7.71536303481112E-06,1.09888456254312,9.6442037935139E-06,1.3736057031789,56.5541951000265,15.0001417235805,15.0000323401326,""
71299.5185849667,14.9999995489283,7.71142504146096E-06,1.09900367395828,9.6392813018262E-06,1.37375459244784,56.5543081692389,15.0001491962874,15.0000398309921,""
71314.9649546146,14.9999995789779,7.70731291240146E-06,1.09912277247539,9.63414114050183E-06,1.37390346559424,56.5544607720376,15.000156669899,15.0000473227584,""
71330.4094545841,14.9999995365072,7.7057291561062E-06,1.0992417986109,9.63216144513275E-06,1.37405224826362,56.5545699832791,15.0001664950111,15.0000571562662,""
71345.8558242321,14.9999994760621,7.70492717166426E-06,1.09936082122461,9.63115896458033E-06,1.37420102653077,56.5546595065604,15.0001763213127,15.0000669909643,""
71361.3003242016,14.9999995913699,7.70474226631201E-06,1.09947982004319,9.63092783289002E-06,1.37434977505398,56.5545642570563,15.000185588475,15.0000762614074,""
71376.7466938496,14.9999997502635,7.70474827095218E-06,1.0995988303622,9.63093533869023E-06,1.37449853795275,56.5543851196442,15.0001948567592,15.0000855329727,""
71392.191193819,14.9999997138939,7.70509583751285E-06,1.09971783169322,9.63136979689106E-06,1.37464728961653,56.5542910286815,15.0001998810295,15.0000905631378,""
71407.637563467,14.9999996290886,7.70554918961815E-06,1.09983684910746,9.63193648702269E-06,1.37479606138433,56.5542355032652,15.0002049059081,15.0000955939118,""
71423.0820634365,14.9999995853977,7.70385186386724E-06,1.09995582958908,9.62981482983404E-06,1.37494478698635,56.5541961080443,15.0002078557728,15.0000985546476,""
71438.5284330845,14.9999995519031,7.70148825702466E-06,1.10007481749752,9.62686032128082E-06,1.3750935218719,56.554164019378,15.0002108059946,15.0001015157419,""
71453.972933054,14.9999997878018,7.69922382854856E-06,1.10019373679123,9.6240297856857E-06,1.37524217098904,56.5541661330426,15.000209892504,15.0001006080842,""
71469.419302702,15.0000000906227,7.6969897665708E-06,1.10031265368408,9.6212372082135E-06,1.3753908171051,56.5541837457886,15.0002089789028,15.0000997003167,""
71484.8638026714,14.9999997983231,7.69611005546957E-06,1.10043152441846,9.62013756933696E-06,1.37553940552307,56.5540600390291,15.0002122191084,15.0001029474105,""
71500.310172081,14.9999993581416,7.69564995409958E-06,1.10055039969542,9.61956244262448E-06,1.37568799961928,56.5538723080163,15.0002154597062,15.0001061948974,""
71515.7546722889,14.9999995166045,7.69424599369917E-06,1.10066923515909,9.61780749212396E-06,1.37583654394886,56.5538043340262,15.0002223164489,15.0001130604251,""
71531.2010416985,14.9999998238823,7.6925491651854E-06,1.10078807712011,9.61568645648176E-06,1.37598509640014,56.5537905545133,15.0002291740215,15.0001199267838,""
71546.6455416679,14.9999997718594,7.69026431862913E-06,1.10090685560847,9.61283039828642E-06,1.37613356951058,56.5537941070748,15.0002277170524,15.0001184772438,""
71562.0919113159,14.9999996304789,7.68779671956472E-06,1.10102563324758,9.6097458994559E-06,1.37628204155948,56.5538055009679,15.000226259907,15.0001170275284,""
71577.5364112854,14.999999864854,7.68699699206988E-06,1.10114436409718,9.60874624008735E-06,1.37643045512148,56.5538020770391,15.0002155191606,15.0001062924506,""
71592.9827809334,15.0000001927553,7.68671468395408E-06,1.10126309926123,9.6083933549426E-06,1.37657887407654,56.5537919529854,15.000204777114,15.0000955560731,""
71608.4272809029,14.9999999396795,7.68430715588557E-06,1.1013817805722,9.60538394485696E-06,1.37672722571525,56.5537730738123,15.0001915411538,15.0000823305421,""
71623.8736505508,14.9999995419385,7.68123951582566E-06,1.10150046399295,9.60154939478208E-06,1.37687557999118,56.5537502351383,15.0001783035913,15.00006910341,""
71639.3181507587,14.9999997702927,7.67904222688248E-06,1.10161907418668,9.59880278360311E-06,1.37702384273335,56.5536391449127,15.0001699586982,15.0000607676324,""
71654.7645201683,15.0000001546216,7.67711488109015E-06,1.10173768045304,9.59639360136269E-06,1.3771721005663,56.5534881793855,15.0001616127952,15.000052430846,""
71670.2090201378,15.0000002129606,7.67553723182411E-06,1.10185623234161,9.59442153978013E-06,1.37732029042701,56.5534271924412,15.0001570551357,15.0000478807162,""
71685.6553897858,15.0000001900722,7.6740679761301E-06,1.1019747861459,9.59258497016262E-06,1.37746848268237,56.5534068075739,15.0001524969245,15.0000433300357,""
71701.0998897552,15.0000001676073,7.67310138458078E-06,1.10209329873944,9.59137673072597E-06,1.3776166234243,56.5533254463025,15.0001518749413,15.0000427163779,""
71716.5462594032,15.0000001452445,7.67229087080652E-06,1.10221181733041,9.59036358850815E-06,1.37776477166301,56.5532165639358,15.0001512528828,15.0000421026458,""
71731.9907593727,15.0000002006492,7.67113034633709E-06,1.10233029707035,9.58891293292136E-06,1.37791287133793,56.553182856719,15.0001507506174,15.0000416057003,""
71747.4371287823,15.000000275462,7.66986080818384E-06,1.10244878353101,9.5873260102298E-06,1.37806097941376,56.55318303636,15.0001502482912,15.0000411086946,""
71762.8816287518,15.0000001706816,7.6676825278494E-06,1.10256721170264,9.58460315981175E-06,1.3782090146283,56.5531667711289,15.0001505199706,15.0000413937022,""
71778.3279983997,15.0000000210608,7.66522123043005E-06,1.10268564053864,9.58152653803756E-06,1.3783570506733,56.5531430930463,15.0001507916828,15.0000416787444,""
71793.7724983692,14.9999999096824,7.66234913815254E-06,1.10280399070778,9.57793642269068E-06,1.37850498838472,56.5531354582969,15.0001541253205,15.0000450213129,""
71809.2188680172,14.9999998078371,7.65934875735182E-06,1.1029223351827,9.57418594668977E-06,1.37865291897837,56.5531350471845,15.0001574593618,15.0000483642861,""
71824.6633679867,15.0000000135945,7.65744598247591E-06,1.10304061160602,9.57180747809489E-06,1.37880076450753,56.5530785992709,15.0001591929596,15.0000501076464,""
71840.1097376347,15.0000002962378,7.65588460066869E-06,1.10315888561996,9.56985575083586E-06,1.37894860702494,56.5529969200226,15.0001609267673,15.0000518512177,""
71855.5542376041,15.0000002134237,7.65437577642404E-06,1.10327710935125,9.56796972053006E-06,1.37909638668906,56.552971351835,15.0001607947192,15.0000517274371,""
71871.0006072521,15.0000000392395,7.65288308092116E-06,1.10339533619191,9.56610385115145E-06,1.37924417023988,56.5529710197277,15.000160662655,15.0000516036415,""
71886.4451072216,14.9999999475441,7.65083135098851E-06,1.10351350493026,9.56353918873563E-06,1.37939188116282,56.5529918789594,15.0001629621567,15.0000539156029,""
71901.8914768696,14.9999998764661,7.64860512182966E-06,1.1036316743284,9.56075640228708E-06,1.3795395929105,56.5530222690096,15.0001652619369,15.0000562278441,""
71917.3359768391,14.9999999822574,7.64696454711996E-06,1.10374978604045,9.55870568389995E-06,1.37968723255056,56.5530817516675,15.0001674340939,15.0000584082234,""
71932.782346487,15.000000132325,7.64550625287166E-06,1.10386789852744,9.55688281608957E-06,1.3798348731593,56.5531543167568,15.0001696065139,15.0000605888667,""
71948.2268464565,15.0000002659091,7.64353578973672E-06,1.10398595446669,9.5544197371709E-06,1.37998244308337,56.5531674242061,15.0001684504149,15.0000594417632,""
71963.6732158661,15.0000003953865,7.64140531275329E-06,1.10410401151971,9.55175664094161E-06,1.38013001439963,56.5531538333514,15.000167294176,15.0000582945208,""
71979.117716074,15.0000003161591,7.63992141315704E-06,1.10422201410951,9.5499017664463E-06,1.38027751763689,56.5532497319463,15.0001633806752,15.0000543918148,""
71994.5640854836,15.0000001846382,7.63863897069183E-06,1.10434001844657,9.54829871336479E-06,1.38042502305821,56.5533947878911,15.0001594667008,15.0000504886366,""
72010.008585453,15.0000003944882,7.63678258558949E-06,1.10445796944342,9.54597823198686E-06,1.38057246180427,56.5534206301355,15.0001555849673,15.0000466174844,""
72025.454955101,15.0000006899294,7.63474679819456E-06,1.10457592252892,9.5434334977432E-06,1.38071990316115,56.5533930022706,15.0001517027638,15.0000427458636,""
72040.8994550705,15.0000005024432,7.63287856871446E-06,1.10469381599997,9.54109821089308E-06,1.38086726999996,56.5534275794582,15.0001443054171,15.0000353559045,""
72056.3458247185,15.0000001938269,7.63106235254652E-06,1.10481170958742,9.53882794068315E-06,1.38101463698428,56.5534900496824,15.0001369071749,15.0000279650508,""
72071.790324688,15.0000001914731,7.63031903620343E-06,1.10492956272464,9.53789879525429E-06,1.3811619534058,56.5535478475247,15.0001300591066,15.0000211242022,""
72087.2366943359,15.0000002659591,7.62991068674745E-06,1.10504742195146,9.53738835843431E-06,1.38130927743932,56.5536035620227,15.0001232102093,15.0000142825255,""
72102.6811945438,15.0000001712636,7.62757357548176E-06,1.10516522751113,9.5344669693522E-06,1.38145653438892,56.5536187065613,15.000123911793,15.0000149974845,""
72118.1275639534,15.0000000340846,7.62463346455089E-06,1.10528303501581,9.53079183068861E-06,1.38160379376976,56.5536156865439,15.0001246134616,15.00001571253,""
72133.5720639229,15.0000000456487,7.62327656906272E-06,1.10540078352269,9.5290957113284E-06,1.38175097940336,56.5536827505202,15.0001286829922,15.0000197886523,""
72149.0184335709,15.0000000945726,7.62241432243606E-06,1.10551853229797,9.52801790304507E-06,1.38189816537246,56.5537811920499,15.0001327530154,15.000023865268,""
72164.4629335403,15.0000000173384,7.62134843467688E-06,1.10563624338448,9.5266855433461E-06,1.3820453042306,56.5537693046332,15.0001346448785,15.0000257627541,""
72179.9093031883,14.9999999083903,7.62021869990083E-06,1.10575396139162,9.52527337487604E-06,1.38219245173952,56.553708065852,15.0001365369707,15.00002766047,""
72195.3538031578,14.9999997980029,7.61716009880306E-06,1.10587160877383,9.52145012350382E-06,1.38233951096729,56.5537111667135,15.0001397688522,15.000030908463,""
72210.8001725674,14.9999996872369,7.6134976208637E-06,1.10598925275863,9.51687202607963E-06,1.38248656594829,56.5537430304289,15.0001430011248,15.0000341568492,""
72226.2446725369,14.9999998090227,7.61137308216383E-06,1.10610682009035,9.51421635270479E-06,1.38263352511294,56.5537086276057,15.0001445351402,15.0000356992962,""
72241.6910421848,14.9999999893257,7.60972950027187E-06,1.10622438211957,9.51216187533983E-06,1.38278047764946,56.5536446118391,15.0001460693414,15.00003724193,""
72257.1355421543,14.9999998146952,7.60673013135559E-06,1.10634187031113,9.50841266419449E-06,1.38292733788891,56.553539286594,15.0001471546293,15.0000383430065,""
72272.5819118023,14.999999550708,7.60330582420104E-06,1.10645935406173,9.5041322802513E-06,1.38307419257716,56.5534154969015,15.0001482400486,15.0000394442163,""
72288.0264117718,14.9999997242535,7.60082335552194E-06,1.10657675758856,9.50102919440243E-06,1.38322094698571,56.5533839953378,15.000149406978,15.0000406220988,""
72303.4727814198,15.0000000080015,7.59863547605445E-06,1.10669415465333,9.49829434506806E-06,1.38336769331666,56.5533936744866,15.0001505740488,15.000041800124,""
72318.9172813892,14.9999999354365,7.59742819969098E-06,1.10681150119331,9.49678524961373E-06,1.38351437649164,56.5533552212716,15.0001508664608,15.0000421032189,""
72334.3636510372,14.9999997730897,7.59652798010072E-06,1.1069288505593,9.4956599751259E-06,1.38366106319912,56.5532952930615,15.0001511589083,15.0000424063506,""
72349.8081510067,14.9999998154418,7.59440169103158E-06,1.10704614561106,9.49300211378948E-06,1.38380768201383,56.5532895863192,15.0001489681373,15.0000402259128,""
72365.2545206547,14.9999999093996,7.59189074930534E-06,1.10716344228825,9.48986343663167E-06,1.38395430286032,56.5533080490168,15.0001467771012,15.0000380452111,""
72380.6990206242,14.9999999202175,7.59010454384594E-06,1.1072806769133,9.48763067980742E-06,1.38410084614163,56.5532986095743,15.0001427435487,15.0000340240442,""
72396.1453902721,14.9999999100686,7.58854531626954E-06,1.10739791072266,9.48568164533693E-06,1.38424738840332,56.5532767375326,15.0001387095079,15.0000300023905,""
72411.5898902416,14.9999998829022,7.58731677217668E-06,1.10751509878541,9.48414596522085E-06,1.38439387348177,56.5532606178071,15.0001387748507,15.0000300771149,""
72427.0362596512,14.9999998514375,7.58619176981212E-06,1.10763229113234,9.48273971226514E-06,1.38454036391543,56.5532470565757,15.0001388402014,15.0000301518484,""
72442.4807596207,15.0000000239286,7.58474946182148E-06,1.10774943794366,9.48093682727686E-06,1.38468679742958,56.5532787291179,15.0001384521167,15.0000297726795,""
72457.9271292686,15.0000002479382,7.58320734394891E-06,1.10786658909606,9.47900917993614E-06,1.38483323637008,56.5533305368539,15.000138063985,15.0000293934647,""
72473.3716294765,15.0000001910977,7.58031157755239E-06,1.10798366890677,9.47538947194049E-06,1.38497958613347,56.5533485562069,15.0001369322792,15.0000282775835,""
72488.8179988861,15.0000000633062,7.5769903621367E-06,1.10810074493832,9.47123795267087E-06,1.3851259311729,56.5533515509531,15.0001358004366,15.0000271615673,""
72504.2624988556,14.9999999442244,7.57574365718839E-06,1.10821776077012,9.46967957148549E-06,1.38527220096265,56.5533070233436,15.0001312401894,15.0000226054767,""
72519.7088685036,14.9999998273257,7.57514832484226E-06,1.10833477630848,9.46893540605282E-06,1.3854184703856,56.5532413638589,15.0001266793901,15.0000180488347,""
72535.1533684731,14.9999996669727,7.57307447769136E-06,1.10845174085238,9.46634309711419E-06,1.38556467606547,56.5532253015103,15.0001230859977,15.0000144706368,""
72550.599738121,14.9999994956075,7.57053573562091E-06,1.10856870798182,9.46316966952614E-06,1.38571088497728,56.5532312701736,15.0001194921703,15.0000108920058,""
72566.0442380905,14.9999997107166,7.56778159874295E-06,1.10868559795842,9.45972699842869E-06,1.38585699744803,56.5532029381713,15.0001189947941,15.0000104060775,""
72581.4906077385,15.0000000236335,7.56495931709694E-06,1.10880248228149,9.45619914637117E-06,1.38600310285186,56.5531593716034,15.0001184973577,15.0000099200904,""
72596.9351079464,14.9999997306495,7.56232380774844E-06,1.1089192890178,9.45290475968554E-06,1.38614911127225,56.5531841725983,15.0001196738311,15.0000111109893,""
72612.381477356,14.999999284253,7.55974661217079E-06,1.10903608993874,9.44968326521348E-06,1.38629511242342,56.5532393161057,15.0001208504469,15.0000123020322,""
72627.8259773254,14.9999996695836,7.5593186600119E-06,1.10915284936084,9.44914832501488E-06,1.38644106170106,56.5532059193725,15.0001233547105,15.0000148128812,""
72643.2723469734,15.0000002656118,7.55956677008187E-06,1.10926961430853,9.44945846260233E-06,1.38658701788567,56.5531332493135,15.0001258592772,15.0000173240341,""
72658.7168469429,15.0000004156718,7.55677542866977E-06,1.10938632400487,9.44596928583721E-06,1.38673290500609,56.5530844572678,15.0001268199946,15.0000183017599,""
72674.1632163525,15.0000004527521,7.55302707778505E-06,1.10950303488604,9.44128384723132E-06,1.38687879360754,56.5530462405459,15.0001277808283,15.000019279604,""
72689.6077163219,15.0000002950974,7.55039796596767E-06,1.10961966086653,9.43799745745959E-06,1.38702457608316,56.5530243396679,15.0001290883196,15.0000205951532,""
72705.0540859699,15.0000000880498,7.54812082022284E-06,1.10973627867967,9.43515102527855E-06,1.38717034834959,56.5530096627936,15.0001303959692,15.0000219108617,""
72720.4985859394,14.9999999740417,7.54766141699409E-06,1.10985285696011,9.43457677124261E-06,1.38731607120013,56.5529408197792,15.0001382647429,15.0000297898281,""
72735.9449555874,14.9999998836155,7.54777447407583E-06,1.10996944134674,9.43471809259479E-06,1.38746180168343,56.5528479830883,15.0001461344691,15.0000376697482,""
72751.3894555569,15.0000000310856,7.54740439912413E-06,1.1100860068148,9.43425549890517E-06,1.3876075085185,56.5528137123682,15.0001531246777,15.0000446650814,""
72766.8358252048,15.0000002389514,7.54688203225606E-06,1.11020258487923,9.43360254032007E-06,1.38775323109904,56.5528053505533,15.0001601157326,15.0000516612615,""
72782.2803251743,15.0000003276737,7.54557223495665E-06,1.11031912440117,9.43196529369581E-06,1.38789890550146,56.5528441118271,15.0001612605182,15.0000528144636,""
72797.7266948223,15.0000003861576,7.5440140132093E-06,1.11043567032883,9.43001751651163E-06,1.38804458791104,56.5529037195229,15.0001624054424,15.0000539678054,""
72813.1711947918,15.0000002396396,7.54318277915428E-06,1.11055217678392,9.42897847394285E-06,1.3881902209799,56.5528866496882,15.0001609647197,15.0000525341631,""
72828.6175644398,15.00000004102,7.54258066778854E-06,1.11066868934307,9.42822583473568E-06,1.38833586167884,56.5528356864054,15.0001595238226,15.0000511003472,""
72844.0620644093,15.00000012761,7.53947977986421E-06,1.11078513506397,9.42434972483026E-06,1.38848141882996,56.5528532856009,15.0001567606623,15.0000483500124,""
72859.5084340572,15.0000002867064,7.53559009428718E-06,1.11090157824283,9.41948761785897E-06,1.38862697280353,56.552901174336,15.0001539971676,15.0000455993446,""
72874.9529340267,15.0000003191482,7.532256282121E-06,1.11101792458213,9.41532035265125E-06,1.38877240572767,56.5529747075645,15.0001476345363,15.0000392483366,""
72890.3993034363,15.0000003193858,7.52909737413187E-06,1.11113425888662,9.41137171766484E-06,1.38891782360828,56.5530595752501,15.0001412711349,15.0000328965598,""
72905.8438034058,15.0000003771832,7.5298758562248E-06,1.11125056576344,9.412344820281E-06,1.38906320720431,56.5530216743279,15.0001354379164,15.0000270617097,""
72921.2901730537,15.0000004496349,7.531897611729E-06,1.11136688250527,9.41487201466125E-06,1.38920860313159,56.5529295973224,15.0001296039919,15.0000212261533,""
72936.7346730232,15.0000003815712,7.53237126184773E-06,1.11148320871796,9.41546407730966E-06,1.38935401089744,56.5529755094477,15.0001238706362,15.0000154991932,""
72952.1810426712,15.0000002777263,7.53235600903201E-06,1.11159955645222,9.41544501129001E-06,1.38949944556528,56.553082280146,15.0001181365865,15.0000097715398,""
72967.6255428791,15.0000000854766,7.53076592836842E-06,1.11171586542235,9.41345741046053E-06,1.38964483177794,56.5532520429038,15.0001185210375,15.0000101623403,""
72983.0719122887,14.9999998706808,7.52867797604394E-06,1.11183218066872,9.41084747005493E-06,1.3897902258359,56.5534495977253,15.0001189055349,15.0000105531882,""
72998.5164122581,14.9999999216637,7.52694087049313E-06,1.11194843825005,9.40867608811642E-06,1.38993554781257,56.5534704538263,15.0001236855964,15.0000153392735,""
73013.9627819061,15.0000000403835,7.52531439419489E-06,1.11206469612515,9.40664299274362E-06,1.39008087015644,56.5534134816074,15.0001284662366,15.0000201259382,""
73029.4072818756,14.9999999968579,7.52412173992301E-06,1.11218090845709,9.40515217490376E-06,1.39022613557136,56.5532991879549,15.0001282352849,15.0000199004407,""
73044.8536515236,14.999999911959,7.52306608588935E-06,1.112297124904,9.40383260736169E-06,1.39037140613,56.5531596399226,15.0001280043052,15.0000196749158,""
73060.2981514931,15.000000032627,7.52004590933427E-06,1.11241327216695,9.40005738666783E-06,1.39051659020868,56.5531949379669,15.0001257169356,15.000017399711,""
73075.7445211411,15.0000002057526,7.51640374902627E-06,1.11252941605142,9.39550468628284E-06,1.39066177006427,56.5533071702609,15.0001234292892,15.0000151242308,""
73091.189021349,14.9999999858293,7.51487076960777E-06,1.11264549299634,9.39358846200972E-06,1.39080686624542,56.5532453083218,15.0001199875939,15.0000116888927,""
73106.6353905201,14.9999996655558,7.51400508047392E-06,1.11276156724898,9.3925063505924E-06,1.39095195906123,56.5531068819922,15.000116545482,15.000008253139,""
73122.0798904896,14.9999995835129,7.51357831901E-06,1.11287761392391,9.39197289876251E-06,1.39109701740489,56.5531104355807,15.0001176498321,15.0000093601997,""
73137.5262601376,14.999999562292,7.51329046142318E-06,1.11299367036246,9.39161307677898E-06,1.39124208795307,56.5531763863175,15.0001187543158,15.0000104673944,""
73152.970760107,14.9999997156301,7.51037643159639E-06,1.11310966543618,9.38797053949549E-06,1.39138708179522,56.553286318832,15.0001246074821,15.0000163364758,""
73168.417129755,14.9999999135898,7.50663011371761E-06,1.11322565956285,9.38328764214701E-06,1.39153207445356,56.5534155883309,15.0001304613568,15.0000222062678,""
73183.8616297245,14.9999999171911,7.50414385105869E-06,1.11334157123212,9.38017981382337E-06,1.39167696404015,56.5533870725066,15.0001344409431,15.0000261933556,""
73199.3079993725,14.9999998711103,7.50205646655785E-06,1.11345747525142,9.37757058319732E-06,1.39182184406428,56.5532892882489,15.0001384210111,15.0000301809262,""
73214.752499342,14.9999997835035,7.50046976337651E-06,1.11357332401438,9.37558720422063E-06,1.39196665501798,56.5533030151299,15.0001420411861,15.000033808232,""
73230.1988689899,14.9999996852629,7.49904152198725E-06,1.11368917373133,9.37380190248406E-06,1.39211146716416,56.5533656668153,15.0001456617994,15.000037435977,""
73245.6433689594,14.9999996729221,7.49728716091614E-06,1.11380497089144,9.37160895114517E-06,1.3922562136143,56.5532635944496,15.0001509654393,15.0000427508024,""
73261.0897386074,14.99999968256,7.495429099564E-06,1.11392076984815,9.369286374455E-06,1.39240096231019,56.5530892774785,15.0001562697214,15.0000480662713,""
73276.5342385769,14.9999997111648,7.49403376722617E-06,1.1140365183623,9.36754220903271E-06,1.39254564795287,56.5530155578371,15.0001599060878,15.0000517083176,""
73291.9806082249,14.9999997446298,7.49278501386196E-06,1.11415226933115,9.36598126732745E-06,1.39269033666394,56.5529859092458,15.0001635428945,15.0000553508049,""
73307.4251081944,15.0000001142649,7.49113464322234E-06,1.11426797080419,9.36391830402793E-06,1.39283496350524,56.5530050953253,15.0001626620681,15.0000544837949,""
73322.8714778423,15.0000005700662,7.48935654468939E-06,1.11438367502029,9.36169568086174E-06,1.39297959377536,56.5530456729092,15.0001617811351,15.00005361668,""
73338.3159778118,15.0000005138009,7.48726581412611E-06,1.1144993187123,9.35908226765764E-06,1.39312414839038,56.5530665013863,15.0001564347016,15.0000482776919,""
73353.7623472214,15.0000003262934,7.48507548772637E-06,1.11461496163032,9.35634435965796E-06,1.3932687020379,56.5530786888971,15.000151087621,15.0000429380576,""
73369.2068471909,15.0000002130464,7.48392319431721E-06,1.11473055523554,9.35490399289652E-06,1.39341319404443,56.5530662948934,15.0001435643655,15.0000354211223,""
73384.6532168388,15.0000001188235,7.48310043028342E-06,1.11484615161515,9.35387553785428E-06,1.39355768951894,56.5530431450464,15.0001360401993,15.000027903277,""
73400.0977168083,15.0000000366455,7.482485384513E-06,1.11496171792391,9.35310673064125E-06,1.39370214740488,56.5530480091117,15.0001332547983,15.0000251230254,""
73415.5440864563,14.999999957545,7.48193624512535E-06,1.1150772931131,9.35242030640669E-06,1.39384661639137,56.5530651222764,15.0001304690602,15.0000223424372,""
73430.9885866642,14.999999985885,7.48070312758199E-06,1.11519283087815,9.35087890947748E-06,1.39399103859769,56.5531068000936,15.0001359860414,15.0000278658475,""
73446.4349560738,15.0000000418068,7.47925238571348E-06,1.11530837517539,9.34906548214185E-06,1.39413546896924,56.5531592191846,15.0001415036904,15.0000333899262,""
73461.8794560432,15.0000001968318,7.47629934801084E-06,1.11542384828258,9.34537418501355E-06,1.39427981035323,56.5531953319247,15.0001455983137,15.0000375004343,""
73477.3258256912,15.0000003773311,7.47286808810574E-06,1.11553931717421,9.34108511013218E-06,1.39442414646776,56.5532243296286,15.0001496934327,15.0000416114399,""
73492.7703256607,15.0000001188622,7.47137735484066E-06,1.11565472165067,9.33922169355083E-06,1.39456840206334,56.5531793808759,15.0001495431593,15.0000414628267,""
73508.2166953087,14.9999997475646,7.47050374498126E-06,1.11577012404928,9.33812968122657E-06,1.3947126550616,56.5531021488516,15.0001493928677,15.0000413141954,""
73523.6611952782,14.9999999804113,7.46876687407535E-06,1.11588547867414,9.33595859259418E-06,1.39485684834268,56.5531005798277,15.0001483225712,15.000040257021,""
73539.1075649261,15.0000003686034,7.46675497735861E-06,1.11600083650321,9.33344372169826E-06,1.39500104562902,56.5531320163103,15.0001472521452,15.0000391997185,""
73554.552065134,15.0000003427307,7.46430936555314E-06,1.11611612653178,9.33038670694143E-06,1.39514515816473,56.5531001694619,15.000150816933,15.0000427747186,""
73569.9984343052,15.0000002103539,7.46172527062098E-06,1.1162314133676,9.32715658827622E-06,1.39528926670951,56.5530407273691,15.0001543821521,15.0000463501513,""
73585.4429342747,15.0000001250217,7.45962078544084E-06,1.11634663311944,9.32452598180105E-06,1.3954332913993,56.5530257309569,15.0001592035372,15.0000511830142,""
73600.8893039227,15.0000000517829,7.45766873099265E-06,1.11646184989345,9.3220859137408E-06,1.39557731236682,56.5530300978856,15.000164025506,15.0000560164622,""
73616.3338038921,14.9999998944768,7.45597221926101E-06,1.1165770109395,9.31996527407626E-06,1.39572126367438,56.553094892293,15.0001649323081,15.0000569311225,""
73631.7801735401,14.9999997155019,7.45435686539763E-06,1.11669217261133,9.31794608174703E-06,1.39586521576416,56.5531860124462,15.00016583922,15.0000578458935,""
73647.2246735096,14.99999980407,7.45315992041732E-06,1.1168072889687,9.31644990052164E-06,1.39600911121087,56.5531617831654,15.0001643722819,15.0000563865073,""
73662.6710431576,14.9999999615714,7.45209616359091E-06,1.11692240925898,9.31512020448863E-06,1.39615301157373,56.5530873469735,15.0001629051662,15.0000549269444,""
73678.1155431271,15.0000003052887,7.45051534516052E-06,1.11703748271342,9.31314418145065E-06,1.39629685339178,56.5531832189876,15.000159167433,15.0000512000183,""
73693.561912775,15.0000006970527,7.4487693810199E-06,1.11715255960476,9.31096172627488E-06,1.39644069950595,56.5533531872113,15.0001554292473,15.0000474726411,""
73709.0064127445,15.0000004417112,7.44570511543996E-06,1.11726756131517,9.30713139429995E-06,1.39658445164397,56.5533860160367,15.0001552282823,15.0000472852538,""
73724.4527823925,15.0000000194635,7.44221978031631E-06,1.11738255740386,9.30277472539539E-06,1.39672819675483,56.5533592327408,15.000155027293,15.0000470978438,""
73739.897282362,14.9999999713603,7.44002018212815E-06,1.11749747781652,9.30002522766019E-06,1.39687184727065,56.5533449172693,15.000158785808,15.0000508647383,""
73755.34365201,15.0000000197788,7.43823058753859E-06,1.11761239242864,9.29778823442324E-06,1.3970154905358,56.5533360162714,15.000162544778,15.0000546320888,""
73770.7881519794,15.0000001247718,7.43762477990398E-06,1.11772726951305,9.29703097487997E-06,1.39715908689131,56.5532898868721,15.0001629833953,15.0000550797776,""
73786.2345216274,15.0000002443846,7.43739684287783E-06,1.11784215296237,9.29674605359728E-06,1.39730269120297,56.5532275839218,15.0001634220658,15.0000555275207,""
73801.6790215969,15.0000003413845,7.43621586124208E-06,1.11795700244855,9.2952698265526E-06,1.39744625306068,56.5533165681932,15.0001620985916,15.0000542108269,""
73817.1253910065,15.0000004325592,7.4347302751688E-06,1.11807185942903,9.293412843961E-06,1.39758982428628,56.5534712231007,15.0001607749572,15.0000528939738,""
73832.569890976,15.0000004156066,7.43285713561777E-06,1.1181866617446,9.29107141952222E-06,1.39773332718075,56.5536100091399,15.0001579198508,15.0000500476128,""
73848.0162606239,15.0000003707115,7.43085985744283E-06,1.11830146493053,9.28857482180354E-06,1.39787683116316,56.5537419364897,15.0001550643989,15.0000472009072,""
73863.4607605934,15.0000001774669,7.42922888256597E-06,1.11841621312607,9.28653610320746E-06,1.39802026640759,56.5538283274949,15.000152808436,15.0000449570367,""
73878.9071302414,14.9999999458402,7.42771474291449E-06,1.11853096207464,9.28464342864311E-06,1.3981637025933,56.553894994422,15.0001505522001,15.0000427128946,""
73894.3516302109,15.0000000515071,7.42507096873557E-06,1.11864564424583,9.28133871091946E-06,1.39830705530729,56.5538298136998,15.000145322839,15.0000374931934,""
73909.7979998589,15.0000002444349,7.42206551906877E-06,1.11876032338482,9.27758189883596E-06,1.39845040423103,56.5537075012138,15.0001400928449,15.0000322728604,""
73925.2425000668,15.0000000393379,7.42152808056481E-06,1.11887495642756,9.27691010070601E-06,1.39859369553446,56.5535794833143,15.0001371961366,15.0000293823252,""
73940.6888694763,14.9999997312035,7.42178013198974E-06,1.1189895930358,9.27722516498717E-06,1.39873699129475,56.5534489728699,15.0001342990776,15.0000264914402,""
73956.1333694458,14.9999996276792,7.42025664276725E-06,1.11910419424311,9.27532080345907E-06,1.39888024280389,56.5533585598323,15.0001343608532,15.0000265598255,""
73971.5797390938,14.9999995771182,7.41816464574049E-06,1.11921880243332,9.27270580717561E-06,1.39902350304165,56.5532854826093,15.0001344226363,15.0000266282191,""
73987.0242390633,14.9999996076679,7.41646819790333E-06,1.11933335391021,9.27058524737917E-06,1.39916669238776,56.5532569708669,15.000134312231,15.00002652743,""
74002.4706087112,14.9999996592347,7.41489812548177E-06,1.11944790553609,9.26862265685222E-06,1.39930988192011,56.5532477280885,15.0001342018123,15.0000264266286,""
74017.9151086807,14.9999995377993,7.41516143834904E-06,1.11956243488033,9.26895179793629E-06,1.39945304360041,56.5531803221623,15.0001365024975,15.0000287266203,""
74033.3614780903,14.9999993715049,7.41601203861536E-06,1.11967697539148,9.27001504826919E-06,1.39959621923935,56.5530877642988,15.0001388034612,15.0000310268904,""
74048.8059780598,14.9999996287938,7.41705441451507E-06,1.11979152490146,9.27131801814384E-06,1.39973940612683,56.5530034603855,15.0001390526527,15.0000312776386,""
74064.2523477077,14.9999999959672,7.41815840850021E-06,1.11990609560504,9.27269801062526E-06,1.3998826195063,56.5529227074706,15.0001393018744,15.0000315284171,""
74079.6968476772,14.9999999165734,7.41714984102365E-06,1.12002064563473,9.27143730127956E-06,1.40002580704342,56.5529607587686,15.0001375994132,15.0000298296095,""
74095.1432173252,14.9999997213027,7.41546390576584E-06,1.12013520734965,9.2693298822073E-06,1.40016900918706,56.5530501092356,15.000135896746,15.0000281305962,""
74110.5877172947,14.999999749599,7.41398062750513E-06,1.1202497188941,9.26747578438142E-06,1.40031214861763,56.5529731671247,15.0001367281455,15.0000289635201,""
74126.0340869427,14.9999998359351,7.4125621020616E-06,1.12036423265751,9.265702627577E-06,1.40045529082189,56.5528244577217,15.0001375596457,15.0000297965448,""
74141.4785869122,14.9999999316492,7.40920097782049E-06,1.12047866937854,9.26150122227562E-06,1.40059833672317,56.552859912849,15.0001429491501,15.0000352006344,""
74156.9249565601,15.0000000298136,7.40521609718041E-06,1.12059309968094,9.25652012147552E-06,1.40074137460117,56.5529747940093,15.0001483393069,15.0000406053781,""
74172.3694565296,14.9999999617133,7.40190058168809E-06,1.12070743328359,9.25237572711011E-06,1.40088429160449,56.5530650181474,15.000150546085,15.000042823971,""
74187.8158261776,14.9999998503981,7.39879936528722E-06,1.12082175413414,9.24849920660902E-06,1.40102719266767,56.5531446308295,15.0001527531302,15.0000450428324,""
74203.2603261471,14.9999999675065,7.39619774764503E-06,1.12093599634777,9.24524718455628E-06,1.40116999543471,56.5531137847216,15.0001533457177,15.0000456427881,""
74218.7066957951,15.0000001440198,7.39375612137761E-06,1.12105023158357,9.24219515172201E-06,1.40131278947946,56.553035353317,15.0001539383769,15.0000462428163,""
74234.1511957645,14.999999977874,7.39299380599704E-06,1.1211644218434,9.2412422574963E-06,1.40145552730425,56.5529775136588,15.0001533155968,15.0000456291483,""
74249.5975651741,14.9999997225704,7.39277076382084E-06,1.12127861591897,9.24096345477605E-06,1.40159826989871,56.5529285287462,15.0001526927413,15.000045015406,""
74265.0420651436,14.9999998087662,7.39055379480342E-06,1.12139276016128,9.23819224350428E-06,1.4017409502016,56.5528859724897,15.0001507209703,15.0000430552606,""
74280.4884347916,14.9999999838511,7.38769576644374E-06,1.1215069066484,9.23461970805467E-06,1.4018836333105,56.5528461748141,15.0001487489606,15.000041094878,""
74295.9329349995,15.0000000816268,7.38688687514936E-06,1.1216210041615,9.2336085939367E-06,1.40202625520187,56.5528453235197,15.0001442072514,15.0000365552285,""
74311.379304409,15.0000001592872,7.38673656164036E-06,1.12173510418,9.23342070205045E-06,1.402168880225,56.5528612192348,15.0001396649924,15.0000320150297,""
74326.8238043785,15.0000003016284,7.3864604960735E-06,1.12184918493343,9.23307562009187E-06,1.40231148116679,56.5529079842335,15.0001348845973,15.0000272415588,""
74342.2701740265,15.0000004608418,7.38614394652734E-06,1.12196327774253,9.23267993315917E-06,1.40245409717817,56.552968023647,15.0001301036235,15.0000224675101,""
74357.714673996,15.000000420258,7.38340450467432E-06,1.12207731191915,9.22925563084289E-06,1.40259663989894,56.5528828115921,15.0001245805403,15.0000169588435,""
74373.161043644,15.0000003275907,7.37988515206984E-06,1.12219134547891,9.2248564400873E-06,1.40273918184864,56.5527351977534,15.0001190567885,15.0000114495101,""
74388.6055436134,15.0000000530395,7.37637819506529E-06,1.12230528318161,9.22047274383161E-06,1.40288160397701,56.552720451801,15.0001142746959,15.0000066771651,""
74404.0519132614,14.999999731014,7.37287466627327E-06,1.12241920826594,9.21609333284159E-06,1.40302401033242,56.5527627385922,15.0001094920244,15.0000019042424,""
74419.4964134693,14.9999997982665,7.37079527681172E-06,1.12253305969161,9.21349409601465E-06,1.40316632461451,56.5527630751666,15.0001096555025,15.0000020783401,""
74434.9427828789,14.9999999670983,7.36917408093073E-06,1.12264690561768,9.21146760116341E-06,1.4033086320221,56.5527454144862,15.0001098190003,15.0000022524589,""
74450.3872828484,14.9999998760802,7.36727553489664E-06,1.12276069560207,9.2090944186208E-06,1.40345086950259,56.5527828880992,15.0001131531398,15.0000055985869,""
74465.8336524963,14.9999997172147,7.36528735184339E-06,1.12287448577944,9.20660918980424E-06,1.40359310722429,56.5528440080595,15.0001164876829,15.00000894512,""
74481.2781524658,14.9999999057459,7.36234223513729E-06,1.1229882009531,9.20292779392161E-06,1.40373525119138,56.5528369228194,15.0001172003695,15.000009671886,""
74496.7245218754,15.0000001850398,7.35908830086333E-06,1.12310191015897,9.19886037607916E-06,1.40387738769871,56.5528006089436,15.0001179131424,15.00001039874,""
74512.1690218449,14.999999984451,7.35781496711979E-06,1.12321556018181,9.19726870889974E-06,1.40401945022726,56.5528568566398,15.0001165192965,15.0000090121429,""
74527.6153914928,14.9999996584308,7.35717987845961E-06,1.12332920931958,9.1964748480745E-06,1.40416151164947,56.5529527558477,15.0001151252819,15.0000076253779,""
74543.0598914623,14.9999999501545,7.35543681645958E-06,1.1234428127526,9.19429602057447E-06,1.40430351594075,56.5529938751327,15.0001160347184,15.0000085457489,""
74558.5062611103,15.0000004034308,7.35333617708776E-06,1.12355641963432,9.19167022135969E-06,1.4044455245429,56.5530115541913,15.0001169442649,15.0000094662313,""
74573.9507610798,15.0000003632999,7.35261886030046E-06,1.12366998506908,9.19077357537558E-06,1.40458748133635,56.5529985859836,15.0001192495856,15.0000117800788,""
74589.3971307278,15.0000001940967,7.35234769845332E-06,1.12378355531595,9.19043462306665E-06,1.40472944414494,56.5529725052141,15.0001215551853,15.0000140942065,""
74604.8416306973,15.0000002086167,7.35065207230486E-06,1.12389708348102,9.18831509038108E-06,1.40487135435127,56.5530092014925,15.000123840825,15.0000163917084,""
74620.2880003452,15.0000002712219,7.34849644984973E-06,1.12401061624378,9.18562056231216E-06,1.40501327030472,56.5530727434552,15.0001261267415,15.0000186894884,""
74635.7325003147,15.0000002382381,7.34625834090471E-06,1.12412408365324,9.18282292613089E-06,1.40515510456655,56.5530828475156,15.0001279348399,15.0000205049491,""
74651.1788699627,15.0000001802195,7.34399324168151E-06,1.12423754813354,9.17999155210189E-06,1.40529693516692,56.5530701199635,15.0001297431573,15.0000223206295,""
74666.6233699322,15.0000003626077,7.34192514510884E-06,1.12435094903447,9.17740643138604E-06,1.40543868629309,56.5531181340877,15.0001301536441,15.0000227443113,""
74682.0697395802,15.0000006080057,7.33992034747304E-06,1.12446434756194,9.1749004343413E-06,1.40558043445242,56.5531920957005,15.0001305641805,15.0000231680444,""
74697.5142395496,15.000000502274,7.33692697134459E-06,1.1245776702879,9.17115871418074E-06,1.40572208785987,56.5530986690609,15.0001273130409,15.0000199312654,""
74712.9606089592,15.0000003044902,7.33361368681373E-06,1.12469098667052,9.16701710851716E-06,1.40586373333815,56.5529337858776,15.0001240615078,15.0000166940946,""
74728.4051089287,15.0000000960475,7.33222681414444E-06,1.12480424174664,9.16528351768055E-06,1.4060053021833,56.5529818054845,15.0001232017552,15.0000158397093,""
74743.8514785767,14.9999998847777,7.33146242747247E-06,1.1249174951473,9.16432803434059E-06,1.40614686893413,56.553120646703,15.0001223418986,15.0000149852206,""
74759.2959787846,15.0000001254615,7.33219060848459E-06,1.12503074005276,9.16523826060574E-06,1.40628842506595,56.5530113002169,15.0001257239604,15.0000183710163,""
74774.7423481941,15.0000004847657,7.33340156642694E-06,1.12514400034941,9.16675195803367E-06,1.40643000043676,56.5527961319463,15.0001291064316,15.0000217572218,""
74790.1868481636,15.0000001020037,7.33311032749427E-06,1.12525725199938,9.16638790936784E-06,1.40657156499923,56.552726951666,15.0001320359856,15.0000246932552,""
74805.6332178116,14.9999995243809,7.33233307516771E-06,1.1253705189968,9.16541634395964E-06,1.406713148746,56.5527199584683,15.0001349658943,15.0000276296441,""
74821.0777177811,14.9999997148813,7.33014261418401E-06,1.12548373231619,9.16267826773001E-06,1.40685466539524,56.5527654442117,15.0001357250504,15.0000283990799,""
74836.524087429,15.0000001071558,7.32749444230145E-06,1.12559694640451,9.15936805287681E-06,1.40699618300563,56.5528332838441,15.0001364842985,15.0000291686088,""
74851.9685873985,15.0000000500316,7.32524060114382E-06,1.1257100910832,9.15655075142977E-06,1.40713761385399,56.5528593712096,15.0001347335529,15.0000274233564,""
74867.4149570465,14.9999998748057,7.32311406751484E-06,1.12582323142141,9.15389258439355E-06,1.40727903927676,56.552867694834,15.0001329825954,15.0000256778927,""
74882.8594572544,14.9999996478277,7.32137863805363E-06,1.12593631448838,9.15172329756704E-06,1.40742039311047,56.5528880791912,15.0001305805741,15.0000232862272,""
74898.305826664,14.9999994072088,7.31976960476013E-06,1.12604939712528,9.14971200595016E-06,1.4075617464066,56.5529135967068,15.0001281782621,15.0000208942723,""
74913.7503266335,14.9999994872875,7.31767525801762E-06,1.12616242103942,9.14709407252203E-06,1.40770302629927,56.5528524755108,15.0001232053695,15.0000159321384,""
74929.1966962814,14.9999996517368,7.31542332576711E-06,1.12627544404159,9.14427915720889E-06,1.40784430505199,56.552754516104,15.0001182318749,15.0000109694038,""
74944.6411962509,14.9999997816468,7.31306466168456E-06,1.12638839917961,9.1413308271057E-06,1.40798549897452,56.5528224546481,15.0001145714085,15.0000073159036,""
74960.0875656605,14.9999999024867,7.31067102292177E-06,1.12650135042455,9.13833877865221E-06,1.40812668803069,56.5529608826572,15.000110910499,15.0000036619611,""
74975.53206563,14.9999999055661,7.3097112208922E-06,1.12661425431096,9.13713902611524E-06,1.4082678178887,56.5528742071109,15.0001080383195,15.0000007988778,""
74990.9784352779,14.9999998776381,7.30921622057285E-06,1.12672716093972,9.13652027571606E-06,1.40840895117465,56.5526919420974,15.0001051657923,14.9999979354479,""
75006.4229352474,14.9999999928542,7.30882322420413E-06,1.12684004393193,9.13602903025517E-06,1.40855005491491,56.5525810105636,15.0001021912015,14.9999949652961,""
75021.8693048954,15.0000001457989,7.30846325512296E-06,1.12695293735483,9.1355790689037E-06,1.40869117169354,56.5525003291671,15.0000992162507,14.9999919947847,""
75037.3138048649,15.0000001502894,7.30631195892841E-06,1.1270657810487,9.13288994866051E-06,1.40883222631088,56.5525142317136,15.0000963741585,14.9999891663229,""
75052.7601745129,15.0000001156511,7.30357897751537E-06,1.1271786266979,9.12947372189421E-06,1.40897328337237,56.5525682486732,15.0000935317222,14.9999863375186,""
75068.2046744823,14.9999998851408,7.30087618721097E-06,1.12729139542173,9.12609523401372E-06,1.40911424427716,56.5525418567977,15.0000964888303,14.9999893001451,""
75083.6510441303,14.9999996029412,7.29818276529824E-06,1.1274041572547,9.1227284566228E-06,1.40925519656837,56.5524813796026,15.0000994462963,14.9999922631302,""
75099.0955440998,14.9999996639732,7.2973469572184E-06,1.12751687132743,9.121683696523E-06,1.40939608915928,56.5524974780471,15.0001071177615,14.9999999417228,""
75114.5419137478,14.9999998155753,7.2971143445483E-06,1.12762958796486,9.12139293068537E-06,1.40953698495608,56.5525460165706,15.0001147901553,15.000007621245,""
75129.9864137173,14.9999999953982,7.29573500950739E-06,1.12774226782302,9.11966876188424E-06,1.40967783477877,56.5524640633852,15.0001241000309,15.0000169401887,""
75145.4327833653,15.0000001826983,7.29398286501687E-06,1.1278549538039,9.11747858127108E-06,1.40981869225487,56.5523268520282,15.0001334110334,15.0000262602605,""
75160.8772833347,15.0000000213293,7.29110050612559E-06,1.12796756783989,9.11387563265699E-06,1.40995945979986,56.552277460604,15.0001417786909,15.0000346404761,""
75176.3236527443,14.9999997678471,7.28785031520166E-06,1.12808017655295,9.10981289400207E-06,1.41010022069119,56.5522652179644,15.0001501473613,15.000043021706,""
75191.7681527138,14.9999996982096,7.28600489511185E-06,1.12819271757102,9.10750611888981E-06,1.41024089696377,56.5523393787636,15.0001558364937,15.0000487175538,""
75207.2145223618,14.9999996771419,7.28461597232718E-06,1.12830525463007,9.10576996540898E-06,1.41038156828759,56.5524500891235,15.0001615263147,15.0000544140911,""
75222.6590223312,14.9999997365937,7.28536077928382E-06,1.12841777865121,9.10670097410477E-06,1.41052222331401,56.5523660418296,15.0001665431576,15.0000594342983,""
75238.1053919792,14.9999998173424,7.28679981097758E-06,1.12853031648424,9.10849976372198E-06,1.4106628956053,56.5521996720488,15.0001715606078,15.0000644551131,""
75253.5498921871,14.9999997046523,7.28475201036816E-06,1.12864282037783,9.10594001296021E-06,1.41080352547228,56.5521116656785,15.0001740989064,15.0000670035771,""
75268.9962615967,14.9999995407774,7.28156916164665E-06,1.12875533127412,9.10196145205832E-06,1.41094416409266,56.5520567427196,15.0001766375123,15.0000695523496,""
75284.4407615662,14.9999998338449,7.27930375750865E-06,1.1288677685514,9.09912969688582E-06,1.41108471068926,56.5520647846055,15.0001755176157,15.0000684406998,""
75299.8871312141,15.0000002478865,7.27733667177036E-06,1.12898019990355,9.09667083971295E-06,1.41122524987944,56.5520994070876,15.0001743975837,15.0000673289156,""
75315.3316311836,15.00000023926,7.27653062477037E-06,1.12909258974365,9.09566328096297E-06,1.41136573717956,56.5520774502566,15.0001672981445,15.0000602340707,""
75330.7780008316,15.0000001187171,7.27610258380064E-06,1.12920498410067,9.0951282297508E-06,1.41150623012583,56.5520316197955,15.0001601978459,15.000053138367,""
75346.2225008011,15.0000000828902,7.27483839284007E-06,1.12931734196483,9.09354799105009E-06,1.41164667745604,56.5519915057572,15.000150865498,15.0000438137764,""
75361.6688704491,15.0000000695005,7.27330156811688E-06,1.12942970597254,9.0916269601461E-06,1.41178713246567,56.5519537950782,15.0001415320204,15.000034488057,""
75377.113370657,14.9999999534465,7.27177018197579E-06,1.12954202066143,9.08971272746974E-06,1.41192752582678,56.5519200723851,15.0001370338455,15.0000299973054,""
75392.5597398281,14.9999998101635,7.27024032277695E-06,1.12965433729766,9.08780040347118E-06,1.41206792162208,56.5518880244031,15.0001325351263,15.0000255060103,""
75408.0042397976,15.0000000308901,7.26754842457364E-06,1.12976658675543,9.08443553071705E-06,1.41220823344428,56.5518698513987,15.0001337127366,15.0000266924397,""
75423.4506094456,15.00000034818,7.26447718450044E-06,1.12987883232655,9.08059648062555E-06,1.41234854040819,56.5518575187039,15.0001348904895,15.0000278790127,""
75438.8951094151,15.0000003391166,7.26430941397694E-06,1.12999103762082,9.08038676747117E-06,1.41248879702602,56.5519549270293,15.0001400990947,15.0000330911949,""
75454.341479063,15.0000002434646,7.26508873376661E-06,1.13010324779094,9.08136091720826E-06,1.41262905973868,56.5520985426263,15.0001453083304,15.0000383040081,""
75469.7859790325,15.0000004184319,7.26383471502987E-06,1.13021543112249,9.07979339378734E-06,1.41276928890311,56.5521798684155,15.0001515215735,15.000044524261,""
75485.2323486805,15.0000006652622,7.26191695431613E-06,1.13032762370825,9.07739619289517E-06,1.41290952963532,56.5522350053374,15.0001577355687,15.000050745267,""
75500.67684865,15.0000003959212,7.25888799534449E-06,1.13043974088926,9.07360999418061E-06,1.41304967611158,56.5523532474213,15.0001636752274,15.0000566960539,""
75516.123218298,14.9999999894514,7.25549578888947E-06,1.13055185145727,9.06936973611184E-06,1.41318981432159,56.5524980402647,15.0001696156052,15.0000626475613,""
75531.5677182674,15.0000002512747,7.25413278007797E-06,1.13066390080762,9.06766597509746E-06,1.41332987600952,56.5524861505898,15.0001730055506,15.0000660413442,""
75547.0140879154,15.0000006907165,7.25343226431776E-06,1.13077594815944,9.0667903303972E-06,1.4134699351993,56.5524084252765,15.0001763959063,15.000069435538,""
75562.4585878849,15.0000006102203,7.25249687062005E-06,1.13088796201024,9.06562108827507E-06,1.4136099525128,56.5524204471695,15.0001771553374,15.0000702045365,""
75577.9049575329,15.0000003914845,7.25148458807263E-06,1.13099998290619,9.06435573509079E-06,1.41374997863273,56.5524701584758,15.0001779148604,15.0000709736282,""
75593.3494575024,15.0000003658997,7.25035833823964E-06,1.13111196491513,9.06294792279955E-06,1.41388995614391,56.5524879742607,15.0001783009982,15.0000713659283,""
75608.7958271503,15.0000003916867,7.24919465776924E-06,1.13122395220115,9.06149332221155E-06,1.41402994025143,56.552492407075,15.0001786871827,15.000071758276,""
75624.2403271198,15.0000002637706,7.2484626310834E-06,1.13133590550978,9.06057828885425E-06,1.41416988188723,56.55250220406,15.0001791766027,15.0000722523139,""
75639.6866965294,15.0000000949312,7.24787162668088E-06,1.13144786569121,9.0598395333511E-06,1.41430983211401,56.5525142526753,15.000179666082,15.0000727464115,""
75655.1311964989,14.999999872778,7.24560902456483E-06,1.13155977274615,9.05701128070604E-06,1.41444971593268,56.5524532229877,15.0001816736767,15.0000747632506,""
75670.5775661469,14.9999996363956,7.24279927329644E-06,1.13167168040123,9.05349909162055E-06,1.41458960050154,56.5523615486819,15.0001836815144,15.0000767803339,""
75686.0220661163,14.9999996753652,7.24142184885745E-06,1.13178353123867,9.05177731107182E-06,1.41472941404833,56.5524765505339,15.0001849745312,15.000078078252,""
75701.4684357643,14.9999997876916,7.24051290702974E-06,1.13189538145481,9.05064113378717E-06,1.41486922681852,56.5526781595772,15.0001862677046,15.0000793763272,""
75716.9129357338,14.9999998109981,7.24020946106329E-06,1.13200720633158,9.05026182632912E-06,1.41500900791448,56.5526452164281,15.0001845154733,15.0000776256315,""
75732.3593053818,14.9999998105824,7.24010418234621E-06,1.13211904088208,9.05013022793276E-06,1.4151488011026,56.5525140586178,15.00018276303,15.0000758747238,""
75747.8038055897,14.9999999572259,7.2397377888809E-06,1.13223085541447,9.04967223610113E-06,1.41528856926809,56.5525152912194,15.0001791069418,15.0000722236416,""
75763.2501749992,15.0000001431063,7.23928582396536E-06,1.13234268135606,9.0491072799567E-06,1.41542835169508,56.5525719247769,15.0001754504111,15.0000685721175,""
75778.6946749687,14.9999999372825,7.23539907131129E-06,1.13245443019365,9.04424883913912E-06,1.41556803774207,56.5526144441059,15.0001721467047,15.0000652836446,""
75794.1410446167,14.9999996269238,7.23038639077178E-06,1.13256617173005,9.03798298846472E-06,1.41570771466257,56.5526510678619,15.0001688425984,15.0000619947737,""
75809.5855445862,14.9999995932287,7.2279251066529E-06,1.1326778225272,9.03490638331613E-06,1.415847278159,56.5525294854862,15.0001708689867,15.0000640260683,""
75825.0319142342,14.9999996333771,7.22629964312857E-06,1.13278946153083,9.03287455391071E-06,1.41598682691354,56.552341755563,15.0001728956204,15.0000660576087,""
75840.4764144421,14.999999432253,7.22667373704836E-06,1.13290108009464,9.03334217131045E-06,1.41612635011829,56.5522571137777,15.0001775587095,15.0000707218687,""
75855.9227836132,14.999999166664,7.22770350090681E-06,1.13301270989364,9.03462937613351E-06,1.41626588736705,56.5522155209529,15.0001822223629,15.0000753866931,""
75871.3672835827,14.9999994688208,7.22713774208393E-06,1.13312432549294,9.03392217760491E-06,1.41640540686617,56.5522223114173,15.0001818568419,15.0000750282673,""
75886.8136532307,14.9999999227221,7.22604855037706E-06,1.13323595437747,9.03256068797132E-06,1.41654494297183,56.5522493026537,15.0001814912766,15.0000746697982,""
75902.2581532002,14.9999998940455,7.22306440310137E-06,1.13334751514738,9.02883050387671E-06,1.41668439393422,56.5522257198028,15.0001776767915,15.0000708677792,""
75917.7045228481,14.9999997363577,7.21945797354579E-06,1.13345907150334,9.02432246693223E-06,1.41682383937917,56.5521810309598,15.0001738618447,15.0000670653001,""
75933.1490228176,14.9999995265804,7.21791342915063E-06,1.13357056233123,9.02239178643828E-06,1.41696320291404,56.5522462836957,15.000172593773,15.0000657975702,""
75948.5953924656,14.9999993028389,7.21704548070125E-06,1.13368204957595,9.02130685087656E-06,1.41710256196994,56.5523573938206,15.0001713255478,15.0000645296869,""
75964.0398924351,14.9999995491522,7.21660000612073E-06,1.13379350966797,9.02075000765091E-06,1.41724188708497,56.5524314477504,15.0001746352581,15.000067847142,""
75979.4862620831,14.9999999212883,7.21629319775571E-06,1.1339049787674,9.02036649719463E-06,1.41738122345925,56.5524900707647,15.000177945369,15.0000711649987,""
75994.9307620525,15.0000000682633,7.2152333985537E-06,1.13401641560966,9.01904174819213E-06,1.41752051951207,56.5524792566983,15.0001792173562,15.0000724431578,""
76010.3771317005,15.0000001549781,7.21392605402991E-06,1.13412785977688,9.01740756753738E-06,1.4176598247211,56.5524395189058,15.0001804894973,15.0000737214717,""
76025.82163167,15.0000003050653,7.21088794382756E-06,1.13423923332578,9.01360992978445E-06,1.41779904165723,56.5524249644576,15.0001782445382,15.0000714847688,""
76041.268001318,15.0000004721506,7.20728052488455E-06,1.13435060157956,9.00910065610569E-06,1.41793825197446,56.5524208907424,15.0001759993073,15.0000692477952,""
76056.7125012875,15.0000002427356,7.20614330997805E-06,1.13446191064455,9.00767913747256E-06,1.41807738830569,56.5523768649681,15.0001679165441,15.0000611722076,""
76072.1588709354,14.9999999070233,7.2058180694971E-06,1.13457321815448,9.00727258687137E-06,1.4182165226931,56.552316210253,15.0001598328023,15.0000530956424,""
76087.6033709049,14.9999998568523,7.20522890882331E-06,1.1346845005546,9.00653613602914E-06,1.41835562569325,56.5522183569181,15.0001570049021,15.00005027149,""
76103.0497403145,14.9999998832369,7.20455284719696E-06,1.1347957925967,9.0056910589962E-06,1.41849474074587,56.5521050199694,15.0001541766596,15.0000474469957,""
76118.494240284,15.000000114011,7.20303990066318E-06,1.13490704252921,9.00379987582897E-06,1.41863380316151,56.5520771772204,15.0001540116551,15.0000472899667,""
76133.9406099319,15.000000399652,7.20125134207E-06,1.13501829650449,9.0015641775875E-06,1.41877287063062,56.5520848566638,15.0001538466306,15.0000471329188,""
76149.3851099014,15.0000004016869,7.19897345991317E-06,1.13512948788791,8.99871682489146E-06,1.41891185985988,56.5520179108447,15.000150492008,15.0000437884265,""
76164.8314795494,15.0000003276014,7.19653414092221E-06,1.1352406765594,8.99566767615276E-06,1.41905084569925,56.5519199612591,15.0001471369793,15.0000404435294,""
76180.2759795189,15.0000003268488,7.19449538295311E-06,1.1353518012735,8.99311922869138E-06,1.41918975159187,56.5518884720851,15.000145223114,15.0000385348977,""
76195.7223491669,15.0000003457887,7.1925882011023E-06,1.13546292280894,8.99073525137787E-06,1.41932865351117,56.551884562791,15.000143309017,15.0000366260349,""
76211.1668493748,15.0000003319227,7.19173071281097E-06,1.13557400279365,8.98966339101372E-06,1.41946750349206,56.5518572418971,15.0001400215932,15.000033342956,""
76226.6132187843,15.0000003092405,7.19121888496112E-06,1.13568508696335,8.9890236062014E-06,1.41960635870418,56.5518202047038,15.0001367337715,15.0000300594798,""
76242.0577187538,15.0000002636417,7.18935785502846E-06,1.13579612495727,8.98669731878558E-06,1.41974515619658,56.5518365948382,15.0001320709929,15.0000254097506,""
76257.5040884018,15.0000002118758,7.1870518861112E-06,1.13590716560499,8.983814857639E-06,1.41988395700624,56.5518751376076,15.0001274076498,15.0000207594586,""
76272.9485883713,15.0000000727261,7.18639755338775E-06,1.13601816475183,8.98299694173469E-06,1.42002270593979,56.551905821438,15.0001266120301,15.0000199654377,""
76288.3949580193,14.999999910054,7.18628763786714E-06,1.13612916808381,8.98285954733392E-06,1.42016146010476,56.5519332542771,15.000125816314,15.0000191713207,""
76303.8394579887,15.000000041094,7.18508155746525E-06,1.13624013849496,8.98135194683157E-06,1.42030017311869,56.5519937131976,15.0001310367044,15.0000243980737,""
76319.2858273983,15.000000251185,7.18351375002793E-06,1.13635111591111,8.97939218753492E-06,1.42043889488889,56.5520678583792,15.0001362577268,15.0000296254595,""
76334.7303273678,15.0000002931872,7.18009721606406E-06,1.1364620149249,8.97512152008007E-06,1.42057751865612,56.5520857016737,15.0001423630237,15.0000357427602,""
76350.1766970158,15.0000002899447,7.17607015280285E-06,1.13657290592439,8.97008769100356E-06,1.42071613240549,56.552080247354,15.0001484690597,15.0000418608014,""
76365.6211969852,15.0000001504666,7.17298776452689E-06,1.13668370456494,8.96623470565861E-06,1.42085463070617,56.5521811063745,15.0001485859943,15.0000419915756,""
76381.0675666332,14.9999999742726,7.17021669362241E-06,1.13679449056045,8.96277086702801E-06,1.42099311320056,56.5523259549572,15.000148702943,15.0000421223657,""
76396.5120666027,14.9999999127359,7.16795830439903E-06,1.13690520671361,8.95994788049879E-06,1.42113150839201,56.552408407761,15.0001518260906,15.0000452558869,""
76411.9584362507,14.9999998820876,7.16586884134423E-06,1.13701591763331,8.95733605168028E-06,1.42126989704164,56.5524650822214,15.0001549496163,15.0000483897876,""
76427.4029362202,14.9999999733247,7.16599503362465E-06,1.13712660085728,8.95749379203081E-06,1.4214082510716,56.5524992644612,15.0001598629528,15.0000533067417,""
76442.8493058681,15.0000000974378,7.1668531527325E-06,1.13723729275765,8.95856644091563E-06,1.42154661594706,56.5525241604108,15.0001647768841,15.0000582242911,""
76458.2938058376,15.0000001617837,7.16593232027995E-06,1.13734796370566,8.95741540034993E-06,1.42168495463207,56.5525198114402,15.0001652815783,15.0000587377926,""
76473.7401754856,15.0000002100173,7.16442346071461E-06,1.13745864555469,8.95552932589326E-06,1.42182330694336,56.5525033869349,15.0001657863337,15.0000592513563,""
76489.1846754551,15.0000003280804,7.16344507726713E-06,1.13756928717083,8.95430634658391E-06,1.42196160896353,56.5525179964755,15.0001614805857,15.0000549505323,""
76504.6310451031,15.0000004650075,7.1626419080346E-06,1.13767993330826,8.95330238504324E-06,1.42209991663533,56.5525454145101,15.0001571743165,15.0000506491876,""
76520.0755450726,15.0000003143789,7.16112708979117E-06,1.13779053641622,8.95140886223896E-06,1.42223817052027,56.5526161400535,15.0001532439316,15.0000467250518,""
76535.5219144821,15.0000000860817,7.15937666898065E-06,1.13790114310919,8.94922083622581E-06,1.42237642888649,56.5527047377877,15.0001493130708,15.000042800441,""
76550.9664144516,15.0000001524079,7.15737483826079E-06,1.13801169190295,8.94671854782599E-06,1.42251461487869,56.5526910747536,15.0001475870434,15.0000410832862,""
76566.4127840996,15.0000002983381,7.155289505448E-06,1.13812223935058,8.94411188180999E-06,1.42265279918823,56.5526352615354,15.0001458608071,15.0000393659235,""
76581.8572843075,15.0000001285644,7.15349796929792E-06,1.13823272955841,8.9418724616224E-06,1.42279091194802,56.5526133451891,15.0001478055136,15.0000413177929,""
76597.303653717,14.9999998734336,7.15180338598184E-06,1.13834321861975,8.9397542324773E-06,1.42292902327469,56.5526053878676,15.0001497504555,15.0000432698984,""
76612.7481536865,14.9999997066252,7.15018287509588E-06,1.13845365612723,8.93772859386985E-06,1.42306707015904,56.5525779312284,15.0001519108683,15.0000454396159,""
76628.1945233345,14.9999995636756,7.14858662933984E-06,1.13856409436013,8.9357332866748E-06,1.42320511795017,56.5525424424596,15.0001540715426,15.000047609596,""
76643.639023304,14.9999996723356,7.14662797320622E-06,1.13867447658741,8.93328496650777E-06,1.42334309573426,56.5525296292927,15.0001524411363,15.0000459896808,""
76659.085392952,14.9999998490875,7.14454895608066E-06,1.1387848580522,8.93068619510082E-06,1.42348107256525,56.5525261435101,15.0001508105326,15.0000443695695,""
76674.5298929214,14.9999998820209,7.14267732766005E-06,1.1388951811216,8.92834665957507E-06,1.423618976402,56.5524443672637,15.0001499434439,15.0000435080321,""
76689.9762625694,14.9999998760287,7.14087412022683E-06,1.13900550262155,8.92609265028353E-06,1.42375687827693,56.5523303843589,15.0001490762503,15.0000426463904,""
76705.4207627773,14.999999842169,7.14048802311537E-06,1.1391157908239,8.92561002889421E-06,1.42389473852987,56.552344627714,15.0001501027487,15.0000436782436,""
76720.8671321869,14.9999998007567,7.14057163716645E-06,1.1392260857613,8.92571454645806E-06,1.42403260720163,56.5524115686595,15.0001511293714,15.0000447102217,""
76736.3116321564,14.9999998707088,7.13923483154793E-06,1.13933634734981,8.92404353943491E-06,1.42417043418726,56.5524766893262,15.0001560805552,15.0000496698807,""
76751.7580018044,14.9999999708475,7.13742675565567E-06,1.13944661565288,8.92178344456959E-06,1.4243082695661,56.5525410735004,15.0001610323383,15.0000546301402,""
76767.2025017738,14.9999997033146,7.13552844637993E-06,1.13955682727588,8.91941055797491E-06,1.42444603409485,56.55246777967,15.0001667681129,15.0000603736841,""
76782.6488711834,14.9999993360653,7.13359989521635E-06,1.13966703786131,8.91699986902044E-06,1.42458379732664,56.5523379602681,15.0001725045817,15.0000661179233,""
76798.0933711529,14.9999996828299,7.13198276989409E-06,1.13977719518928,8.91497846236762E-06,1.42472149398659,56.5522953980547,15.0001745327043,15.0000681518307,""
76813.5397408009,15.0000002233124,7.13046874307128E-06,1.13988735260234,8.9130859288391E-06,1.42485919075293,56.5522886242589,15.0001765610725,15.0000701859843,""
76828.9842407703,15.0000000756043,7.13049774707449E-06,1.13999748540361,8.91312218384311E-06,1.42499685675451,56.5523302706913,15.0001752566521,15.0000688846378,""
76844.4306104183,14.9999997411201,7.13103907312917E-06,1.14010762779234,8.91379884141146E-06,1.42513453474043,56.552391776101,15.0001739520739,15.0000675831338,""
76859.8751103878,14.9999996726573,7.12740221310151E-06,1.14021770486544,8.90925276637688E-06,1.4252721310818,56.5522079688839,15.0001710624272,15.000064708473,""
76875.3214800358,14.9999996764099,7.12237698174241E-06,1.14032777799577,8.90297122717802E-06,1.42540972249472,56.5519236133031,15.0001681724307,15.0000618334643,""
76890.7659800053,14.9999998192519,7.12075423140058E-06,1.14043777384029,8.90094278925073E-06,1.42554721730036,56.5518451654649,15.0001656304947,15.000059296458,""
76906.2123496532,14.9999999998981,7.12026179562287E-06,1.14054776174473,8.90032724452859E-06,1.42568470218092,56.5518510255302,15.0001630882509,15.0000567591445,""
76921.6568496227,15.0000000466574,7.11941309817679E-06,1.14065771941638,8.89926637272099E-06,1.42582214927047,56.5518961252955,15.0001596798716,15.000053358556,""
76937.1032192707,15.0000000570369,7.11844583893602E-06,1.14076768477438,8.89805729867003E-06,1.42595960596797,56.5519572923703,15.0001562710797,15.0000499575558,""
76952.5477192402,14.9999998553985,7.11693061826722E-06,1.14087760593513,8.89616327283402E-06,1.42609700741891,56.551788669286,15.0001517214618,15.0000454144661,""
76967.9940888882,14.9999995960794,7.11523293417116E-06,1.14098753013041,8.89404116771395E-06,1.42623441266301,56.5515260265481,15.0001471712931,15.0000408708264,""
76983.4385888577,14.9999998203855,7.11287902731762E-06,1.14109739153246,8.89109878414702E-06,1.42637173941557,56.5513791691357,15.0001455405975,15.0000392488694,""
76998.8849582672,15.0000001762938,7.11030643525473E-06,1.14120724976736,8.88788304406842E-06,1.4265090622092,56.5512796184375,15.0001439097045,15.0000376267162,""
77014.3294582367,15.0000001646728,7.10963295058078E-06,1.14131706441413,8.88704118822597E-06,1.42664633051767,56.5511743127182,15.0001456785683,15.0000394019995,""
77029.7758278847,15.000000053016,7.10959137985422E-06,1.14142688227237,8.88698922481778E-06,1.42678360284046,56.5510666378366,15.0001474476462,15.0000411774977,""
77045.2203278542,14.9999999823147,7.10942502251866E-06,1.14153668394704,8.88678127814833E-06,1.4269208549338,56.5510379225558,15.0001520691121,15.0000458006444,""
77060.6666975021,14.9999999227553,7.10921709315021E-06,1.1416464979515,8.88652136643777E-06,1.42705812243937,56.5510414422629,15.0001566911375,15.0000504243508,""
77076.11119771,14.9999999349184,7.10759499826352E-06,1.1417562720039,8.8844937478294E-06,1.42719534000488,56.5509344653366,15.00016177564,15.0000555196107,""
77091.5575671196,14.9999999666244,7.10550163983929E-06,1.14186605046097,8.88187704979912E-06,1.42733256307622,56.5507823799781,15.0001668607579,15.0000606154873,""
77107.0020670891,14.999999958412,7.10428523081581E-06,1.14197578067288,8.88035653851976E-06,1.4274697258411,56.5507762622137,15.0001709041491,15.0000646619568,""
77122.4484367371,14.9999999393173,7.10336081623848E-06,1.14208551251913,8.8792010202981E-06,1.42760689064891,56.5508296731658,15.0001749480299,15.0000687089162,""
77137.8929367065,14.9999999339671,7.10176337877557E-06,1.14219519927045,8.87720422346947E-06,1.42774399908806,56.5508377424198,15.0001794218422,15.0000731902995,""
77153.3393063545,14.9999999323645,7.09994135143122E-06,1.14230488869515,8.87492668928903E-06,1.42788111086894,56.5508273322852,15.0001838961962,15.0000776722253,""
77168.7838065624,15.0000001106213,7.0974766537467E-06,1.14241451270855,8.87184581718338E-06,1.42801814088569,56.5508451879863,15.0001883415416,15.0000821268325,""
77184.230175972,15.0000003379814,7.09479725974281E-06,1.14252413260261,8.86849657467851E-06,1.42815516575326,56.5508745607859,15.000192787425,15.0000865819789,""
77199.6746759415,15.000000387492,7.09324023667109E-06,1.14263369450087,8.86655029583886E-06,1.42829211812609,56.5509962772153,15.000195808288,15.0000896063093,""
77215.1210455894,15.0000003884586,7.09205736316091E-06,1.14274325474003,8.86507170395114E-06,1.42842906842504,56.5511556083178,15.0001988295166,15.0000926310058,""
77230.5655455589,15.0000003517589,7.09268174163553E-06,1.14285280223535,8.86585217704441E-06,1.42856600279418,56.5512266002826,15.0001994876054,15.0000932890532,""
77246.0119149685,15.0000003047658,7.09390931994543E-06,1.14296236316333,8.86738664993178E-06,1.42870295395416,56.5512616618336,15.0002001457738,15.0000939471802,""
77261.456414938,15.00000038612,7.09280206944134E-06,1.14307190319742,8.86600258680167E-06,1.42883987899678,56.551388898453,15.0001973467418,15.0000911566032,""
77276.902784586,15.0000005025593,7.09091517909308E-06,1.14318145394336,8.86364397386635E-06,1.4289768174292,56.5515536378868,15.0001945473709,15.0000883656884,""
77292.3472845554,15.0000003845144,7.08991429322521E-06,1.14329096141945,8.86239286653152E-06,1.42911370177431,56.5516202669854,15.0001904006168,15.0000842207341,""
77307.7936542034,15.0000002023436,7.08920914552196E-06,1.14340047212877,8.86151143190246E-06,1.42925059016096,56.5516470363154,15.0001862533607,15.000080075278,""
77323.2381541729,15.0000002010249,7.08759062627852E-06,1.14350993914711,8.85948828284815E-06,1.42938742393389,56.5517236877011,15.0001827350873,15.0000765653369,""
77338.6845238209,15.0000002491751,7.08566668707418E-06,1.14361940924756,8.85708335884273E-06,1.42952426155945,56.5518206117889,15.0001792163879,15.0000730549708,""
77354.1290237904,15.0000002364605,7.08328304879597E-06,1.14372881445293,8.85410381099496E-06,1.42966101806616,56.5519149496206,15.0001730719185,15.0000669138158,""
77369.5753934383,15.000000207087,7.08074537959695E-06,1.14383821563937,8.85093172449618E-06,1.42979776954921,56.5520082537164,15.0001669267053,15.0000607719173,""
77385.0198934078,15.0000003444263,7.07956416336645E-06,1.14394756578774,8.84945520420806E-06,1.42993445723467,56.5521048667691,15.0001605524713,15.0000544080341,""
77400.4662630558,15.0000005274336,7.07883630243895E-06,1.1440569165348,8.84854537804869E-06,1.4300711456685,56.5522028386154,15.0001541774655,15.0000480433804,""
77415.9107630253,15.0000005099432,7.07633385784767E-06,1.14416620978699,8.84541732230958E-06,1.43020776223373,56.5522006554366,15.0001477097265,15.0000415833489,""
77431.3571326733,15.0000004375256,7.07323742465333E-06,1.144275501464,8.84154678081666E-06,1.43034437683,56.552157865689,15.0001412412046,15.0000351225353,""
77446.8016326427,15.0000000817951,7.07296083105262E-06,1.14438475179816,8.84120103881578E-06,1.43048093974771,56.5522279740695,15.0001411571474,15.0000350386905,""
77462.2480020523,14.9999996483602,7.07362777456888E-06,1.1444940059476,8.8420347182111E-06,1.43061750743449,56.5523438400606,15.0001410730801,15.0000349548356,""
77477.6925020218,14.9999995964953,7.07221795920942E-06,1.14460323023198,8.84027244901178E-06,1.43075403778997,56.5523536166985,15.0001450062021,15.0000388982416,""
77493.1388716698,14.9999996492538,7.07011271495273E-06,1.1447124621671,8.83764089369092E-06,1.43089057770888,56.5523204335414,15.0001489398002,15.0000428421249,""
77508.5833716393,14.9999996562695,7.06782815000428E-06,1.14482162939285,8.83478518750535E-06,1.43102703674106,56.5524104684093,15.000148381481,15.0000422904376,""
77524.0297412872,14.9999996507369,7.06548316436605E-06,1.14493079258972,8.83185395545756E-06,1.43116349073715,56.5525503869546,15.0001478230941,15.0000417386835,""
77539.4742414951,14.999999525774,7.06268815103945E-06,1.14503988136328,8.82836018879931E-06,1.4312998517041,56.5524547260806,15.0001436429911,15.0000375708463,""
77554.9206109047,14.99999936801,7.05974192064487E-06,1.14514896283035,8.82467740080609E-06,1.43143620353794,56.5522637623305,15.0001394623823,15.0000334025048,""
77570.3651108742,14.9999991451731,7.05895512913287E-06,1.14525799628433,8.82369391141609E-06,1.43157249535542,56.5521214847276,15.0001383723351,15.000032313615,""
77585.8114805222,14.9999989044315,7.05889193393565E-06,1.14536703126949,8.82361491741956E-06,1.43170878908687,56.5519988637758,15.0001372821561,15.0000312245933,""
77601.2559804916,14.999999200241,7.05746022082378E-06,1.1454760304566,8.82182527602972E-06,1.43184503807075,56.5519700391707,15.0001421018488,15.0000360554795,""
77616.7023501396,14.9999996435166,7.0555694468469E-06,1.14558503526075,8.81946180855863E-06,1.43198129407594,56.5519791034151,15.000146922125,15.0000408869506,""
77632.1468501091,14.999999709851,7.05431823497845E-06,1.14569399301167,8.81789779372307E-06,1.43211749126459,56.5520086698164,15.0001514557803,15.0000454249421,""
77647.5932197571,14.9999996725777,7.05328133329692E-06,1.14580295259495,8.81660166662115E-06,1.43225369074368,56.5520465192273,15.0001559899844,15.000049963483,""
77663.037719965,14.9999996494177,7.05071149661144E-06,1.14591185132997,8.8133893707643E-06,1.43238981416247,56.5520845732772,15.0001563438838,15.0000503322251,""
77678.4840891361,14.9999996301357,7.04762689013171E-06,1.14602074724907,8.80953361266463E-06,1.43252593406134,56.5521227163674,15.000156697826,15.0000507010118,""
77693.9285891056,14.9999998439114,7.04558099243171E-06,1.14612957469476,8.80697624053964E-06,1.43266196836845,56.5521339492142,15.0001536310899,15.0000476385476,""
77709.3749587536,15.0000001218489,7.04388342350365E-06,1.14623839675174,8.80485427937957E-06,1.43279799593967,56.5521343314768,15.0001505639825,15.0000445757127,""
77724.8194587231,15.0000002868686,7.04085537242484E-06,1.14634714582905,8.80106921553105E-06,1.43293393228632,56.5520614801949,15.0001446993875,15.0000387283445,""
77740.265828371,15.0000004208277,7.03738005991107E-06,1.1464558879857,8.79672507488883E-06,1.43306985998213,56.5519591000194,15.0001388340826,15.0000328802684,""
77755.7103283405,15.0000003722674,7.03693477011275E-06,1.14656458342165,8.79616846264093E-06,1.43320572927706,56.5519003234538,15.0001368307,15.0000308788242,""
77771.1566979885,15.0000002734274,7.0375072763335E-06,1.14667328074155,8.79688409541688E-06,1.43334160092694,56.5518591007975,15.0001348270749,15.0000288771376,""
77786.601197958,15.0000002695691,7.03678097248687E-06,1.14678195807977,8.79597621560859E-06,1.43347744759972,56.5518924544694,15.0001402017783,15.0000342585524,""
77802.047567606,15.0000002918844,7.03561807545125E-06,1.1468906462805,8.79452259431406E-06,1.43361330785062,56.5519558359987,15.0001455771323,15.0000396406186,""
77817.4920675755,15.0000003603218,7.03378233810751E-06,1.14699928404806,8.79222792263439E-06,1.43374910506007,56.5518680216587,15.0001501374478,15.0000442126159,""
77832.9384372234,15.0000004414861,7.03172010243799E-06,1.14710792243339,8.78965012804749E-06,1.43388490304173,56.5517193614867,15.0001546983154,15.0000487851666,""
77848.3829371929,15.000000406425,7.02876377016533E-06,1.1472164861873,8.78595471270666E-06,1.43402060773413,56.5517234756277,15.0001544072808,15.0000485043108,""
77863.8293068409,15.0000003392986,7.025506257524E-06,1.14732504240379,8.781882821905E-06,1.43415630300474,56.5517890200854,15.0001541162109,15.0000482234211,""
77879.2738068104,15.0000000847691,7.02546754163088E-06,1.14743355990356,8.7818344270386E-06,1.43429194987945,56.5518648276081,15.0001538493706,15.000047957611,""
77894.7201764584,14.9999997784808,7.02651178428624E-06,1.14754208193389,8.7831397303578E-06,1.43442760241736,56.5519447722695,15.0001535824981,15.0000476917687,""
77910.1646764278,15.0000000791379,7.02556196638577E-06,1.1476505841624,8.78195245798221E-06,1.434563230203,56.5520451602156,15.0001567454118,15.0000508652234,""
77925.6110458374,15.0000005474284,7.023940832063E-06,1.14775909728038,8.77992604007874E-06,1.43469887160047,56.552153775587,15.0001599087083,15.0000540390622,""
77941.0555458069,15.000000159416,7.0209845278952E-06,1.14786753917859,8.776230659869E-06,1.43483442397324,56.5520990525056,15.0001636897193,15.0000578318712,""
77956.5019154549,14.9999995347888,7.0175781779772E-06,1.14797597464373,8.7719727224715E-06,1.43496996830466,56.5519787592916,15.0001674711881,15.0000616251394,""
77971.9464154243,14.9999996658559,7.01588217279881E-06,1.14808434469008,8.76985271599851E-06,1.4351054308626,56.5518815973854,15.000175756382,15.0000699151183,""
77987.3927850723,15.0000000058077,7.01476200999753E-06,1.1481927102387,8.76845251249691E-06,1.43524088779837,56.5517936979531,15.000184042579,15.0000782061007,""
78002.8372850418,15.0000000984553,7.01447857377324E-06,1.14830104971312,8.76809821721655E-06,1.4353763121414,56.5517886612344,15.0001923053201,15.0000864736626,""
78018.2836546898,15.0000001227317,7.01447704622404E-06,1.14840939793611,8.76809630778005E-06,1.43551174742014,56.5518168437414,15.0002005690615,15.0000947422254,""
78033.7281548977,15.0000000030203,7.01309719762918E-06,1.14851771172112,8.76637149703648E-06,1.4356471396514,56.5518138157406,15.000201378507,15.0000955622534,""
78049.1745243073,14.9999998434546,7.01125248796942E-06,1.14862603142546,8.76406560996178E-06,1.43578253928182,56.5517982821898,15.0002021880504,15.0000963823806,""
78064.6190242767,14.999999717347,7.00989800011356E-06,1.1487343029784,8.76237250014195E-06,1.435917878723,56.5517626517475,15.0002039249132,15.0000981207509,""
78080.0653939247,14.999999600481,7.00870861296666E-06,1.14884257581975,8.76088576620832E-06,1.43605321977469,56.551718967865,15.0002056619862,15.0000998593316,""
78095.5098938942,14.9999999170007,7.00725677892671E-06,1.14895080402893,8.75907097365839E-06,1.43618850503617,56.551592541777,15.0002083555325,15.0001025652002,""
78110.9562635422,15.000000353588,7.00571616919859E-06,1.14905903470275,8.75714521149824E-06,1.43632379337844,56.5514329814329,15.0002110494048,15.0001052713963,""
78126.4007635117,15.000000272931,7.00409606277119E-06,1.14916721546623,8.75512007846399E-06,1.43645901933278,56.5514407175674,15.0002063498404,15.0001005766927,""
78141.8471329212,15.0000000489494,7.00244886416389E-06,1.14927539689949,8.75306108020486E-06,1.43659424612436,56.5515153661416,15.0002016497071,15.0000958814208,""
78157.2916328907,15.0000000433204,7.00113151582923E-06,1.14938353229476,8.75141439478653E-06,1.43672941536845,56.5514410160592,15.0001966476239,15.0000908820343,""
78172.7380025387,15.000000098219,6.99992532081523E-06,1.14949166965617,8.74990665101904E-06,1.43686458707021,56.5513070958972,15.0001916449351,15.0000858820427,""
78188.1825025082,15.0000000177489,6.99911737243467E-06,1.14959977222684,8.74889671554334E-06,1.43699971528355,56.551254038686,15.0001906612418,15.0000849062863,""
78203.6288721561,14.9999998997231,6.99844380451104E-06,1.14970788055343,8.7480547556388E-06,1.43713485069179,56.5512332757069,15.0001896774293,15.0000839304118,""
78219.0733721256,14.9999998479179,6.9957967028707E-06,1.14981592975892,8.74474587858837E-06,1.43726991219865,56.5512714957689,15.0001891570697,15.0000834217148,""
78234.5197417736,14.9999998144794,6.99248233562851E-06,1.14992397648787,8.74060291953564E-06,1.43740497060983,56.5513332709331,15.0001886366471,15.0000829129562,""
78249.9642417431,14.9999997927717,6.99063338314346E-06,1.15003195625479,8.73829172892933E-06,1.43753994531849,56.5512544239945,15.0001867431634,15.0000810246669,""
78265.4106113911,14.9999997743174,6.98927947182809E-06,1.15013993087751,8.73659933978512E-06,1.43767491359689,56.5511194544893,15.0001848494503,15.0000791361491,""
78280.8551113606,14.9999996876876,6.98707422407949E-06,1.15024784802632,8.73384278009936E-06,1.4378098100329,56.5511409682567,15.0001825172797,15.0000768141884,""
78296.3014810085,14.9999995821086,6.98458073811825E-06,1.15035576322214,8.73072592264781E-06,1.43794470402768,56.5512248865333,15.0001801848267,15.0000744919467,""
78311.745980978,14.9999996800415,6.98401562600966E-06,1.15046363758561,8.73001953251207E-06,1.43807954698201,56.5511599148626,15.0001794025025,15.0000737127405,""
78327.192350626,14.999999834543,6.98410275829927E-06,1.15057151561289,8.73012844787408E-06,1.43821439451611,56.5510355945771,15.0001786200837,15.00007293344,""
78342.6368505955,14.9999998594711,6.98212024657746E-06,1.15067935062557,8.72765030822182E-06,1.43834918828196,56.5510230772096,15.000178365906,15.0000726922723,""
78358.0832202435,14.9999998483786,6.97943701709057E-06,1.15078718855353,8.72429627136321E-06,1.43848398569191,56.5510550884508,15.0001781116975,15.0000724510753,""
78373.5277202129,14.9999998207969,6.97751277005238E-06,1.15089496322848,8.72189096256547E-06,1.43861870403559,56.5510299387184,15.000175650858,15.0000699964167,""
78388.9740896225,14.9999997886244,6.97584516104851E-06,1.15100273395172,8.71980645131064E-06,1.43875341743965,56.5509820312336,15.0001731897207,15.000067541461,""
78404.4185898304,14.9999997208308,6.97421566045824E-06,1.15111045374092,8.7177695755728E-06,1.43888806717615,56.5509833879954,15.0001737534208,15.0000681139277,""
78419.86495924,14.9999996431134,6.97259880227933E-06,1.15121817373228,8.71574850284916E-06,1.43902271716535,56.5510043434602,15.0001743171892,15.0000686864637,""
78435.3094592094,14.9999998540068,6.97117847777025E-06,1.15132584641587,8.71397309721282E-06,1.43915730801984,56.5510244970266,15.0001736109317,15.0000679881312,""
78450.7558288574,15.0000001452919,6.96982451014957E-06,1.15143352052152,8.71228063768696E-06,1.43929190065191,56.5510443351782,15.0001729045887,15.000067289714,""
78466.2003288269,15.0000003772843,6.96930671444787E-06,1.15154116327197,8.71163339305984E-06,1.43942645408996,56.5510771548386,15.0001696978581,15.0000640854034,""
78481.6466984749,15.0000005927954,6.96907224581487E-06,1.15164881284264,8.71134030726859E-06,1.4395610160533,56.5511151382605,15.0001664907393,15.0000608807049,""
78497.0911986828,15.0000004583724,6.96782409412265E-06,1.15175642831845,8.70978011765331E-06,1.43969553539806,56.5511058827797,15.0001578621879,15.0000522620306,""
78512.5375680923,15.0000002263996,6.96623203072531E-06,1.15186404967484,8.70779003840664E-06,1.43983006209355,56.5510778664928,15.0001492325922,15.0000436423132,""
78527.9820680618,15.0000000605742,6.96478719728457E-06,1.15197162355674,8.70598399660571E-06,1.43996452944593,56.5510220501289,15.0001464478762,15.0000408619072,""
78543.4284377098,14.9999999131679,6.96339207018702E-06,1.15207919877465,8.70424008773378E-06,1.44009899846832,56.5509551910874,15.0001436628231,15.0000380811647,""
78558.8729376793,14.999999962448,6.9624926099094E-06,1.15218673644975,8.70311576238675E-06,1.44023342056219,56.5508987081908,15.0001437584246,15.0000381811104,""
78574.3193073273,15.0000000666072,6.96176119962491E-06,1.15229427882116,8.70220149953114E-06,1.44036784852645,56.5508463313574,15.0001438540377,15.0000382810682,""
78589.7638072968,15.0000001044829,6.95911680831282E-06,1.15240176175958,8.69889601039103E-06,1.44050220219947,56.550809702263,15.0001409290717,15.0000353690378,""
78605.2101767063,15.0000001238635,6.9558226005782E-06,1.15250924194964,8.69477825072275E-06,1.44063655243705,56.550779309471,15.0001380037515,15.000032456655,""
78620.6546766758,15.0000000458331,6.95232545846942E-06,1.15261663003338,8.69040682308677E-06,1.44077078754172,56.5506323050135,15.0001358161474,15.0000302789121,""
78636.1010463238,14.9999999405881,6.94875883373593E-06,1.15272400425267,8.68594854216991E-06,1.44090500531584,56.5504390776929,15.0001336282785,15.0000281009056,""
78651.5455462933,14.9999999944127,6.94791695030514E-06,1.15283132532389,8.68489618788143E-06,1.44103915665486,56.5503417933735,15.0001331256246,15.0000276024126,""
78666.9919159412,15.0000000926882,6.94800059697243E-06,1.15293864574511,8.68500074621553E-06,1.44117330718138,56.5502824796946,15.0001326229099,15.0000271038593,""
78682.4364159107,14.9999999927789,6.94781331250551E-06,1.15304595091961,8.68476664063188E-06,1.44130743864951,56.550269138305,15.0001321867943,15.0000266773946,""
78697.8827855587,14.999999837456,6.94753391959273E-06,1.15315326831733,8.68441739949091E-06,1.44144158539666,56.5502739858032,15.0001317506259,15.0000262508782,""
78713.3272855282,14.9999998308719,6.94547333892013E-06,1.15326053877193,8.68184167365016E-06,1.44157567346492,56.5502192637909,15.0001390560775,15.0000335629215,""
78728.7736551762,14.9999998658839,6.94280683932653E-06,1.1533678106674,8.67850854915816E-06,1.44170976333425,56.5501409750447,15.0001463624134,15.0000408758501,""
78744.2181551456,15.0000000836055,6.9415955677941E-06,1.153475030591,8.67699445974262E-06,1.44184378823876,56.5501040212592,15.0001503454436,15.0000448668587,""
78759.6645247936,15.0000003524833,6.94087905288251E-06,1.15358225023243,8.67609881610313E-06,1.44197781279053,56.5500833979052,15.0001543289559,15.0000488583504,""
78775.1090247631,15.0000000274169,6.93932406003526E-06,1.15368942742993,8.67415507504407E-06,1.44211178428742,56.5499952462051,15.0001531979497,15.0000477345595,""
78790.5553944111,14.9999995360324,6.9374835210054E-06,1.1537966075751,8.67185440125675E-06,1.44224575946888,56.5498804065354,15.0001520668065,15.0000466106325,""
78805.9998943806,14.9999995850113,6.93673288884242E-06,1.15390374916408,8.67091611105302E-06,1.4423796864551,56.5498541608804,15.0001518904675,15.0000464349532,""
78821.4462640285,14.9999997853402,6.93635312128991E-06,1.1540108950144,8.67044140161239E-06,1.44251361876799,56.5498628837574,15.0001517141072,15.0000462592526,""
78836.890763998,14.9999999218526,6.93688263634458E-06,1.15411803318886,8.67110329543073E-06,1.44264754148608,56.5497894664619,15.0001511226621,15.0000456706204,""
78852.3371334076,15.0000000405041,6.93772186176701E-06,1.15422518613431,8.67215232720876E-06,1.44278148266788,56.54968363084,15.0001505311455,15.000045081917,""
78867.7816336155,15.0000000446314,6.93556292346153E-06,1.15433229914046,8.66945365432691E-06,1.44291537392557,56.5496319216836,15.0001507677315,15.000045326601,""
78883.2280030251,15.0000000166526,6.93238232036836E-06,1.15443941592098,8.66547790046045E-06,1.44304926990123,56.5496015450326,15.0001510043462,15.0000455713146,""
78898.6725029945,14.9999999578084,6.93134999129547E-06,1.15454647964036,8.66418748911934E-06,1.44318309955045,56.5494946612081,15.0001507086666,15.0000452754947,""
78914.1188726425,14.9999998902977,6.93104957970304E-06,1.15465354265478,8.66381197462879E-06,1.44331692831848,56.5493576117481,15.0001504129513,15.000044979639,""
78929.563372612,14.9999999082195,6.93013439601098E-06,1.15476057629355,8.66266799501372E-06,1.44345072036694,56.5493496443696,15.0001472757464,15.0000418480339,""
78945.00974226,14.9999999501184,6.9290094819177E-06,1.1548676172924,8.66126185239713E-06,1.4435845216155,56.5493925099871,15.0001441381618,15.0000387160498,""
78960.4542422295,15.0000000467995,6.92936690668041E-06,1.15497464231857,8.66170863335051E-06,1.44371830289821,56.5494250122692,15.0001432818735,15.0000378581003,""
78975.9006118774,15.0000001588762,6.93022992841673E-06,1.15508167927222,8.66278741052092E-06,1.44385209909028,56.5494534412441,15.0001424254816,15.0000370000469,""
78991.3451120853,14.9999999639872,6.92875823963388E-06,1.15518868708717,8.66094779954235E-06,1.44398585885896,56.5493546182813,15.000145852608,15.0000404365823,""
79006.7914814949,14.9999996828422,6.92648977167628E-06,1.15529570233065,8.65811221459535E-06,1.44411962791331,56.5492057248816,15.0001492801492,15.0000438735336,""
79022.2359814644,14.9999998566926,6.92421585420177E-06,1.15540265229444,8.65526981775221E-06,1.44425331536805,56.5491642678433,15.0001543546187,15.000048949541,""
79037.6823511124,15.0000001584394,6.9219397075649E-06,1.15550959734345,8.65242463445613E-06,1.44438699667932,56.5491650380061,15.0001594297025,15.0000540261629,""
79053.1268510818,15.000000294309,6.92132581390089E-06,1.15561650270726,8.65165726737612E-06,1.44452062838408,56.549098077223,15.000161266598,15.000055868462,""
79068.5732204914,15.0000003835596,6.92127937425507E-06,1.15572341187996,8.65159921781884E-06,1.44465426484995,56.5490044954218,15.0001631037157,15.0000577109842,""
79084.0177204609,15.0000002237323,6.91949025276206E-06,1.1558302801269,8.64936281595257E-06,1.44478785015862,56.5489972096387,15.0001629840876,15.0000575956335,""
79099.4640901089,14.9999999938122,6.91710559606984E-06,1.15593715175053,8.6463819950873E-06,1.44492143968816,56.5490238058291,15.000162864445,15.0000574802688,""
79114.9085900784,15.000000058265,6.91595134044453E-06,1.15604397453946,8.64493917555567E-06,1.44505496817432,56.5489062571363,15.0001654220957,15.0000600402107,""
79130.3549597263,15.000000205578,6.91521732525832E-06,1.15615079799208,8.6440216565729E-06,1.4451884974901,56.5487321255281,15.0001679800559,15.0000626004624,""
79145.7994596958,15.0000002223983,6.91443816378864E-06,1.15625759091911,8.6430477047358E-06,1.44532198864889,56.5487097259914,15.0001702195138,15.0000648416479,""
79161.2458293438,15.0000002024767,6.91364344332358E-06,1.15636439075888,8.64205430415447E-06,1.44545548844861,56.5487468274213,15.0001724592429,15.0000670831047,""
79176.6903293133,15.0000001287836,6.91318838570092E-06,1.15647116462396,8.64148548212615E-06,1.44558895577995,56.5486686104354,15.0001704210492,15.0000650498581,""
79192.1366989613,15.0000000399306,6.91284940642783E-06,1.15657794695261,8.64106175803479E-06,1.44572243369076,56.5485451829174,15.0001683826089,15.0000630163652,""
79207.5811989307,15.0000002096861,6.91009178976653E-06,1.15668467119548,8.63761473720816E-06,1.44585583899435,56.5484783544906,15.0001604735533,15.0000551146478,""
79223.0275685787,15.0000004523589,6.90650632068672E-06,1.1567913929071,8.6331329008584E-06,1.44598924113388,56.5484336847109,15.0001525635403,15.0000472119739,""
79238.4720685482,15.0000000545146,6.90532082066738E-06,1.1568980562527,8.63165102583422E-06,1.44612257031588,56.5483905580065,15.0001450552861,15.000039706755,""
79253.9184381962,14.9999994759857,6.90495646253571E-06,1.15700471695529,8.63119557816964E-06,1.44625589619411,56.5483480280997,15.000137546123,15.0000322006275,""
79269.3629381657,14.9999996523308,6.90231249915538E-06,1.15711132115182,8.62789062394422E-06,1.44638915143978,56.5481798279286,15.0001389257348,15.000033591684,""
79284.8093075752,15.0000000416782,6.89888766281974E-06,1.15721792332487,8.62360957852468E-06,1.44652240415609,56.5479624332049,15.0001403055136,15.0000349829088,""
79300.2538075447,14.9999999004349,6.89817559585837E-06,1.1573244756919,8.62271949482296E-06,1.44665559461487,56.5479700748913,15.0001413726832,15.0000360504906,""
79315.7001771927,14.9999996093997,6.89839251204617E-06,1.15743102831706,8.62299064005771E-06,1.44678878539632,56.548065706596,15.0001424399819,15.0000371182017,""
79331.1446771622,14.9999997303122,6.89675578210544E-06,1.15753754440408,8.6209447276318E-06,1.4469219305051,56.5480427360019,15.0001413100972,15.000036000835,""
79346.5910468102,14.9999999675807,6.8944836846587E-06,1.1576440652849,8.61810460582337E-06,1.44705508160613,56.5479734160841,15.0001401800758,15.000034883333,""
79362.0355470181,14.9999999224045,6.89322825336187E-06,1.15775053670639,8.61653531670233E-06,1.44718817088298,56.5479685690265,15.0001389887487,15.0000336927426,""
79377.4819164276,14.9999997974179,6.89232108520045E-06,1.15785700847863,8.61540135650057E-06,1.44732126059829,56.5479888997045,15.0001377972774,15.0000325020082,""
79392.9264163971,14.9999998714169,6.89113631576904E-06,1.15796344220918,8.6139203947113E-06,1.44745430276147,56.5480316551964,15.0001389113251,15.0000336246842,""
79408.3727860451,15.0000000016773,6.88985616794322E-06,1.15806988019779,8.61232020992902E-06,1.44758735024723,56.5480831701869,15.0001400255076,15.0000347474962,""
79423.8172860146,15.0000000665665,6.88696213137785E-06,1.15817625092999,8.60870266422231E-06,1.44772031366249,56.5480306083429,15.0001424622201,15.000037191614,""
79439.2636556625,15.0000001129773,6.8835140301708E-06,1.15828261588606,8.60439253771351E-06,1.44785326985758,56.5479374412895,15.0001448992276,15.0000396360278,""
79454.708155632,15.0000001870909,6.88164072168996E-06,1.15838891298965,8.60205090211245E-06,1.44798614123706,56.547936417526,15.0001428073426,15.0000375550094,""
79470.15452528,15.0000002690546,6.88030749997108E-06,1.15849520409341,8.60038437496385E-06,1.44811900511676,56.5479713135885,15.0001407152043,15.0000354737391,""
79485.5990254879,15.0000001292412,6.87889822895749E-06,1.15860145049893,8.59862278619686E-06,1.44825181312366,56.5480616851928,15.0001380872467,15.0000328543428,""
79501.0453948975,14.999999926622,6.87746262241001E-06,1.15870769883372,8.59682827801251E-06,1.44838462354216,56.5481736849248,15.000135458971,15.0000302346294,""
79516.4898948669,14.999999942759,6.87593998908698E-06,1.15881389995466,8.59492498635872E-06,1.44851737494332,56.5482105324553,15.0001379544507,15.0000327360604,""
79531.9362642765,15.0000000208575,6.87438722187636E-06,1.15892010213103,8.59298402734545E-06,1.44865012766379,56.5482181249126,15.0001404502324,15.0000352377941,""
79547.380764246,14.9999998977833,6.87221892593857E-06,1.15902624624538,8.59027365742321E-06,1.44878280780673,56.5482400914461,15.0001469692124,15.0000417671046,""
79562.827133894,14.9999997176836,6.86983881427519E-06,1.15913238767615,8.58729851784399E-06,1.44891548459518,56.5482676550077,15.0001534889815,15.0000482972055,""
79578.2716338634,14.999999934639,6.86778104470147E-06,1.15923846652007,8.58472630587684E-06,1.44904808315009,56.5481893208945,15.0001603841581,15.000055198793,""
79593.7180035114,15.0000002641967,6.86583372266233E-06,1.15934454110929,8.58229215332791E-06,1.44918067638662,56.5480697907521,15.0001672801694,15.0000621012161,""
79609.1625034809,15.0000002505259,6.86594416120466E-06,1.15945058987914,8.58243020150582E-06,1.44931323734893,56.5479470231502,15.0001693587515,15.0000641862838,""
79624.6088731289,15.0000001394975,6.8667620991261E-06,1.1595566470239,8.58345262390763E-06,1.44944580877988,56.5478229766408,15.0001714375852,15.0000662716039,""
79640.0533730984,14.9999999645064,6.8650389519537E-06,1.15966267088201,8.58129868994213E-06,1.44957833860251,56.5478181384321,15.0001705197567,15.0000653607306,""
79655.4997427464,14.9999997713366,6.86244153470219E-06,1.15976870054093,8.57805191837774E-06,1.44971087567616,56.5478596030236,15.000169601817,15.000064449747,""
79670.9442427158,14.9999998542778,6.86115137718982E-06,1.1598746778614,8.57643922148728E-06,1.44984334732675,56.5477243124312,15.0001716537349,15.0000665062892,""
79686.3906123638,15.0000000156257,6.86031080608412E-06,1.15998065441715,8.57538850760514E-06,1.44997581802144,56.5475203840211,15.0001737059011,15.0000685630803,""
79701.8351123333,14.9999998053976,6.8580592539061E-06,1.16008657703427,8.57257406738262E-06,1.45010822129284,56.5474995040379,15.0001777069486,15.0000725765,""
79717.2814819813,14.999999489587,6.85532166444603E-06,1.16019249832176,8.56915208055754E-06,1.4502406229022,56.5475496359292,15.0001817084804,15.0000765904055,""
79732.7259819508,14.9999995569481,6.85507916026973E-06,1.16029838242187,8.56884895033717E-06,1.45037297802734,56.5476490217341,15.0001868684884,15.0000817526176,""
79748.1723513603,14.9999997332161,6.85569577478076E-06,1.16040427094715,8.56961971847595E-06,1.45050533868393,56.5477675212744,15.000192029121,15.0000869154546,""
79763.6168513298,15.0000000713235,6.85593810550033E-06,1.16051015504319,8.56992263187541E-06,1.45063769380399,56.5477958206856,15.0001954389091,15.0000903233978,""
79779.0632209778,15.0000004555002,6.8560515451819E-06,1.16061605484651,8.57006443147737E-06,1.45077006855814,56.5477891729034,15.0001988491099,15.0000937317535,""
79794.5077209473,15.0000002425823,6.85426604366594E-06,1.16072191510648,8.56783255458242E-06,1.4509023938831,56.5478413465,15.0001976703556,15.0000925630075,""
79809.9540905952,14.9999998597738,6.85182586718251E-06,1.16082777897103,8.56478233397813E-06,1.45103472371379,56.5479163080427,15.0001964914586,15.0000913941201,""
79825.3985908031,15.0000000109385,6.85047703961516E-06,1.1609335908253,8.56309629951894E-06,1.45116698853163,56.5479183891175,15.0001957142282,15.0000906215851,""
79840.8449602127,15.0000003141014,6.84950422104891E-06,1.1610394019711,8.56188027631114E-06,1.45129925246387,56.5478922638059,15.0001949369037,15.0000898489567,""
79856.2894601822,15.0000002534001,6.84679234517355E-06,1.16114515110431,8.55849043146693E-06,1.45143143888039,56.5478557061907,15.0001927250007,15.0000876443441,""
79871.7358298302,15.0000000890793,6.8434802799058E-06,1.16125089606742,8.55435034988226E-06,1.45156362008427,56.5478151072804,15.0001905128298,15.0000854394645,""
79887.1803297997,14.9999999860605,6.84317691940275E-06,1.16135659863478,8.55397114925344E-06,1.45169574829348,56.5478133007657,15.0001860314333,15.0000809591312,""
79902.6266994476,14.9999999004898,6.84391151842567E-06,1.16146230378635,8.55488939803208E-06,1.45182787973293,56.5478264896041,15.0001815494943,15.0000764782555,""
79918.0711994171,14.9999996990331,6.84354315748459E-06,1.16156799597664,8.55442894685573E-06,1.4519599949708,56.5477792484856,15.0001800295342,15.0000749642245,""
79933.5175690651,14.9999994645146,6.84279406721058E-06,1.16167370090437,8.55349258401322E-06,1.45209212613046,56.5477086535912,15.0001785093901,15.0000734500102,""
79948.962069273,14.9999995723231,6.84121163146319E-06,1.16177936296598,8.55151453932899E-06,1.45222420370748,56.5477247697616,15.0001800461377,15.0000749909345,""
79964.4084386826,14.9999997777674,6.8393412115772E-06,1.16188502743113,8.5491765144715E-06,1.45235628428891,56.5477743674689,15.0001815830712,15.0000765320452,""
79979.852938652,14.9999998586653,6.83838351835378E-06,1.16199065026051,8.54797939794223E-06,1.45248831282563,56.5478022021357,15.0001794726543,15.0000744267578,""
79995.2993080616,14.9999999040425,6.83774092428314E-06,1.16209627590964,8.54717615535393E-06,1.45262034488705,56.5478216438998,15.0001773619819,15.0000723212154,""
80010.7438080311,14.9999998872501,6.83649277124303E-06,1.16220186466897,8.54561596405379E-06,1.45275233083621,56.5477074214755,15.0001778384613,15.0000728018604,""
80026.1901776791,14.9999998527094,6.83503517503132E-06,1.16230745788019,8.54379396878915E-06,1.45288432235024,56.5475416347737,15.0001783149984,15.0000732825635,""
80041.6346776485,14.9999999213911,6.83341285052779E-06,1.16241300230542,8.54176606315974E-06,1.45301625288178,56.5475492725121,15.0001789028909,15.0000738723641,""
80057.0810472965,15.0000000195616,6.83173332105383E-06,1.1625185470606,8.53966665131728E-06,1.45314818382575,56.5476237491512,15.0001794908546,15.0000744622361,""
80072.525547266,15.0000001108852,6.83109525908815E-06,1.1626240565757,8.53886907386019E-06,1.45328007071962,56.5477190362155,15.0001764336171,15.0000714095358,""
80087.971916914,15.0000002002669,6.83081722933725E-06,1.16272957109442,8.53852153667156E-06,1.45341196386802,56.5478223547429,15.0001733760096,15.0000683564659,""
80103.4164168835,14.9999999858643,6.82964873879529E-06,1.16283505270613,8.53706092349411E-06,1.45354381588267,56.5479087851772,15.0001672301077,15.0000622156813,""
80118.8627865314,14.9999996845905,6.82817202129588E-06,1.16294054012103,8.53521502661985E-06,1.45367567515129,56.5479887292913,15.0001610834617,15.0000560741532,""
80134.3072865009,14.9999998999184,6.82636011530214E-06,1.16304597570088,8.53295014412768E-06,1.45380746962609,56.5481303149046,15.0001554644042,15.0000504601486,""
80149.7536561489,15.0000002630239,6.82443191805638E-06,1.16315141052346,8.53053989757048E-06,1.45393926315432,56.5482956378851,15.0001498446664,15.0000448454644,""
80165.1981561184,15.0000002340956,6.82299335230486E-06,1.16325679590088,8.52874169038107E-06,1.4540709948761,56.5483253216969,15.000149105619,15.000044113125,""
80180.6445257664,15.0000000929901,6.82172405991472E-06,1.16336218133504,8.5271550748934E-06,1.4542027266688,56.5483028612473,15.0001483664821,15.0000433806969,""
80196.0890257359,15.0000000296342,6.82013068130511E-06,1.16346751988391,8.52516335163139E-06,1.45433439985489,56.5482537371089,15.0001489359315,15.0000439543747,""
80211.5353951454,14.9999999885258,6.8184248031252E-06,1.16357285936196,8.5230310039065E-06,1.45446607420245,56.5481943595274,15.0001495054499,15.000044528122,""
80226.9798951149,14.9999999653078,6.81670298601578E-06,1.16367814670818,8.52087873251973E-06,1.45459768338523,56.5481724774158,15.0001527304392,15.0000477592945,""
80242.4262647629,14.9999999472102,6.81497536605863E-06,1.16378343315404,8.51871920757328E-06,1.45472929144255,56.5481649901415,15.0001559558189,15.0000509908582,""
80257.8707647324,14.9999999108111,6.81274327529455E-06,1.16388865943211,8.51592909411818E-06,1.45486082429013,56.5482947815699,15.0001617722529,15.0000568163093,""
80273.3171343803,14.9999998691621,6.81033597477127E-06,1.16399388200998,8.51291996846409E-06,1.45499235251248,56.5484772788233,15.0001675893911,15.0000626424656,""
80288.7616343498,14.9999998010219,6.80923903111741E-06,1.16409905687323,8.51154878889676E-06,1.45512382109153,56.5485615594161,15.000173434783,15.0000684927101,""
80304.2080039978,14.9999997252766,6.80859624265434E-06,1.16420423233943,8.51074530331792E-06,1.45525529042429,56.5486081838262,15.0001792808824,15.0000743436627,""
80319.6525042057,14.9999995724692,6.8072512945071E-06,1.16430936948829,8.50906411813388E-06,1.45538671186036,56.5486225857868,15.0001821227938,15.0000771957569,""
80335.0988736153,14.999999397535,6.80566257730748E-06,1.16441451048503,8.50707822163435E-06,1.45551813810629,56.5486246389333,15.0001849650491,15.0000800481962,""
80350.5433735847,14.9999997782035,6.80345719002301E-06,1.16451959279738,8.50432148752876E-06,1.45564949099672,56.5486458750562,15.0001812982609,15.0000763878161,""
80365.9897432327,15.0000003183672,6.80103746417756E-06,1.16462467188133,8.50129683022195E-06,1.45578083985167,56.5486744633413,15.0001776310288,15.0000727269929,""
80381.4342432022,15.0000001824919,6.79802805634582E-06,1.16472967365142,8.49753507043228E-06,1.45591209206428,56.5486591088906,15.0001730472494,15.0000681555404,""
80396.8806128502,14.9999998525053,6.79481346510437E-06,1.16483466570772,8.49351683138046E-06,1.45604333213465,56.5486269284786,15.000168462915,15.0000635835345,""
80412.3251128197,14.9999998595825,6.79474875371703E-06,1.16493962000223,8.49343594214629E-06,1.45617452500279,56.5486552856459,15.0001692549414,15.0000643759896,""
80427.7714822292,14.9999999634782,6.79577784833382E-06,1.16504457829972,8.49472231041727E-06,1.45630572287465,56.5487068102414,15.0001700470636,15.0000651685405,""
80443.2159821987,14.999999982993,6.79501334624439E-06,1.16514951978388,8.49376668280549E-06,1.45643689972985,56.5486547056544,15.0001710678288,15.0000661980045,""
80458.6623518467,14.9999999782619,6.79362564281319E-06,1.16525447254392,8.49203205351649E-06,1.4565680906799,56.5485629660739,15.0001720887176,15.000067227593,""
80474.1068518162,15.0000000194011,6.79115176293668E-06,1.16535936401116,8.48893970367085E-06,1.45669920501395,56.5484669296568,15.0001737988896,15.0000689468936,""
80489.5532214642,15.000000073735,6.78830000889122E-06,1.16546425128854,8.48537501111402E-06,1.45683031411068,56.5483692351176,15.0001755092686,15.0000706664024,""
80504.9977214336,14.9999999634827,6.78630417945435E-06,1.1655690737231,8.48288022431794E-06,1.45696134215388,56.5483506161364,15.0001744506884,15.0000696154836,""
80520.4440910816,14.9999998058695,6.78460559111453E-06,1.1656738907159,8.48075698889316E-06,1.45709236339487,56.5483621947949,15.00017339198,15.0000685644376,""
80535.8885910511,14.999999934457,6.78461154461222E-06,1.16577868241867,8.48076443076527E-06,1.45722335302334,56.5482990821362,15.0001691803475,15.0000643560287,""
80551.3349606991,15.0000001454306,6.78521031868233E-06,1.16588348242374,8.4815128983529E-06,1.45735435302967,56.5482074498721,15.0001649682053,15.0000601471102,""
80566.7794606686,15.0000001646088,6.78472363583777E-06,1.16598826669981,8.48090454479721E-06,1.45748533337477,56.5481573789459,15.0001566320213,15.0000518166042,""
80582.2258303165,15.0000001285662,6.7838592201082E-06,1.16609306260177,8.47982402513525E-06,1.45761632825222,56.5481231536574,15.0001482948281,15.0000434850897,""
80597.670330286,15.0000000801789,6.78244398748042E-06,1.16619781750282,8.47805498435053E-06,1.45774727187852,56.5481274748867,15.0001388979002,15.0000340926304,""
80613.116699934,15.0000000282278,6.78083680977093E-06,1.16630257522855,8.47604601221367E-06,1.45787821903568,56.548146491911,15.0001294998347,15.0000246990341,""
80628.5611999035,15.0000000662229,6.78001886124574E-06,1.16640729563951,8.47502357655717E-06,1.45800911954939,56.5482456219495,15.0001264454634,15.0000216487343,""
80644.0075695515,15.0000001301471,6.77947557872189E-06,1.16651202014923,8.47434447340237E-06,1.45814002518654,56.5483752915115,15.0001233907223,15.0000185980652,""
80659.452069521,15.0000000932875,6.77704966358984E-06,1.1666166904567,8.4713120794873E-06,1.45827086307088,56.5483433159789,15.000128968382,15.0000241832075,""
80674.8984389305,15.0000000273615,6.77396759350073E-06,1.16672135896761,8.46745949187591E-06,1.45840169870951,56.5482497858527,15.0001345467169,15.0000297690259,""
80690.3429391384,15.0000001758715,6.77133846196192E-06,1.16682595120342,8.4641730774524E-06,1.45853243900427,56.5480785223856,15.0001403773342,15.0000356098036,""
80705.789308548,15.0000003862663,6.76886672929355E-06,1.16693053393028,8.46108341161693E-06,1.45866316741286,56.5478776498826,15.0001462086571,15.0000414512883,""
80721.2338085175,15.0000001131159,6.76541989538983E-06,1.1670350323207,8.45677486923728E-06,1.45879379040088,56.5478065893173,15.0001498497788,15.0000451048835,""
80736.6801781654,14.9999997003602,6.76163259170192E-06,1.16713951837211,8.4520407396274E-06,1.45892439796514,56.5477848851945,15.0001534913412,15.0000487589211,""
80752.1246781349,14.9999998712948,6.7608952768744E-06,1.16724395214273,8.451119096093E-06,1.45905494017841,56.5477959746213,15.0001572271863,15.0000524971742,""
80767.5710477829,15.0000002108041,6.7612214324597E-06,1.16734838473324,8.45152679057463E-06,1.45918548091655,56.5478195299364,15.0001609634837,15.00005623588,""
80783.0155477524,15.0000002060983,6.76144988361768E-06,1.16745281064322,8.4518123545221E-06,1.45931601330402,56.54782409662,15.0001652998605,15.0000605791928,""
80798.4619174004,15.0000001019473,6.76164428762485E-06,1.16755725127429,8.45205535953107E-06,1.45944656409287,56.5478214513242,15.0001696367622,15.0000649230315,""
80813.9064176083,15.0000000412527,6.75908262895803E-06,1.16766164114672,8.44885328619754E-06,1.45957705143339,56.5477795254894,15.0001692927618,15.0000645904698,""
80829.3527870178,14.9999999931093,6.75555872512225E-06,1.16776603034873,8.44444840640281E-06,1.45970753793591,56.5477226811777,15.0001689487198,15.0000642578679,""
80844.7972869873,15.0000001369198,6.75331418163743E-06,1.16787034599091,8.44164272704678E-06,1.45983793248863,56.5476924956143,15.0001650869286,15.0000604022962,""
80860.2436566353,15.0000003362617,6.75151592069704E-06,1.16797465298837,8.43939490087131E-06,1.45996831623546,56.5476724189265,15.0001612246699,15.0000565462579,""
80875.6881566048,15.0000003213905,6.75058095658772E-06,1.16807891952394,8.43822619573465E-06,1.46009864940493,56.5476399659495,15.0001572986517,15.0000526279539,""
80891.1345260143,15.0000002445411,6.74994734817919E-06,1.16818318895714,8.43743418522399E-06,1.46022898619643,56.5476028150328,15.0001533721583,15.0000487091757,""
80906.5790259838,15.0000001209301,6.74728068101342E-06,1.16828739986335,8.43410085126677E-06,1.46035924982919,56.547614823428,15.0001529507976,15.0000483007413,""
80922.0253956318,14.9999999837645,6.74390325677096E-06,1.16839160734375,8.4298790709637E-06,1.46048950917969,56.5476454614716,15.000152529386,15.0000478922573,""
80937.4698956013,15.0000000017954,6.74422656493696E-06,1.16849578206207,8.4302832061712E-06,1.46061972757759,56.5476868825366,15.0001566113855,15.0000519708954,""
80952.9162652493,15.0000000647736,6.7458434017823E-06,1.16859996234844,8.43230425222788E-06,1.46074995293555,56.5477323939792,15.0001606938792,15.0000560500272,""
80968.3607652187,15.0000002591241,6.74469603281803E-06,1.16870412433466,8.43087004102254E-06,1.46088015541832,56.5476861342932,15.0001633736011,15.0000587382194,""
80983.8071348667,15.0000004915682,6.74258196578615E-06,1.16880829694081,8.42822745723268E-06,1.46101037117601,56.5476051348352,15.0001660536474,15.000061426737,""
80999.2516348362,15.0000003301984,6.7423561814875E-06,1.16891243772208,8.42794522685937E-06,1.4611405471526,56.5476372831529,15.0001680630062,15.0000634387856,""
81014.6980044842,15.0000000546469,6.74279085424223E-06,1.16901658438831,8.42848856780279E-06,1.46127073048538,56.5477122331516,15.0001700726084,15.0000654510778,""
81030.1425044537,15.000000283405,6.74205528215422E-06,1.16912071031949,8.42756910269278E-06,1.46140088789936,56.54772212057,15.0001698850888,15.0000652681013,""
81045.5888741016,15.0000006584554,6.7409100991083E-06,1.16922484601117,8.42613762388537E-06,1.46153105751397,56.5477074157256,15.0001696975466,15.0000650851026,""
81061.0333740711,15.0000003437013,6.74221928205008E-06,1.16932898080494,8.4277741025626E-06,1.46166122600617,56.5477318528026,15.0001632571486,15.0000586387905,""
81076.4797437191,14.9999998287495,6.74438783536351E-06,1.1694331323036,8.43048479420438E-06,1.4617914153795,56.5477710807601,15.0001568159709,15.0000521916981,""
81091.9242436886,14.9999997233652,6.74298362415619E-06,1.16953726562465,8.42872953019524E-06,1.46192158203081,56.5478074918808,15.0001531386576,15.0000485267133,""
81107.3706133366,14.9999997368585,6.74032805243539E-06,1.16964140960083,8.42541006554423E-06,1.46205176200103,56.5478428455928,15.0001494608992,15.0000448612848,""
81122.815113306,14.9999999035812,6.73838963468687E-06,1.16974549129764,8.42298704335858E-06,1.46218186412205,56.5479790104779,15.000147746695,15.0000431396132,""
81138.2614827156,15.0000001148324,6.73670213284582E-06,1.16984956818909,8.42087766605727E-06,1.46231196023636,56.5481532355977,15.0001460322833,15.0000414177332,""
81153.7059829235,14.9999999979421,6.73514480246364E-06,1.169953595896,8.41893100307955E-06,1.46244199487,56.5482034061383,15.0001428172877,15.0000382127342,""
81169.1523523331,14.9999997856854,6.73363283647579E-06,1.17005762336847,8.41704104559473E-06,1.46257202921059,56.5482068059063,15.000139601903,15.0000350073473,""
81184.5968523026,14.9999996757218,6.73349254080412E-06,1.17016162485566,8.41686567600515E-06,1.46270203106957,56.5482387883427,15.00013721765,15.0000326202319,""
81200.0432219505,14.9999995954787,6.73383311074199E-06,1.17026563423635,8.41729138842748E-06,1.46283204279544,56.5482815476481,15.0001348331083,15.0000302328274,""
81215.48772192,14.9999995204495,6.73162413578402E-06,1.17036959943594,8.41453016973002E-06,1.46296199929492,56.5482113105448,15.0001356286361,15.0000310371152,""
81230.934091568,14.9999994469251,6.72852062423879E-06,1.17047356614024,8.41065078029849E-06,1.4630919576753,56.5480985043363,15.0001364242603,15.0000318415003,""
81246.3785915375,14.9999993867445,6.72684317457359E-06,1.17057747131712,8.40855396821699E-06,1.4632218391464,56.5480934899462,15.0001436454794,15.000039065585,""
81261.8249611855,14.9999993304373,6.72566578893169E-06,1.17068137189868,8.40708223616462E-06,1.46335171487336,56.5481290472108,15.0001508675726,15.0000462905442,""
81277.2694613934,14.9999994760558,6.72404160717933E-06,1.17078522608284,8.40505200897416E-06,1.46348153260355,56.5481610360429,15.0001588487035,15.0000542779801,""
81292.7158308029,14.9999996804832,6.72226034034972E-06,1.17088908096345,8.40282542543715E-06,1.46361135120431,56.5481916878747,15.0001668308003,15.0000622663826,""
81308.1603307724,14.999999683592,6.7194648070276E-06,1.17099286688311,8.3993310087845E-06,1.46374108360388,56.5480981236088,15.0001718316887,15.0000672784738,""
81323.6067004204,14.9999996280638,6.71631268687795E-06,1.17109664556422,8.39539085859744E-06,1.46387080695528,56.5479578461752,15.0001768331825,15.0000722911718,""
81339.0512003899,14.9999997277198,6.71352772238887E-06,1.17120034529464,8.39190965298609E-06,1.4640004316183,56.5479166279322,15.0001787862568,15.0000742526629,""
81354.4975697994,14.9999998726128,6.71087126725333E-06,1.1713040342549,8.38858908406667E-06,1.46413004281863,56.5479126202645,15.0001807395676,15.0000762143914,""
81369.9420697689,15.0000000225936,6.70865826304927E-06,1.1714076567927,8.38582282881159E-06,1.46425957099087,56.5478896174493,15.0001828118709,15.0000782972998,""
81385.3884394169,15.0000001740811,6.70660071999059E-06,1.17151127294215,8.38325089998823E-06,1.46438909117768,56.5478594785049,15.000184884425,15.0000803804603,""
81400.8329393864,15.0000000574335,6.70743748039686E-06,1.17161487422713,8.38429685049608E-06,1.46451859278392,56.5478097044863,15.0001851592815,15.0000806545908,""
81416.2793090343,14.9999998625567,6.70929178701585E-06,1.17171848723739,8.38661473376982E-06,1.46464810904674,56.5477525540982,15.0001854341713,15.0000809287546,""
81431.7238090038,14.9999996713149,6.70723410108487E-06,1.17182206965977,8.38404262635609E-06,1.46477758707471,56.5477207464005,15.0001858559913,15.0000813616055,""
81447.1701786518,14.9999994811039,6.70380040662619E-06,1.1719256582748,8.37975050828274E-06,1.4649070728435,56.547698437479,15.0001862778624,15.0000817945089,""
81462.6146786213,14.9999997032345,6.70235994814964E-06,1.1720291866726,8.37794993518705E-06,1.46503648334075,56.5476125768671,15.0001867442513,15.0000822650888,""
81478.0610482693,15.0000000457888,6.70162045194004E-06,1.17213271082853,8.37702556492505E-06,1.46516588853567,56.5475028832159,15.0001872106966,15.0000827357256,""
81493.5055482388,14.9999998933707,6.70062150538124E-06,1.17223620154896,8.37577688172655E-06,1.4652952519362,56.5473745571749,15.000185842386,15.0000813748181,""
81508.9519178867,14.9999995963457,6.69953108891877E-06,1.17233969744006,8.37441386114846E-06,1.46542462180007,56.5472392307473,15.0001844739098,15.0000800137458,""
81524.3964178562,14.9999999120655,6.69810838828272E-06,1.17244315075818,8.3726354853534E-06,1.46555393844773,56.5472472752577,15.0001798244156,15.0000753688012,""
81539.8427875042,15.000000406905,6.69656847205441E-06,1.17254660602116,8.37071059006801E-06,1.46568325752645,56.547308989995,15.0001751743586,15.0000707232942,""
81555.2872874737,15.0000001674367,6.69525903910365E-06,1.17265001714224,8.36907379887957E-06,1.46581252142779,56.5472697592773,15.0001728685919,15.0000684261814,""
81570.7336568832,14.9999997132321,6.69403056575047E-06,1.17275342964307,8.36753820718809E-06,1.46594178705384,56.5471927576054,15.000170562546,15.0000661287905,""
81586.1781568527,14.9999997739333,6.69195335563302E-06,1.17285678845684,8.36494169454127E-06,1.46607098557104,56.5472093037965,15.0001698327816,15.0000654045209,""
81601.6245265007,14.9999999852655,6.68957677518359E-06,1.17296014527561,8.36197096897948E-06,1.46620018159451,56.5472608282999,15.0001691029287,15.0000646801636,""
81617.0690264702,15.0000000746488,6.68882048510732E-06,1.1730634603285,8.36102560638415E-06,1.46632932541062,56.5473403883988,15.0001683749157,15.0000639621718,""
81632.5153961182,15.0000001283563,6.68863515522576E-06,1.173166777576,8.3607939440322E-06,1.46645847197001,56.5474304372366,15.0001676468146,15.000063244093,""
81647.9598963261,15.0000001992265,6.68744827382839E-06,1.17327006261668,8.35931034228548E-06,1.46658757827085,56.5473599482859,15.0001686222448,15.0000642196835,""
81663.4062657356,15.000000275133,6.68590805938598E-06,1.17337335320984,8.35738507423247E-06,1.46671669151229,56.5472294992868,15.0001695977931,15.0000651953921,""
81678.8507657051,15.0000002775401,6.68373026275608E-06,1.17347658628158,8.3546628284451E-06,1.46684573285198,56.5470948807355,15.0001690805768,15.0000646891431,""
81694.2971353531,15.0000002584166,6.68132721793223E-06,1.17357981596875,8.35165902241529E-06,1.46697476996094,56.5469586837562,15.0001685632979,15.0000641828329,""
81709.7416353226,15.0000001952387,6.67927154078832E-06,1.17368298365569,8.34908942598541E-06,1.46710372956962,56.5469124879812,15.0001652511615,15.0000608773972,""
81725.1880049706,15.0000001191393,6.67733809898172E-06,1.17378614636149,8.34667262372716E-06,1.46723268295186,56.546899851863,15.0001619386241,15.0000575715613,""
81740.63250494,15.0000001764481,6.67610142182813E-06,1.1738892631991,8.34512677728517E-06,1.46736157899887,56.546830856283,15.0001614210201,15.0000570593248,""
81756.078874588,15.0000002728838,6.67511049552348E-06,1.1739923807351,8.34388811940434E-06,1.46749047591888,56.546740841967,15.0001609033534,15.0000565470264,""
81771.5233747959,15.0000000764462,6.67399796309426E-06,1.17409546129065,8.34249745386782E-06,1.46761932661332,56.5467327426205,15.0001655169506,15.0000611689751,""
81786.9697442055,14.9999997940604,6.67284230599923E-06,1.17419854566894,8.34105288249904E-06,1.46774818208617,56.5467551560055,15.0001701311061,15.0000657914832,""
81802.414244175,15.0000000888552,6.67079325509321E-06,1.1743015773917,8.33849156886651E-06,1.46787697173962,56.5468407158317,15.0001743566331,15.0000700245089,""
81817.8606135845,15.0000005530989,6.66842826686586E-06,1.17440460739009,8.33553533358232E-06,1.46800575923761,56.5469497981008,15.0001785826717,15.0000742580469,""
81833.305113554,15.0000004745867,6.66731800099355E-06,1.17450759031939,8.33414750124194E-06,1.46813448789924,56.5469847541412,15.0001768171666,15.0000724979437,""
81848.751483202,15.000000236687,6.66665096661481E-06,1.17461057348676,8.33331370826851E-06,1.46826321685844,56.5469921370814,15.0001750514477,15.0000707376273,""
81864.1959831715,15.0000003167008,6.66636532737581E-06,1.17471353485641,8.33295665921977E-06,1.46839191857051,56.5469129720327,15.0001717105623,15.0000673990051,""
81879.6423528194,15.0000004901237,6.66621447583881E-06,1.17481650539071,8.33276809479851E-06,1.46852063173839,56.5468016130954,15.0001683692723,15.0000640599788,""
81895.0868527889,15.0000004309077,6.66434839204433E-06,1.17491943352519,8.33043549005541E-06,1.46864929190649,56.5467744467951,15.0001641935681,15.0000598949776,""
81910.5332224369,15.0000003033051,6.661875386918E-06,1.1750223635314,8.3273442336475E-06,1.46877795441425,56.5467785617707,15.0001600173584,15.0000557294721,""
81925.9777224064,15.0000002134231,6.66032921668824E-06,1.1751252389658,8.32541152086031E-06,1.46890654870725,56.5468595165133,15.0001605628667,15.000056279284,""
81941.4240920544,15.000000134619,6.65911070530733E-06,1.17522811195285,8.32388838163416E-06,1.46903513994106,56.5469690206762,15.0001611084411,15.0000568291624,""
81956.8685920238,15.0000000871974,6.65708847030271E-06,1.17533093227241,8.32136058787838E-06,1.46916366534051,56.5469462461102,15.0001613835836,15.0000571158563,""
81972.3149616718,15.0000000490012,6.65478144029012E-06,1.17543375080394,8.31847680036265E-06,1.46929218850493,56.5468743735292,15.0001616587595,15.000057402585,""
81987.7594616413,14.999999931919,6.65419669753638E-06,1.17553653086135,8.31774587192047E-06,1.46942066357668,56.5468303472444,15.0001592771531,15.0000550156557,""
82003.2058312893,14.9999997915991,6.6542216627407E-06,1.17563931414411,8.31777707842587E-06,1.46954914268013,56.5467966422555,15.0001568952585,15.0000526284374,""
82018.6503312588,14.9999998793962,6.65367280265239E-06,1.17574207669182,8.31709100331549E-06,1.46967759586478,56.5466686512189,15.0001536046558,15.0000493492075,""
82034.0967006683,15.0000000343828,6.65292060341334E-06,1.17584484874014,8.31615075426668E-06,1.46980606092517,56.5465056883048,15.0001503136548,15.0000460695807,""
82049.5412006378,15.0000001688571,6.65137377300357E-06,1.17594757891952,8.31421721625446E-06,1.4699344736494,56.546520160044,15.0001467472496,15.0000425061109,""
82064.9875702858,15.000000297309,6.64954512357758E-06,1.17605031110564,8.31193140447197E-06,1.47006288888205,56.5466003666166,15.0001431804126,15.0000389422098,""
82080.4320702553,14.9999999221369,6.64900535878865E-06,1.1761530090596,8.31125669848581E-06,1.4701912613245,56.5466114780068,15.0001427309995,15.0000384965235,""
82095.8784399033,14.9999993984576,6.64892237511084E-06,1.17625571171863,8.31115296888855E-06,1.47031963964829,56.5465970099501,15.000142281532,15.0000380507832,""
82111.3229398727,14.9999994601989,6.64628368716322E-06,1.17635836057841,8.30785460895402E-06,1.47044795072301,56.5466815346993,15.0001466235124,15.0000424053669,""
82126.7693095207,14.9999996945906,6.64273830545222E-06,1.1764610071937,8.30342288181528E-06,1.47057625899213,56.5468027013359,15.0001509660184,15.0000467604778,""
82142.2138097286,14.9999999353964,6.64031167603182E-06,1.17656357782418,8.30038959503978E-06,1.47070447228023,56.5466617867701,15.0001590707317,15.0000548691415,""
82157.6601791382,15.0000001781323,6.63828151217751E-06,1.17666613831802,8.29785189022189E-06,1.47083267289752,56.5464239369274,15.0001671764259,15.0000629787866,""
82173.1046791077,15.0000001550562,6.63612404510928E-06,1.17676863814555,8.2951550563866E-06,1.47096079768194,56.5463978432182,15.0001762538685,15.0000720674407,""
82188.5510487556,15.0000000535137,6.63392104785184E-06,1.17687113325557,8.2924013098148E-06,1.47108891656946,56.5464499998985,15.00018533241,15.0000811571949,""
82203.9955487251,15.0000000687811,6.63206091502045E-06,1.17697357103223,8.29007614377556E-06,1.47121696379029,56.5464457764183,15.0001911791205,15.0000870117182,""
82219.4419183731,15.0000001185474,6.63032219609166E-06,1.1770760052585,8.28790274511457E-06,1.47134500657312,56.5464207296868,15.0001970265389,15.0000928669503,""
82234.8864183426,14.9999999586061,6.6305926197765E-06,1.17717841848444,8.28824077472062E-06,1.47147302310555,56.5463499506655,15.0002008824554,15.0000967268944,""
82250.3327879906,14.9999997366792,6.63157661609612E-06,1.17728084105326,8.28947077012015E-06,1.47160105131658,56.5462622802564,15.0002047388386,15.0001005873059,""
82265.7772881985,14.9999999474983,6.63039739312925E-06,1.17738324024125,8.28799674141157E-06,1.47172905030157,56.5462196868074,15.0002051740052,15.0001010262277,""
82281.2236573696,15.0000002862708,6.62844943885687E-06,1.17748564791762,8.28556179857108E-06,1.47185705989702,56.5461937138526,15.0002056092245,15.0001014652027,""
82296.6681573391,15.000000257605,6.62726491970338E-06,1.17758801059807,8.28408114962923E-06,1.47198501324759,56.5461656634922,15.0002004833611,15.0000963428782,""
82312.1145269871,15.0000001202678,6.62635153835457E-06,1.1776903740814,8.28293942294322E-06,1.47211296760176,56.5461368426624,15.0001953568772,15.0000912199336,""
82327.5590269566,14.9999998940537,6.624871276539E-06,1.17779269560372,8.28108909567375E-06,1.47224086950465,56.5460375828417,15.0001920479233,15.0000879224966,""
82343.0053966045,14.999999641507,6.62318922084644E-06,1.17789501899793,8.27898652605804E-06,1.47236877374741,56.5459123556713,15.0001887385687,15.0000846246604,""
82358.449896574,14.9999995999799,6.61994320655447E-06,1.17799726752199,8.27492900819308E-06,1.47249658440248,56.5459343036453,15.0001900660006,15.0000859627984,""
82373.896266222,14.9999996209128,6.61614039300475E-06,1.17809950619691,8.27017549125594E-06,1.47262438274613,56.546010443695,15.0001913935932,15.0000873010985,""
82389.3407661915,14.9999996795966,6.61590492559195E-06,1.17820170095459,8.26988115698994E-06,1.47275212619324,56.5460367653195,15.0001931495676,15.0000890538322,""
82404.7871358395,14.9999997494699,6.61693872793997E-06,1.17830389685937,8.27117340992497E-06,1.47287987107421,56.5460447599366,15.0001949057546,15.000090806778,""
82420.2316358089,14.9999996436594,6.61714259570651E-06,1.17840609112663,8.27142824463314E-06,1.47300761390828,56.5459604556291,15.0001971525144,15.0000930555686,""
82435.6780054569,14.9999994857765,6.61705108369329E-06,1.17850830158602,8.27131385461661E-06,1.47313537698252,56.5458421956253,15.0001993995462,15.0000953046313,""
82451.1225054264,14.9999997775528,6.61574386963781E-06,1.1786104788112,8.26967983704727E-06,1.473263098514,56.5457455404897,15.0002007625163,15.000096679364,""
82466.5688750744,15.0000002026737,6.61400355112464E-06,1.17871266097614,8.2675044389058E-06,1.47339082622017,56.5456568093725,15.0002021256513,15.0000980542632,""
82482.0133750439,15.0000001309695,6.61215893125382E-06,1.17881478952202,8.26519866406728E-06,1.47351848690253,56.5457353046583,15.0001969384465,15.000092872078,""
82497.4597444534,14.9999999119034,6.61027685466478E-06,1.17891691573387,8.26284606833097E-06,1.47364614466734,56.5458752325733,15.0001917506138,15.0000876892657,""
82512.9042444229,15.0000000186387,6.60827972837924E-06,1.1790189849444,8.26034966047405E-06,1.4737737311805,56.5458673977214,15.0001867865226,15.000082727641,""
82528.3506140709,15.0000002220642,6.60624127605445E-06,1.17912105060133,8.25780159506806E-06,1.47390131325167,56.5458053240531,15.0001818218303,15.0000777654156,""
82543.7951140404,15.0000001248643,6.60564984648385E-06,1.17922307983364,8.25706230810481E-06,1.47402884979205,56.5457627467705,15.0001817094825,15.0000776583086,""
82559.2414836884,14.9999999384038,6.60557416335507E-06,1.17932511283564,8.25696770419384E-06,1.47415639104455,56.5457273143389,15.000181597121,15.0000775511886,""
82574.6859836578,14.9999997406463,6.60482612100056E-06,1.17942712137863,8.2560326512507E-06,1.47428390172329,56.5457198378539,15.0001841316542,15.0000800881896,""
82590.1323533058,14.9999995395026,6.60383817849252E-06,1.17952913795187,8.25479772311564E-06,1.47441142243983,56.5457226089431,15.0001866664942,15.0000826254978,""
82605.5768535137,14.9999997518043,6.60181846045771E-06,1.17963110374784,8.25227307557214E-06,1.4745388796848,56.5456109406793,15.0001906187146,15.0000865893707,""
82621.0232229233,15.0000000869933,6.59943031914879E-06,1.17973306817251,8.24928789893599E-06,1.47466633521564,56.5454573256895,15.0001945714133,15.0000905537232,""
82636.4677228928,15.0000003190002,6.59800483890696E-06,1.17983498075778,8.24750604863371E-06,1.47479372594723,56.5454176043351,15.0001941319878,15.0000901123508,""
82651.9140925407,15.0000005203687,6.59692268889487E-06,1.1799368915819,8.24615336111858E-06,1.47492111447738,56.5454195789955,15.0001936925091,15.0000896709249,""
82667.3585925102,15.0000002923895,6.59557832732752E-06,1.18003876138664,8.2444729091594E-06,1.4750484517333,56.5454147609374,15.0001885613504,15.0000845501344,""
82682.8049621582,14.9999999366743,6.59414012882108E-06,1.18014063328146,8.24267516102635E-06,1.47517579160183,56.5454074564377,15.0001834295706,15.000079428724,""
82698.2494621277,14.999999894642,6.59283430749596E-06,1.18024246215473,8.24104288436996E-06,1.47530307769341,56.5454182726686,15.0001773564117,15.0000733592219,""
82713.6958315372,14.9999999459454,6.59157555146111E-06,1.18034429239081,8.23946943932638E-06,1.47543036548852,56.5454357174754,15.0001712825177,15.0000672889851,""
82729.1403315067,14.9999999710609,6.58926206938493E-06,1.18044606536316,8.23657758673116E-06,1.47555758170396,56.5455211600441,15.0001660673525,15.0000620880422,""
82744.5867011547,14.9999999883839,6.58657135916484E-06,1.18054783459737,8.23321419895604E-06,1.47568479324671,56.5456314683097,15.000160851556,15.0000568864697,""
82760.0312011242,14.999999944508,6.58374923047524E-06,1.18064952825116,8.22968653809405E-06,1.47581191031395,56.5456316438237,15.0001592590763,15.0000553003527,""
82775.4775707722,14.999999882397,6.58087966518928E-06,1.18075121160134,8.22609958148659E-06,1.47593901450168,56.5455915933065,15.0001576664038,15.0000537140436,""
82790.9220707417,15.0000000432372,6.58069942851223E-06,1.18085285888709,8.22587428564029E-06,1.47606607360886,56.5456161592058,15.0001545208246,15.0000505682276,""
82806.3684403896,15.0000002705402,6.58148077040591E-06,1.18095450998258,8.22685096300739E-06,1.47619313747822,56.5456643157755,15.0001513748647,15.0000474220307,""
82821.8129403591,15.0000002448932,6.58128163189128E-06,1.18105615140672,8.2266020398641E-06,1.4763201892584,56.5457421757954,15.0001466038431,15.0000426582382,""
82837.2593100071,15.0000001438297,6.58073174348636E-06,1.18115780607724,8.22591467935795E-06,1.47644725759655,56.5458308844838,15.0001418322439,15.0000378938689,""
82852.7038099766,15.0000000214685,6.57941731105561E-06,1.18125942412401,8.22427163881951E-06,1.47657428015502,56.5457903120965,15.0001450936573,15.0000411601955,""
82868.1501796246,14.9999998927355,6.57782908254223E-06,1.18136104576918,8.22228635317778E-06,1.47670130721148,56.5457026004749,15.0001483554655,15.0000444269174,""
82883.594679594,15.0000000880991,6.57490875676571E-06,1.18146259840947,8.21863594595713E-06,1.47682824801184,56.5456562804663,15.0001546221221,15.0000507049496,""
82899.041049242,15.0000003802084,6.57151110114697E-06,1.18156414304267,8.21438887643372E-06,1.47695517880333,56.5456250337884,15.0001608895374,15.0000569837418,""
82914.4855492115,15.0000003844444,6.56951683332354E-06,1.18166561977982,8.21189604165443E-06,1.47708202472478,56.5456121687966,15.0001580929915,15.000054194683,""
82929.9319188595,15.000000302735,6.56802479666348E-06,1.18176708888684,8.21003099582935E-06,1.47720886110854,56.5456059948826,15.000155296107,15.0000514052864,""
82945.376418829,15.0000001525867,6.56596516117779E-06,1.18186850301078,8.20745645147224E-06,1.47733562876347,56.5456058929288,15.0001501559587,15.0000462741484,""
82960.8227882385,14.9999999819725,6.56370185092887E-06,1.18196991411113,8.20462731366109E-06,1.47746239263892,56.5456080005334,15.0001450151882,15.0000411423893,""
82976.2672884464,14.9999999976259,6.56305294181233E-06,1.18207128640557,8.20381617726541E-06,1.47758910800697,56.5455800327599,15.0001444184859,15.0000405510828,""
82991.713657856,15.0000000689456,6.56298248579044E-06,1.18217266145858,8.20372810723805E-06,1.47771582682322,56.5455411227653,15.0001438217115,15.0000399597048,""
83007.1581578255,15.000000094915,6.56230276998364E-06,1.18227401322967,8.20287846247954E-06,1.47784251653709,56.5454844773309,15.0001472289211,15.0000433701575,""
83022.6045274735,15.0000001073299,6.56140451709171E-06,1.18237537332157,8.20175564636464E-06,1.47796921665196,56.5454213766369,15.0001506365431,15.0000467810231,""
83038.0490274429,14.9999999885754,6.560156177177E-06,1.18247669531394,8.20019522147125E-06,1.47809586914243,56.5453725602425,15.0001568031878,15.000052955565,""
83053.4953970909,14.999999830567,6.55878207519641E-06,1.18257802030704,8.19847759399552E-06,1.4782225253838,56.5453289241781,15.000162970579,15.0000591308544,""
83068.9398970604,14.9999999198118,6.55528858275274E-06,1.18267926906018,8.19411072844092E-06,1.47834908632523,56.5453364575832,15.0001691609592,15.0000653355454,""
83084.3862667084,15.0000000830637,6.55103412181476E-06,1.1827805071145,8.18879265226845E-06,1.47847563389312,56.5453625666493,15.0001753520888,15.0000715409876,""
83099.8307669163,15.0000000277058,6.55027786380839E-06,1.18288169023717,8.18784732976049E-06,1.47860211279647,56.5452446506352,15.0001757600512,15.0000719503478,""
83115.2771363258,14.9999999068872,6.55077703770517E-06,1.18298287028576,8.18847129713146E-06,1.4787285878572,56.5450744667307,15.000176168063,15.0000723597576,""
83130.7216362953,14.9999996877471,6.55089021971485E-06,1.1830840434728,8.18861277464356E-06,1.478855054341,56.5451236706014,15.0001753503645,15.0000715436339,""
83146.1680059433,14.9999994391212,6.55086483002172E-06,1.18318523084102,8.18858103752715E-06,1.47898153855127,56.5452524212854,15.000174532567,15.0000707274114,""
83161.6125059128,14.999999629276,6.5500674559921E-06,1.18328639346008,8.18758431999013E-06,1.4791079918251,56.5454003531673,15.0001758259955,15.0000720267417,""
83177.0588753223,14.9999999509561,6.54899266556897E-06,1.18338756383336,8.18624083196121E-06,1.4792344547917,56.5455552592469,15.0001771195806,15.0000733262293,""
83192.5033752918,15.0000000872543,6.54698943910378E-06,1.18348868319677,8.18373679887973E-06,1.47936085399597,56.5455646266806,15.000173825373,15.0000700394793,""
83207.9497449398,15.0000001679919,6.54465227711312E-06,1.1835898008706,8.18081534639141E-06,1.47948725108825,56.5455212962421,15.0001705307665,15.0000667523314,""
83223.3942449093,15.0000000688035,6.54295910715005E-06,1.18369086314476,8.17869888393757E-06,1.47961357893095,56.5455319381793,15.0001670710773,15.0000632990117,""
83238.8406145573,14.9999999156278,6.54149714502237E-06,1.18379192213731,8.17687143127796E-06,1.47973990267164,56.5455621131022,15.0001636109692,15.000059845274,""
83254.2851145267,14.999999855822,6.54016128450113E-06,1.18389293762837,8.17520160562641E-06,1.47986617203546,56.54547573677,15.000163620838,15.0000598601851,""
83269.7314841747,14.9999998240278,6.5388705490875E-06,1.18399395410275,8.17358818635937E-06,1.47999244262844,56.5453471954268,15.0001636307079,15.000059875098,""
83285.1759841442,14.9999999769753,6.53675743986662E-06,1.18409491632395,8.17094679983328E-06,1.48011864540493,56.545310588876,15.000166171332,15.0000624246191,""
83300.6223537922,15.0000001854153,6.53434815348216E-06,1.1841958756478,8.1679351918527E-06,1.48024484455974,56.5453072038871,15.0001687122637,15.0000649744488,""
83316.0668537617,15.0000001186801,6.53274698290238E-06,1.18429678050367,8.16593372862797E-06,1.48037097562959,56.5453529996015,15.0001687438312,15.0000650109946,""
83331.5132234097,14.9999999692745,6.53143635845231E-06,1.18439768236977,8.16429544806539E-06,1.48049710296222,56.5454165669984,15.0001687754025,15.0000650475447,""
83346.9577233791,14.9999999060246,6.53132696435866E-06,1.18449856080723,8.16415870544833E-06,1.48062320100904,56.5453893046263,15.0001664077756,15.0000626838419,""
83362.4040930271,14.9999998686571,6.5316499913314E-06,1.1845994474189,8.16456248916425E-06,1.48074930927363,56.5453292502958,15.000164039862,15.000060319853,""
83377.8485929966,14.9999998622345,6.53021456573096E-06,1.18470030199434,8.1627682071637E-06,1.48087537749293,56.5452591918745,15.0001598698721,15.000056157151,""
83393.2949626446,14.9999998651151,6.52814562843296E-06,1.18480116163869,8.1601820355412E-06,1.48100145204836,56.5451855129076,15.0001556993773,15.0000519939452,""
83408.7394626141,14.9999998766061,6.52708572304813E-06,1.18490197767592,8.15885715381016E-06,1.4811274720949,56.5451116022632,15.0001517514837,15.0000480480616,""
83424.1858320236,14.999999890689,6.52638916462487E-06,1.18500279460286,8.15798645578109E-06,1.48125349325358,56.5450375959202,15.0001478031123,15.0000441017004,""
83439.6303319931,14.9999999137407,6.52591983427574E-06,1.1851035870211,8.15739979284467E-06,1.48137948377637,56.5449771449541,15.0001487543518,15.0000450573689,""
83455.0767016411,14.9999999394953,6.52553232032718E-06,1.18520438720501,8.15691540040898E-06,1.48150548400626,56.5449215681005,15.0001497057064,15.0000460131531,""
83470.521201849,15.0000001901742,6.52405704103409E-06,1.18530514958924,8.15507130129261E-06,1.48163143698654,56.5448679142433,15.0001522574627,15.0000485682202,""
83485.9675712585,15.0000005086166,6.52218933750266E-06,1.18540591493751,8.15273667187832E-06,1.48175739367188,56.544814943988,15.0001548095278,15.0000511235964,""
83501.412071228,15.0000005273492,6.52055887526512E-06,1.18550662935311,8.1506985940814E-06,1.48188328669139,56.5447621908672,15.0001517633244,15.0000480829894,""
83516.858440876,15.0000004558005,6.51901371123927E-06,1.18560734198779,8.14876713904908E-06,1.48200917748473,56.5447095071997,15.0001487167523,15.0000450420142,""
83532.3029408455,15.0000003311924,6.5154775686647E-06,1.18570797660351,8.14434696083087E-06,1.48213497075439,56.5448306230917,15.0001494945385,15.0000458358832,""
83547.7493104935,15.0000001905737,6.51122247950988E-06,1.18580859964747,8.13902809938735E-06,1.48226074955934,56.545014262994,15.0001502724188,15.0000466298483,""
83563.1938107014,14.999999957364,6.50926377344848E-06,1.18590914940094,8.1365797168106E-06,1.48238643675117,56.5451299521893,15.0001544883343,15.0000508481062,""
83578.6401801109,14.9999996961995,6.50813361290182E-06,1.18600968926278,8.13516701612727E-06,1.48251211157847,56.5452212382983,15.00015870476,15.0000550668745,""
83594.0846800804,14.9999997623087,6.50667176253189E-06,1.18611018618333,8.13333970316486E-06,1.48263773272917,56.5451462141089,15.0001679260836,15.0000642989576,""
83609.5310497284,14.9999999271548,6.50508990452357E-06,1.18621068415689,8.13136238065446E-06,1.48276335519611,56.5450114412927,15.0001771485235,15.0000735321582,""
83624.9755496979,15.0000000191462,6.50404073197767E-06,1.18631114229576,8.13005091497208E-06,1.4828889278697,56.5449165536366,15.0001855572419,15.0000819468518,""
83640.4219191074,15.0000000891642,6.50318380119802E-06,1.18641160259823,8.12897975149752E-06,1.48301450324779,56.5448359676323,15.0001939669781,15.000090362564,""
83655.8664190769,15.000000107742,6.50070110198284E-06,1.18651200618575,8.12587637747855E-06,1.48314000773218,56.5447749659069,15.0001975022931,15.0000939103799,""
83671.3127887249,15.0000001107906,6.49763051906509E-06,1.18661240582539,8.12203814883137E-06,1.48326550728174,56.5447209797846,15.000201038036,15.0000974586253,""
83686.7572886944,14.9999998980527,6.49646891825617E-06,1.18671275312999,8.12058614782021E-06,1.48339094141249,56.5447208808428,15.0001999072745,15.0000963330326,""
83702.2036583424,14.9999996200947,6.49599719930572E-06,1.18681309805524,8.11999649913215E-06,1.48351637256906,56.5447401012564,15.0001987763762,15.0000952073037,""
83717.6481583118,14.9999997662523,6.4953424570156E-06,1.18691341730567,8.1191780712695E-06,1.48364177163209,56.5447556832089,15.0001955135595,15.0000919475286,""
83733.0945279598,15.0000000406134,6.49462142130566E-06,1.18701374380764,8.11827677663208E-06,1.48376717975955,56.5447699640929,15.0001922503477,15.0000886873588,""
83748.5390279293,15.0000000874378,6.49451587579974E-06,1.18711405131629,8.11814484474967E-06,1.48389256414537,56.5447398506244,15.0001890965442,15.0000855392883,""
83763.9853975773,15.0000000654687,6.494632971988E-06,1.18721436848981,8.118291214985E-06,1.48401796061226,56.544693835987,15.0001859423589,15.0000823908367,""
83779.4298975468,14.9999999343365,6.49308234192682E-06,1.18731465041691,8.11635292740852E-06,1.48414331302114,56.5448252700252,15.0001879949049,15.0000844527975,""
83794.8762671947,14.9999997701602,6.49092791494695E-06,1.18741493612181,8.11365989368369E-06,1.48426867015226,56.5450202248327,15.0001900476995,15.000086515008,""
83810.3207671642,14.9999995185843,6.48722449613811E-06,1.18751513689974,8.10903062017264E-06,1.48439392112468,56.5449740647041,15.000198971881,15.0000954504676,""
83825.7671368122,14.9999992405169,6.48295968449094E-06,1.18761532345309,8.10369960561367E-06,1.48451915431636,56.5448416689575,15.0002078971428,15.0001043870088,""
83841.2116367817,14.9999994863324,6.481468252749E-06,1.187715444001,8.10183531593625E-06,1.48464430500125,56.5447598813286,15.0002122275171,15.0001087174203,""
83856.6580061913,14.9999998908172,6.48098099970261E-06,1.18781555715241,8.10122624962827E-06,1.48476944644051,56.5446961675526,15.0002165584155,15.0001130483558,""
83872.1025061607,14.9999999534203,6.48157103378312E-06,1.18791566377843,8.1019637922289E-06,1.48489457972304,56.5447233232882,15.0002141478419,15.0001106437075,""
83887.5488758087,14.999999912464,6.48255146856235E-06,1.18801578454907,8.10318933570294E-06,1.48501973068634,56.5447829398971,15.0002117369765,15.000108238768,""
83902.9933757782,14.9999999222982,6.48307222656605E-06,1.18811590833018,8.10384028320756E-06,1.48514488541272,56.5448143756137,15.0002070927272,15.0001035926133,""
83918.4397454262,14.9999999475276,6.48342646615666E-06,1.18821604971619,8.10428308269582E-06,1.48527006214524,56.5448357572378,15.0002024479157,15.0000989458961,""
83933.8842456341,15.0000000170597,6.48226467751129E-06,1.18831616359668,8.10283084688911E-06,1.48539520449586,56.5447614880717,15.0001969201673,15.0000934273769,""
83949.3306150436,15.0000001000364,6.48055302516199E-06,1.18841628401456,8.10069128145249E-06,1.4855203550182,56.5446530851816,15.0001913917499,15.0000879081898,""
83964.7751150131,15.0000001655971,6.47916915046901E-06,1.18851635857706,8.09896143808627E-06,1.48564544822132,56.5445183345175,15.0001808769679,15.0000773917371,""
83980.2214846611,15.0000002258848,6.47790393562794E-06,1.18861643301578,8.09737991953492E-06,1.48577054126973,56.544374168548,15.0001703609131,15.0000668740112,""
83995.6659846306,15.0000001190747,6.47640921117114E-06,1.1887164631183,8.09551151396392E-06,1.48589557889788,56.5444107185078,15.0001593397591,15.0000558600338,""
84011.1123542786,14.9999999615325,6.47483096355072E-06,1.18881649363691,8.09353870443839E-06,1.48602061704613,56.5445116607937,15.0001483172709,15.0000448447231,""
84026.556854248,14.9999998365886,6.47439679168268E-06,1.18891649394926,8.09299598960334E-06,1.48614561743658,56.5445453591442,15.0001444145363,15.0000409404097,""
84042.003223896,14.9999997215234,6.4743778266216E-06,1.18901649979732,8.09297228327701E-06,1.48627062474665,56.5445551200115,15.0001405113292,15.0000370356235,""
84057.4477241039,14.9999997684023,6.47265060857567E-06,1.18911646672643,8.09081326071959E-06,1.48639558340804,56.5444757713072,15.0001420732928,15.0000386055546,""
84072.8940935135,14.9999998644858,6.47030280891785E-06,1.1892164360159,8.08787851114731E-06,1.48652054501987,56.5443647008753,15.0001436354454,15.0000401756756,""
84088.338593483,14.9999998543574,6.46914470288766E-06,1.18931635838206,8.08643087860957E-06,1.48664544797757,56.544289763629,15.0001462329917,15.000042776761,""
84103.7849628925,14.999999811946,6.46841856622083E-06,1.18941628019151,8.08552320777604E-06,1.48677035023938,56.5442276636623,15.0001488308524,15.0000453781613,""
84119.229462862,14.9999999567024,6.46669896559584E-06,1.18951615811025,8.08337370699479E-06,1.48689519763782,56.5442770794966,15.0001509063823,15.0000474591528,""
84134.67583251,15.0000001583947,6.46461806665246E-06,1.18961603656377,8.08077258331557E-06,1.48702004570471,56.5443661355548,15.0001529821633,15.0000495403962,""
84150.1203324795,14.999999921524,6.46232713700883E-06,1.18971585254057,8.07790892126104E-06,1.48714481567571,56.5444650508798,15.0001543780277,15.000050945496,""
84165.5667021275,14.9999995511972,6.45995947765637E-06,1.18981566228165,8.07494934707046E-06,1.48726957785207,56.5445674841703,15.000155774061,15.0000523507658,""
84181.0112020969,14.999999618131,6.45935603259965E-06,1.18991543355729,8.07419504074956E-06,1.48739429194662,56.5445501001782,15.0001578673908,15.0000544450524,""
84196.4575717449,14.9999998181599,6.45939406522573E-06,1.19001520731497,8.07424258153216E-06,1.48751900914371,56.5444901841899,15.0001599609739,15.0000565395925,""
84211.9020717144,14.9999999455334,6.45723737007675E-06,1.19011493595739,8.07154671259594E-06,1.48764366994674,56.5445824246296,15.0001598957897,15.0000564808539,""
84227.3484413624,15.0000000508033,6.45428188147491E-06,1.19021466465204,8.06785235184364E-06,1.48776833081505,56.5447286543103,15.0001598305977,15.000056422108,""
84242.7929413319,15.0000000448996,6.45444621107232E-06,1.19031436252707,8.0680577638404E-06,1.48789295315884,56.544759068997,15.000157781551,15.0000543727827,""
84258.2393109798,15.0000000051267,6.45574597588111E-06,1.19041406564741,8.06968246985139E-06,1.48801758205926,56.5447484316012,15.0001557322563,15.0000523232093,""
84273.6838109493,15.0000001435969,6.45525835003683E-06,1.19051375852587,8.06907293754604E-06,1.48814219815734,56.5447445601878,15.0001546317831,15.0000512280599,""
84289.1301805973,15.0000003364152,6.45411990796719E-06,1.190613464138,8.06764988495898E-06,1.4882668301725,56.5447430852161,15.0001535311768,15.000050132778,""
84304.5746805668,15.0000000184233,6.45206261246333E-06,1.19071311771018,8.06507826557916E-06,1.48839139713772,56.544826464741,15.0001531480698,15.0000497572132,""
84320.0210499763,14.9999995446203,6.44967032492815E-06,1.19081276878511,8.06208790616019E-06,1.48851596098139,56.5449399016522,15.0001527649164,15.000049381603,""
84335.4655499458,14.9999996854682,6.44854462697393E-06,1.19091237319819,8.06068078371741E-06,1.48864046649773,56.545022626574,15.0001568715202,15.000053487915,""
84350.9119195938,15.0000000138508,6.44788021572225E-06,1.19101197706089,8.05985026965281E-06,1.48876497132612,56.5450944979313,15.0001609786212,15.0000575947241,""
84366.3564195633,14.9999999973745,6.44564236920135E-06,1.19111152952216,8.05705296150169E-06,1.4888894119027,56.5451916161476,15.0001632221821,15.0000598489688,""
84381.8027892113,14.9999998756401,6.44283066906732E-06,1.19121107969285,8.05353833633415E-06,1.48901384961606,56.545297678019,15.0001654660147,15.0000621034863,""
84397.2472891808,15.0000001214337,6.44152919015245E-06,1.19131057749205,8.05191148769056E-06,1.48913822186506,56.5453031510934,15.0001659886631,15.0000626290231,""
84412.6936588287,15.0000004794931,6.44077814585985E-06,1.19141007263259,8.05097268232481E-06,1.48926259079074,56.5452730773758,15.0001665113747,15.0000631546235,""
84428.1381590366,15.0000004140388,6.44014512581866E-06,1.19150954055475,8.05018140727332E-06,1.48938692569344,56.545316527821,15.0001647384641,15.0000613873983,""
84443.5845284462,15.0000002191913,6.43955505073905E-06,1.19160901497883,8.04944381342381E-06,1.48951126872354,56.5453859522353,15.0001629653389,15.0000596199592,""
84459.0290284157,15.0000000568961,6.43750316753957E-06,1.19170844142977,8.04687895942446E-06,1.48963555178722,56.5453874039967,15.0001626805965,15.0000593423504,""
84474.4753980637,14.9999999045245,6.43491754930636E-06,1.19180786680363,8.04364693663295E-06,1.48975983350453,56.5453648648576,15.0001623958196,15.0000590647079,""
84489.9198980331,15.0000000787196,6.43299887931408E-06,1.19190723193125,8.0412485991426E-06,1.48988403991407,56.5453318961095,15.0001587699435,15.0000554446091,""
84505.3662676811,15.0000003528009,6.43132334451095E-06,1.19200659148734,8.03915418063869E-06,1.49000823935917,56.5452952431136,15.0001551436283,15.0000518240721,""
84520.8107676506,15.0000003320885,6.43042794809611E-06,1.19210591315268,8.03803493512013E-06,1.49013239144085,56.5452314397821,15.0001487919885,15.0000454760275,""
84536.2571372986,15.0000002211879,6.42981727948829E-06,1.19220523739606,8.03727159936037E-06,1.49025654674508,56.5451580552458,15.0001424395798,15.0000391272145,""
84551.7016375065,15.0000001009225,6.42959614562436E-06,1.1923045418184,8.03699518203045E-06,1.490380677273,56.545261627748,15.0001394940188,15.0000361852084,""
84567.1480066776,14.999999977772,6.42951727108357E-06,1.19240385540803,8.03689658885447E-06,1.49050481926004,56.5454275571034,15.0001365481012,15.0000332428463,""
84582.5925066471,14.9999999818611,6.42906067360775E-06,1.19250314936077,8.03632584200969E-06,1.49062893670096,56.5453188272575,15.0001334246904,15.000030120957,""
84598.0388762951,15.000000024913,6.42846596805166E-06,1.19260245254935,8.03558246006458E-06,1.49075306568669,56.5451133811565,15.0001303009015,15.0000269986898,""
84613.4833762646,15.0000002860167,6.42566806050976E-06,1.19270169623435,8.0320850756372E-06,1.49087712029294,56.545065039248,15.0001228566266,15.0000195683999,""
84628.9297459126,15.0000006139628,6.42206426600566E-06,1.1928009345729,8.02758033250707E-06,1.49100116821613,56.5450719658769,15.0001154114504,15.0000121372106,""
84644.374245882,15.0000004136227,6.42000528255172E-06,1.19290010324651,8.02500660318965E-06,1.49112512905814,56.545105274966,15.0001108045822,15.0000075333076,""
84659.82061553,15.000000051333,6.41851090603419E-06,1.19299926283871,8.02313863254274E-06,1.49124907854839,56.5451478662272,15.0001061971562,15.0000029288473,""
84675.2651154995,14.9999997272676,6.41711923196662E-06,1.19309837821684,8.02139903995827E-06,1.49137297277105,56.5451455459784,15.0001079021382,15.0000046405425,""
84690.7114851475,14.9999994148721,6.41576490075929E-06,1.1931974938079,8.01970612594911E-06,1.49149686725988,56.5451274432884,15.0001096073265,15.0000063524449,""
84706.155985117,14.9999996373886,6.41436037473294E-06,1.19329656599899,8.01795046841617E-06,1.49162070749873,56.5451136010471,15.0001156562222,15.00001240848,""
84721.6023547649,15.0000000240417,6.41293724617553E-06,1.19339563868941,8.01617155771941E-06,1.49174454836176,56.5451012527365,15.0001217058501,15.0000184652482,""
84737.0468547344,15.0000000096159,6.41180718824808E-06,1.19349467173452,8.0147589853101E-06,1.49186833966816,56.5451014595459,15.0001277571469,15.0000245208038,""
84752.4932243824,14.9999998720868,6.4107842413024E-06,1.19359370664286,8.013480301628E-06,1.49199213330357,56.5451060727524,15.0001338091762,15.0000305770926,""
84767.9377243519,14.9999999332733,6.40968248151767E-06,1.19369270521764,8.01210310189709E-06,1.49211588152204,56.5451485050842,15.0001386962378,15.0000354692907,""
84783.3840937614,15.0000000554887,6.40855167410833E-06,1.19379170685755,8.01068959263541E-06,1.49223963357194,56.5452042090548,15.0001435838909,15.0000403620809,""
84798.8285939693,14.9999998180113,6.40661582577401E-06,1.19389065851752,8.00826978221752E-06,1.4923633231469,56.5451292016019,15.000147870477,15.0000446589176,""
84814.2749633789,14.9999994699951,6.40438469888051E-06,1.193989608229,8.00548087360064E-06,1.49248701028625,56.54500836495,15.0001521575819,15.0000489562742,""
84829.7194633484,14.9999995996625,6.40386744570433E-06,1.19408852200187,8.00483430713041E-06,1.49261065250234,56.5450070196738,15.0001536528074,15.0000504492607,""
84845.1658329964,14.999999876168,6.40397828628803E-06,1.19418743896494,8.00497285786003E-06,1.49273429870617,56.5450475318905,15.0001551482139,15.0000519424278,""
84860.6103329659,15.0000000812815,6.40180664091795E-06,1.19428631120484,8.00225830114744E-06,1.49285788900605,56.5450539857154,15.0001525363803,15.0000493437495,""
84876.0567026138,15.0000002644746,6.39879773378476E-06,1.19438518340437,7.99849716723095E-06,1.49298147925546,56.5450485174901,15.0001499242305,15.0000467447565,""
84891.5012028217,15.0000001457058,6.39718161479655E-06,1.19448399714678,7.99647701849569E-06,1.49310499643348,56.5450117275133,15.0001460099959,15.000042831343,""
84906.9475722313,14.999999934023,6.39607610232079E-06,1.19458280579346,7.99509512790099E-06,1.49322850724183,56.544963973369,15.0001420952876,15.0000389174558,""
84922.3920722008,14.9999999265854,6.39538808927722E-06,1.19468158394723,7.99423511159653E-06,1.49335197993404,56.5449440283506,15.0001431923071,15.0000400234856,""
84937.8384418488,14.9999999820096,6.39485315803658E-06,1.19478036725714,7.99356644754572E-06,1.49347545907142,56.5449338031786,15.0001442894593,15.0000411296493,""
84953.2829418182,15.0000000287713,6.39400777587313E-06,1.1948791217273,7.99250971984142E-06,1.49359890215912,56.54489683451,15.0001466203509,15.0000434607288,""
84968.7293114662,15.0000000728731,6.39304829566772E-06,1.19497788195452,7.99131036958465E-06,1.49372235244316,56.5448505151774,15.0001489515246,15.0000457920906,""
84984.1738114357,15.0000001052189,6.39047551013124E-06,1.19507658362983,7.98809438766405E-06,1.49384572953729,56.5448208482614,15.0001480659921,15.0000449191267,""
84999.6201810837,15.0000001339482,6.38730987733655E-06,1.19517528014057,7.98413734667069E-06,1.49396910017571,56.5447969914625,15.0001471803525,15.0000440460572,""
85015.0646812916,15.0000001673691,6.38585399061215E-06,1.19527391959768,7.98231748826518E-06,1.4940923994971,56.5447628950061,15.000147942241,15.0000448134301,""
85030.5110504627,15.0000002022412,6.38502593227973E-06,1.19537255441882,7.98128241534966E-06,1.49421569302352,56.5447252195885,15.0001487042218,15.0000455808958,""
85045.9555504322,15.0000002254254,6.38536952512757E-06,1.19547117669579,7.98171190640946E-06,1.49433897086974,56.5447241704003,15.000152629306,15.000049505762,""
85061.4019200802,15.0000002450092,6.38614373726787E-06,1.19556981068826,7.98267967158484E-06,1.49446226336033,56.5447358946508,15.0001565548654,15.0000534311034,""
85076.8464200497,15.0000000128908,6.38550554977391E-06,1.19566842841318,7.98188193721739E-06,1.49458553551647,56.5447252971225,15.0001619976202,15.0000588773322,""
85092.2927896976,14.9999997030861,6.38434802982627E-06,1.19576705648508,7.98043503728284E-06,1.49470882060635,56.5447069179292,15.0001674410339,15.0000643242203,""
85107.7372896671,14.9999999707711,6.38162729777617E-06,1.19586562233074,7.97703412222021E-06,1.49483202791342,56.5447927296058,15.000168497522,15.0000653918623,""
85123.1836593151,15.0000004167351,6.37833123265952E-06,1.19596418161256,7.9729140408244E-06,1.4949552270157,56.5449148465831,15.000169554138,15.0000664596334,""
85138.6281592846,15.0000002699973,6.37773159607064E-06,1.19606269617926,7.9721644950883E-06,1.49507837022407,56.5449764766279,15.0001651767513,15.0000620785537,""
85154.0745289326,14.9999999402197,6.37812386052903E-06,1.19616121060898,7.97265482566128E-06,1.49520151326122,56.5450170615027,15.0001607988348,15.0000576969435,""
85169.5190289021,14.9999998674386,6.38065700564912E-06,1.19625975503976,7.9758212570614E-06,1.4953246937997,56.544986144674,15.0001572234164,15.0000541163381,""
85184.96539855,14.9999998740391,6.38397848101557E-06,1.19635832683191,7.97997310126946E-06,1.49544790853988,56.5449303491092,15.0001536475652,15.0000505352992,""
85200.4098985195,15.000000010674,6.38536038260801E-06,1.19645693172699,7.98170047826002E-06,1.49557116465874,56.545004088224,15.0001559799356,15.0000528633906,""
85215.8562681675,15.0000001875203,6.38602842386139E-06,1.19655556514121,7.98253552982674E-06,1.49569445642651,56.5451228728273,15.0001583125883,15.0000551917638,""
85231.300768137,15.000000265789,6.38691756182327E-06,1.19665420511326,7.98364695227908E-06,1.49581775639158,56.5452375119111,15.0001643330186,15.0000612039602,""
85246.7471375465,15.0000003135886,6.38788827810191E-06,1.19675286383821,7.98486034762739E-06,1.49594107979776,56.545350729391,15.0001703541777,15.0000672168843,""
85262.1916377544,15.0000003257297,6.38747245138266E-06,1.19685151112035,7.98434056422832E-06,1.49606438890044,56.5452605937314,15.0001773141119,15.0000741742314,""
85277.638007164,15.0000003268415,6.38654569485969E-06,1.1969501705243,7.98318211857461E-06,1.49618771315538,56.5450998358955,15.0001842748885,15.0000811324206,""
85293.0825071335,15.0000002227894,6.38719848211523E-06,1.19704882146711,7.98399810264404E-06,1.49631102683389,56.5450372352685,15.0001859666671,15.0000828130461,""
85308.5288767815,15.0000000861727,6.38843356465413E-06,1.19714748563499,7.98554195581767E-06,1.49643435704373,56.5450086846328,15.0001876586506,15.0000844938751,""
85323.9733767509,15.00000001237,6.38807218285892E-06,1.19724614107605,7.98509022857364E-06,1.49655767634507,56.5450593476347,15.0001894778862,15.0000863146151,""
85339.4197463989,14.9999999580057,6.3871220986262E-06,1.19734480964601,7.98390262328275E-06,1.49668101205751,56.5451374883477,15.0001912973422,15.0000881355756,""
85354.8642463684,15.0000001066634,6.38503042682943E-06,1.19744342719936,7.98128803353679E-06,1.4968042839992,56.5450084197269,15.0001935565635,15.000090391698,""
85370.3106160164,15.0000003182383,6.38251732984381E-06,1.19754204227702,7.97814666230476E-06,1.49692755284628,56.5448075201692,15.0001958160583,15.0000926480936,""
85385.7551162243,15.0000002991166,6.3813369067827E-06,1.1976406092968,7.97667113347837E-06,1.497050761621,56.5448139936518,15.0001930796001,15.0000899097818,""
85401.2014856339,15.0000002084919,6.38064803234508E-06,1.19773917491529,7.97581004043135E-06,1.49717396864411,56.5448922893116,15.0001903428107,15.0000871711387,""
85416.6459856033,15.000000041708,6.37857976846726E-06,1.19783769175588,7.97322471058408E-06,1.49729711469485,56.5449255136923,15.0001853510957,15.0000821811621,""
85432.0923552513,14.9999998512827,6.37600199075618E-06,1.19793620691918,7.97000248844522E-06,1.49742025864897,56.5449431434872,15.0001803587764,15.0000771905815,""
85447.5368552208,15.0000000405004,6.37556805681185E-06,1.19803468511665,7.96946007101481E-06,1.49754335639582,56.5450141760048,15.0001784817928,15.0000753136177,""
85462.9832246304,15.0000003475198,6.37592569748228E-06,1.1981331659862,7.96990712185285E-06,1.49766645748275,56.5451036920477,15.000176604582,15.0000734364267,""
85478.4277245998,15.0000000129199,6.37295088405643E-06,1.19823159153135,7.96618860507053E-06,1.49778948941419,56.5451460197208,15.0001771945495,15.0000740354411,""
85493.8740942478,14.9999994791338,6.36874456117399E-06,1.19833001295567,7.96093070146749E-06,1.49791251619458,56.5451720422197,15.0001777845885,15.000074634528,""
85509.3185942173,14.999999594882,6.36710112865558E-06,1.1984283671769,7.95887641081948E-06,1.49803545897113,56.5452201106489,15.0001796025027,15.0000764508937,""
85524.7649638653,14.9999999123317,6.36640451311252E-06,1.19852671287043,7.95800564139065E-06,1.49815839108804,56.5452758029102,15.0001814206369,15.0000782674793,""
85540.2094638348,14.9999999808696,6.36539523702207E-06,1.19862502611951,7.95674404627759E-06,1.49828128264938,56.5451636472312,15.000179503117,15.0000763566056,""
85555.6558334827,14.9999999720946,6.36427021020972E-06,1.19872334367595,7.95533776276215E-06,1.49840417959494,56.5449935251963,15.000177585365,15.0000744455005,""
85571.1003334522,14.9999998819366,6.36467803425714E-06,1.19882164763754,7.95584754282142E-06,1.49852705954692,56.5449519150554,15.000177463794,15.0000743186486,""
85586.5467031002,14.9999997664712,6.36565279592861E-06,1.19891996287299,7.95706599491076E-06,1.49864995359123,56.5449546376417,15.0001773422083,15.0000741917813,""
85601.9912030697,14.99999968651,6.36682925313185E-06,1.19901829130318,7.95853656641482E-06,1.49877286412897,56.5450694362656,15.0001760830908,15.000072930747,""
85617.4375727177,14.9999996175757,6.36808052301334E-06,1.19911664092191,7.96010065376668E-06,1.49889580115239,56.5452228977987,15.000174823821,15.00007166956,""
85632.8820726871,14.9999996848132,6.36509799349263E-06,1.19921494145268,7.95637249186579E-06,1.49901867681585,56.5452053008013,15.0001712556669,15.0000681112818,""
85648.3284423351,14.9999997944214,6.36054808712894E-06,1.19931324012067,7.95068510891117E-06,1.49914155015084,56.5451287567838,15.0001676870809,15.0000645525729,""
85663.7729423046,14.9999998360383,6.35800771650942E-06,1.19941145535502,7.94750964563678E-06,1.49926431919377,56.5452507256108,15.0001633598479,15.0000602255882,""
85679.2193119526,14.9999998565015,6.35621090753562E-06,1.19950965599164,7.94526363441953E-06,1.49938706998955,56.5454410753411,15.000159032091,15.0000558980797,""
85694.6638119221,14.9999997466363,6.35423738152057E-06,1.1996078015084,7.94279672690071E-06,1.4995097518855,56.5455019239455,15.0001585838253,15.0000554584522,""
85710.1101813316,14.9999995961738,6.35219807855612E-06,1.19970594289093,7.94024759819515E-06,1.49963242861366,56.5455182150089,15.0001581355054,15.0000550187716,""
85725.5546813011,14.999999721716,6.35173225265991E-06,1.19980405073406,7.93966531582489E-06,1.49975506341758,56.5454833996658,15.0001611153387,15.0000579959727,""
85741.0010509491,14.9999999332562,6.35184932468082E-06,1.19990216242733,7.93981165585103E-06,1.49987770303416,56.5454310017095,15.0001640955328,15.0000609735343,""
85756.445551157,15.0000001093503,6.35177532046066E-06,1.2000002619335,7.93971915057583E-06,1.50000032741687,56.5454534401488,15.0001656052801,15.0000624849234,""
85771.8919205666,15.0000002744255,6.35163048371491E-06,1.20009837319639,7.93953810464364E-06,1.50012296649549,56.5455016042462,15.0001671152101,15.0000639964953,""
85787.336420536,15.0000001124654,6.3492060234415E-06,1.20019643411009,7.93650752930187E-06,1.50024554263762,56.5455433770567,15.0001663149782,15.0000632102392,""
85802.782790184,14.9999998485107,6.34593593065612E-06,1.2002944926275,7.93241991332015E-06,1.50036811578437,56.545582961309,15.0001655146493,15.000062423888,""
85818.2272901535,14.9999999595936,6.34529660413171E-06,1.20039250622534,7.93162075516464E-06,1.50049063278168,56.5455056088956,15.0001657797043,15.0000626861219,""
85833.6736598015,15.0000001876838,6.34563295889142E-06,1.20049051942823,7.93204119861428E-06,1.50061314928529,56.5453881027166,15.0001660447914,15.0000629483875,""
85849.118159771,15.0000001076719,6.34374400840112E-06,1.20058849397355,7.9296800105014E-06,1.50073561746694,56.5453189145777,15.000168870449,15.0000657798342,""
85864.5645294189,14.9999999314932,6.34102904188468E-06,1.2006864704364,7.92628630235585E-06,1.5008580880455,56.5452662909104,15.0001716964487,15.0000686116236,""
85880.0090296268,14.9999997662286,6.34064382931891E-06,1.20078440986264,7.92580478664864E-06,1.5009805123283,56.5452250548426,15.0001766270702,15.000073541038,""
85895.4553990364,14.9999996043456,6.34112333167942E-06,1.200882351795,7.92640416459928E-06,1.50110293974376,56.545187716154,15.0001815582885,15.0000784710489,""
85910.8998990059,14.9999997313492,6.34082908477487E-06,1.20098028072372,7.92603635596858E-06,1.50122535090465,56.5450500512918,15.0001872112594,15.0000841260819,""
85926.3462684155,14.9999999486132,6.34024747538179E-06,1.20107822107894,7.92530934422724E-06,1.50134777634867,56.5448779905112,15.0001928649145,15.0000897817993,""
85941.7907683849,14.9999999712913,6.33834882979628E-06,1.20117611613755,7.92293603724535E-06,1.50147014517194,56.5448180871984,15.0001913980835,15.0000883260634,""
85957.2371380329,14.9999999331616,6.33596063715792E-06,1.20127401062272,7.9199507964474E-06,1.5015925132784,56.5447965768433,15.0001899310749,15.0000868701513,""
85972.6816380024,14.9999998306493,6.33442984097464E-06,1.20137185271557,7.9180373012183E-06,1.50171481589446,56.5447219737835,15.0001869336141,15.0000838702842,""
85988.1280076504,14.9999997079909,6.33321740076442E-06,1.20146969158536,7.91652175095553E-06,1.5018371144817,56.5446291912524,15.0001839357905,15.000080870054,""
86003.5725076199,14.999999751277,6.33295170206324E-06,1.2015675059323,7.91618962757905E-06,1.50195938241537,56.5447669616675,15.0001814629812,15.0000784017539,""
86019.0188772678,14.9999998464783,6.33303790055023E-06,1.20166532740616,7.91629737568779E-06,1.5020816592577,56.544983595189,15.0001789898725,15.000075933155,""
86034.4633772373,14.9999998950145,6.33188740933666E-06,1.20176311987843,7.91485926167083E-06,1.50220389984804,56.5449823946414,15.0001704710318,15.0000674197699,""
86049.9097468853,14.9999999289547,6.3302768301555E-06,1.20186091780671,7.91284603769437E-06,1.50232614725838,56.5449067500495,15.0001619511598,15.0000589053542,""
86065.3542468548,14.9999999293464,6.32877620174406E-06,1.20195866933343,7.91097025218008E-06,1.50244833666678,56.5448926290051,15.0001551171086,15.0000520741785,""
86080.8006165028,14.9999999192343,6.32731622743646E-06,1.20205641983393,7.90914528429558E-06,1.50257052479242,56.544899517667,15.0001482822301,15.0000452421759,""
86096.2451164722,14.9999999288177,6.32641457957745E-06,1.2021541342584,7.90801822447181E-06,1.50269266782299,56.5448715908777,15.0001461948969,15.0000431579995,""
86111.6914861202,14.999999944572,6.32572056475117E-06,1.20225185148839,7.90715070593897E-06,1.50281481436048,56.5448317766944,15.000144107311,15.0000410735709,""
86127.1359860897,14.9999999786885,6.32258982968303E-06,1.20234950363023,7.90323728710378E-06,1.50293687953779,56.5448225351441,15.0001428722749,15.0000398478897,""
86142.5823557377,15.0000000185648,6.31855140621138E-06,1.20244714776298,7.89818925776422E-06,1.50305893470372,56.5448237201801,15.0001416370893,15.0000386220601,""
86158.0268557072,15.0000001031697,6.3171827661116E-06,1.2025447304166,7.8964784576395E-06,1.50318091302075,56.5448703971045,15.0001409031036,15.0000378902837,""
86173.4732251167,15.0000002018117,6.31680820217033E-06,1.20264230638484,7.89601025271291E-06,1.50330288298105,56.5449325886298,15.0001401690291,15.0000371584188,""
86188.9177250862,15.0000003534057,6.31649561574378E-06,1.20273986307109,7.89561951967973E-06,1.50342482883886,56.5450693499246,15.0001372374204,15.0000342312289,""
86204.3640947342,15.0000005216334,6.31620606812226E-06,1.20283742878297,7.89525758515282E-06,1.50354678597871,56.5452315361227,15.0001343054569,15.0000313036847,""
86219.8085949421,15.0000001079673,6.31523654090746E-06,1.20293496566785,7.89404567613432E-06,1.50366870708481,56.5452682662311,15.0001342207179,15.0000312220598,""
86235.2549643517,14.9999995116288,6.31401342126098E-06,1.20303250801356,7.89251677657623E-06,1.50379063501695,56.5452622921048,15.0001341359687,15.0000311404251,""
86250.6994643211,14.9999997504129,6.31069232815704E-06,1.20312997862678,7.8883654101963E-06,1.50391247328347,56.5453417910322,15.0001395264439,15.0000365446525,""
86266.1458339691,15.0000002514288,6.30658846989081E-06,1.2032274386935,7.88323558736351E-06,1.50403429836687,56.5454503826638,15.0001449175718,15.0000419495342,""
86281.5903339386,15.0000003450303,6.30484611763618E-06,1.20332483110601,7.88105764704522E-06,1.50415603888252,56.5454879145427,15.0001455394746,15.0000425765764,""
86297.0367035866,15.0000003106766,6.30398427086063E-06,1.20342221447245,7.87998033857579E-06,1.50427776809056,56.5455012918738,15.0001461614527,15.0000432036946,""
86312.4812035561,15.0000001770317,6.30381304833288E-06,1.20351957732984,7.8797663104161E-06,1.5043994716623,56.5455427938058,15.0001469737882,15.0000440194165,""
86327.927573204,15.0000000121635,6.30389948183069E-06,1.20361694871925,7.87987435228837E-06,1.50452118589906,56.5455938588477,15.0001477862221,15.0000448352373,""
86343.3720734119,15.0000000320353,6.30255747651761E-06,1.20371428820463,7.87819684564701E-06,1.50464286025578,56.5456020976925,15.0001486729905,15.0000457273227,""
86358.8184428215,15.000000109991,6.30068207450052E-06,1.20381163196012,7.87585259312565E-06,1.50476453995015,56.545595795385,15.0001495598663,15.000046619516,""
86374.262942791,15.0000001722642,6.29855972746889E-06,1.20390891793785,7.87319965933612E-06,1.50488614742232,56.5455279352353,15.0001503114855,15.0000473813718,""
86389.7093122005,15.0000002296145,6.29634481977082E-06,1.20400619851442,7.87043102471353E-06,1.50500774814303,56.5454391742622,15.0001510631956,15.0000481433198,""
86405.15381217,15.0000001410963,6.29587896059365E-06,1.20410344451973,7.86984870074206E-06,1.50512930564966,56.5454281278453,15.0001505703501,15.000047649077,""
86420.600181818,15.000000006662,6.29606635021288E-06,1.20420069378076,7.8700829377661E-06,1.50525086722595,56.5454434354133,15.000150077445,15.0000471547745,""
86436.0446817875,15.0000000703097,6.29495607367318E-06,1.20429791544065,7.86869509209148E-06,1.50537239430081,56.545384952881,15.0001479479303,15.0000450336775,""
86451.4910514355,15.0000001963286,6.29336071298845E-06,1.20439514295415,7.86670089123556E-06,1.50549392869269,56.5453014520337,15.0001458181578,15.0000429123237,""
86466.935551405,15.0000000293037,6.29085068835444E-06,1.20449230869848,7.86356336044305E-06,1.5056153858731,56.5453102908953,15.0001447315044,15.0000418346463,""
86482.3819210529,14.9999997699524,6.28799833704683E-06,1.20458946751263,7.85999792130854E-06,1.50573683439078,56.5453504067983,15.0001436447194,15.0000407568385,""
86497.8264210224,14.999999845045,6.28558808619198E-06,1.20468655726483,7.85698510773997E-06,1.50585819658103,56.5452834871487,15.000146447759,15.0000435690234,""
86513.2727906704,15.0000000255376,6.28334275646241E-06,1.20478363734019,7.85417844557801E-06,1.50597954667524,56.5451803267584,15.0001492511379,15.0000463815488,""
86528.7172906399,14.9999999864964,6.28305871451594E-06,1.20488068548142,7.85382339314492E-06,1.50610085685177,56.545092466654,15.0001513598453,15.0000484896131,""
86544.1636602879,14.9999998782391,6.28350831345382E-06,1.20497773781993,7.85438539181727E-06,1.50622217227491,56.5450097679104,15.000153468808,15.0000505979326,""
86559.6081602573,14.9999999029679,6.28322231282425E-06,1.20507477715526,7.85402789103031E-06,1.50634347144408,56.5450531699881,15.0001553110862,15.0000524483987,""
86575.0545299053,14.9999999696449,6.28266098626942E-06,1.20517182776802,7.85332623283677E-06,1.50646478471003,56.5451392076154,15.0001571535874,15.0000542990888,""
86590.4990298748,14.9999999682371,6.28174997049426E-06,1.20526884861551,7.85218746311782E-06,1.50658606076939,56.5450557082123,15.0001604476186,15.0000575942074,""
86605.9453992844,14.9999999453451,6.28070789303405E-06,1.2053658744606,7.85088486629256E-06,1.50670734307575,56.544914919846,15.0001637420485,15.0000608897248,""
86621.3898992538,14.9999999633956,6.27984442422512E-06,1.20546286790175,7.8498055302814E-06,1.50682858487719,56.5448657263005,15.0001667770076,15.0000639277,""
86636.8362689018,14.9999999943743,6.27904770062088E-06,1.20555986534622,7.8488096257761E-06,1.50694983168277,56.5448474488319,15.0001698123342,15.000066966043,""
86652.2807688713,14.99999990708,6.27698300146835E-06,1.20565681356069,7.84622875183543E-06,1.50707101695086,56.5447124240732,15.0001692445688,15.0000664076277,""
86667.7271385193,14.9999997824168,6.27444292700799E-06,1.20575375946497,7.84305365875999E-06,1.50719219933121,56.5445379867734,15.0001686767347,15.0000658491448,""
86683.1716384888,14.9999998388567,6.2735699081321E-06,1.20585066230919,7.84196238516513E-06,1.50731332788649,56.5444851722496,15.0001688577943,15.0000660308693,""
86698.6180081367,14.999999952531,6.27332151676747E-06,1.20594756514283,7.84165189595934E-06,1.50743445642854,56.5444733585207,15.0001690388759,15.0000662126159,""
86714.0625083447,15.0000000159802,6.27209946455892E-06,1.20604443562864,7.84012433069865E-06,1.5075555445358,56.5445146683817,15.0001684918623,15.0000656729819,""
86729.5088777542,15.000000063562,6.27051216937047E-06,1.20614131010677,7.83814021171308E-06,1.50767663763346,56.5445738858947,15.0001679447826,15.0000651332826,""
86744.9533777237,15.0000000790398,6.26746639717566E-06,1.20623811467386,7.83433299646957E-06,1.50779764334233,56.5445835741224,15.0001649098191,15.0000621077811,""
86760.3997473717,15.0000000843664,6.26387311190667E-06,1.20633490913424,7.82984138988333E-06,1.5079186364178,56.544576584832,15.0001618744883,15.0000590819134,""
86775.8442473412,15.00000013137,6.26404968540069E-06,1.20643166939181,7.83006210675087E-06,1.50803958673976,56.5445437612238,15.0001565466643,15.0000537493095,""
86791.2906169891,15.0000001915683,6.26564070671955E-06,1.20652843292521,7.83205088339944E-06,1.50816054115652,56.5445022381344,15.0001512181954,15.0000484160601,""
86806.7351169586,15.0000003702762,6.26403496098817E-06,1.20662517110419,7.83004370123521E-06,1.50828146388024,56.5444512648654,15.0001413363472,15.0000385473799,""
86822.1814866066,15.0000005865281,6.26122910603374E-06,1.20672191587328,7.82653638254218E-06,1.5084023948416,56.5443971050707,15.0001314533027,15.000028677505,""
86837.6259868145,15.0000003556242,6.2583399091501E-06,1.20681858463121,7.82292488643763E-06,1.50852323078902,56.5444192388325,15.0001240713208,15.0000213037286,""
86853.0723559856,14.9999999830665,6.2554189390881E-06,1.20691524094077,7.81927367386013E-06,1.50864405117597,56.5444670186938,15.0001166884456,15.0000139290599,""
86868.5168559551,15.000000070603,6.25408471659278E-06,1.20701184446888,7.81760589574098E-06,1.50876480558611,56.544482157427,15.0001154725811,15.0000127173874,""
86883.9632256031,15.000000303935,6.25334626502339E-06,1.207108444258,7.81668283127923E-06,1.5088855553225,56.5444863348666,15.0001142565695,15.0000115055682,""
86899.4077255726,15.0000001976399,6.25364082544155E-06,1.20720503172916,7.81705103180194E-06,1.50900628966145,56.5444479835281,15.0001163309663,15.0000135818458,""
86914.8540952206,14.9999999836674,6.25432358425849E-06,1.20730163065805,7.81790448032311E-06,1.50912703832256,56.5443953502971,15.0001184056143,15.0000156583748,""
86930.29859519,14.9999998423325,6.25227041366222E-06,1.20739819096417,7.81533801707777E-06,1.50924773870521,56.5444113394927,15.0001223203633,15.0000195859837,""
86945.744964838,14.9999997240116,6.2491885096029E-06,1.20749475283586,7.81148563700363E-06,1.50936844104483,56.5444503510362,15.0001262355861,15.0000235140681,""
86961.1894648075,14.9999998657611,6.24768407172659E-06,1.20759125819813,7.80960508965823E-06,1.50948907274766,56.544570455808,15.0001297790114,15.0000270580302,""
86976.6358344555,15.00000009005,6.24677254581435E-06,1.2076877583873,7.80846568226794E-06,1.50960969798413,56.5447177656514,15.0001333228657,15.0000306024214,""
86992.080334425,15.0000001496823,6.24570516675783E-06,1.20778422402735,7.80713145844729E-06,1.50973028003419,56.5447272240762,15.0001356608849,15.000032947435,""
87007.526704073,15.0000001570568,6.244578984013E-06,1.20788069274207,7.80572373001626E-06,1.50985086592759,56.5446905005292,15.000137999187,15.0000352927326,""
87022.9712040424,15.000000006868,6.24162679793504E-06,1.20797709629846,7.8020334974188E-06,1.50997137037307,56.5446917943104,15.0001406569398,15.0000379627879,""
87038.4175736904,14.9999998066168,6.23798699570742E-06,1.20807349139778,7.79748374463428E-06,1.51009186424722,56.5447058168076,15.0001433150143,15.0000406331664,""
87053.8620736599,14.9999999305506,6.23771636442367E-06,1.20816984518276,7.79714545552958E-06,1.51021230647845,56.5447518102726,15.000144246154,15.0000415618047,""
87069.3084430695,15.0000001575047,6.23871397274817E-06,1.20826619946926,7.79839246593521E-06,1.51033274933658,56.5448085084096,15.0001451774064,15.0000424905554,""
87084.7529432774,15.0000001995102,6.23826051484244E-06,1.20836254206919,7.79782564355305E-06,1.51045317758649,56.5447543571601,15.0001451255919,15.000042444894,""
87100.1993126869,15.0000001827334,6.23726054334281E-06,1.2084588963192,7.79657567917851E-06,1.510573620399,56.5446631316976,15.0001450737711,15.0000423992271,""
87115.6438126564,15.0000000146445,6.23497764795793E-06,1.20855519665419,7.79372205994741E-06,1.51069399581774,56.5447953604889,15.0001468490913,15.000044184084,""
87131.0901823044,14.9999997984098,6.23221107463199E-06,1.20865149272763,7.79026384328999E-06,1.51081436590953,56.545002280408,15.0001486246264,15.0000459691569,""
87146.5346822739,14.9999998181786,6.23123921511212E-06,1.20874774279593,7.78904901889015E-06,1.51093467849491,56.5450640410041,15.0001516915809,15.0000490388606,""
87161.9810519218,14.9999999130366,6.23094353937027E-06,1.20884399156987,7.78867942421284E-06,1.51105498946233,56.5450773362151,15.0001547589067,15.0000521089359,""
87177.4255518913,14.9999999035992,6.22882796319218E-06,1.20894019395031,7.78603495399023E-06,1.51117524243788,56.5450976827256,15.000157086327,15.0000544468003,""
87192.8719215393,14.9999998609627,6.22602594437302E-06,1.20903639487726,7.78253243046627E-06,1.51129549359657,56.545120385755,15.000159414029,15.0000567849478,""
87208.3164217472,15.0000001501346,6.22465839710068E-06,1.20913254346519,7.78082299637585E-06,1.51141567933149,56.5451333344128,15.0001595879284,15.0000569618099,""
87223.7627911568,15.0000005450161,6.22383160689008E-06,1.20922868834007,7.7797895086126E-06,1.51153586042509,56.5451430319292,15.000159761849,15.0000571386934,""
87239.2072911263,15.0000004910983,6.22366409175988E-06,1.20932481321781,7.77958011469985E-06,1.51165601652227,56.545076643013,15.0001562304757,15.0000536092076,""
87254.6536607742,15.0000002941875,6.22374527390251E-06,1.20942094657751,7.77968159237813E-06,1.51177618322189,56.544984883774,15.0001526986749,15.0000500792945,""
87270.0981607437,15.0000000313319,6.22218584199162E-06,1.20951704478065,7.77773230248952E-06,1.51189630597581,56.5449789566771,15.0001486546872,15.0000460443916,""
87285.5445303917,14.9999997474152,6.22000696658756E-06,1.20961314573938,7.77500870823445E-06,1.51201643217423,56.5450016180073,15.0001446102099,15.0000420090002,""
87300.9890303612,14.9999997164863,6.21904939893781E-06,1.20970920506987,7.77381174867227E-06,1.51213650633734,56.5450042714171,15.0001472992895,15.0000446992587,""
87316.4353997707,14.9999997662261,6.2185527744596E-06,1.20980526470135,7.7731909680745E-06,1.51225658087669,56.5450002652242,15.0001499886946,15.0000473898428,""
87331.8798997402,14.9999999013473,6.21772908493379E-06,1.20990129651966,7.77216135616723E-06,1.51237662064958,56.545090838032,15.0001503803552,15.0000477852036,""
87347.3262693882,15.0000000637292,6.2167817296863E-06,1.20999733384891,7.77097716210787E-06,1.51249666731114,56.5452128876052,15.0001507720632,15.0000481806122,""
87362.7707693577,14.9999998883246,6.21558550836422E-06,1.21009333446982,7.76948188545528E-06,1.51261666808728,56.5451774289722,15.0001481723348,15.0000455864093,""
87378.2171390057,14.9999996050792,6.21429505936017E-06,1.21018933723395,7.76786882420022E-06,1.51273667154243,56.5450896026251,15.0001455722916,15.0000429918924,""
87393.6616389751,14.9999995470344,6.21296684473563E-06,1.21028529886534,7.76620855591954E-06,1.51285662358167,56.5450526338027,15.000149229451,15.0000466535331,""
87409.1080086231,14.9999995608915,6.21162413445335E-06,1.21038126095768,7.76453016806669E-06,1.5129765761971,56.545032555154,15.0001528870531,15.0000503156171,""
87424.5525085926,14.9999997640177,6.20970116808914E-06,1.21047717237437,7.76212646011142E-06,1.51309646546796,56.5449889182585,15.0001551525026,15.000052588886,""
87439.9988782406,15.0000000276412,6.20755848361525E-06,1.21057308063131,7.75944810451906E-06,1.51321635078913,56.5449374527505,15.0001574182263,15.0000548624302,""
87455.4433782101,15.0000000056347,6.20644123513204E-06,1.21066894509368,7.75805154391505E-06,1.51333618136709,56.5449855768962,15.0001551937725,15.0000526391784,""
87470.889747858,14.9999998923341,6.20571166450774E-06,1.21076480898576,7.75713958063467E-06,1.5134560112322,56.5450667521846,15.0001529690493,15.0000504156576,""
87486.3342478275,15.0000001345915,6.20617288749504E-06,1.21086066331681,7.7577161093688E-06,1.51357582914602,56.5451321561906,15.0001497951733,15.0000472393293,""
87501.7806174755,15.0000004905797,6.20708476268579E-06,1.21095653002478,7.75885595335723E-06,1.51369566253097,56.5451923412873,15.000146620913,15.0000440626165,""
87517.225117445,15.0000001736874,6.20510971105101E-06,1.21105236097117,7.75638713881376E-06,1.51381545121396,56.5452179823313,15.0001472985414,15.0000447526204,""
87532.6714868546,14.9999996414887,6.20204156625688E-06,1.21114819437191,7.7525519578211E-06,1.51393524296489,56.5452321807813,15.0001479762518,15.0000454427079,""
87548.1159870625,14.9999997031445,6.2005091110754E-06,1.21124397114977,7.75063638884424E-06,1.51405496393721,56.5452016529544,15.0001493528895,15.0000468148691,""
87563.562356472,14.9999999548721,6.19955790522834E-06,1.21133974246762,7.74944738153542E-06,1.51417467808452,56.5451563090331,15.0001507296937,15.0000481871963,""
87579.0068564415,14.9999999585735,6.19908869226392E-06,1.21143548832838,7.74886086532991E-06,1.51429436041048,56.5450667187518,15.0001494140117,15.000046881321,""
87594.4532260895,14.9999998828591,6.19880197972333E-06,1.21153124052683,7.74850247465416E-06,1.51441405065853,56.5449624712744,15.0001480981704,15.0000455752876,""
87609.897726059,14.9999997788,6.19835750756117E-06,1.21162697227546,7.74794688445147E-06,1.51453371534432,56.5449731734817,15.000145272826,15.0000427501761,""
87625.3440957069,14.9999996656442,6.19785317996052E-06,1.21172271225549,7.74731647495065E-06,1.51465339031937,56.5450218938809,15.0001424471395,15.0000399247225,""
87640.7885956764,14.9999999029566,6.19544211757828E-06,1.21181839989868,7.74430264697285E-06,1.51477299987335,56.5450302128683,15.0001399503631,15.0000374358686,""
87656.2349653244,15.0000002526267,6.19230785150276E-06,1.211914083677,7.74038481437845E-06,1.51489260459625,56.545025180192,15.0001374532844,15.0000349467133,""
87671.6794655323,15.0000002202045,6.19192314515408E-06,1.2120097281453,7.7399039314426E-06,1.51501216018162,56.5450428826457,15.000138841749,15.0000363341577,""
87687.1258349419,15.0000000652666,6.19258105485256E-06,1.21210537367234,7.7407263185657E-06,1.51513171709043,56.5450680972286,15.0001402303817,15.0000377217701,""
87702.5703349113,14.9999999410775,6.19165826809344E-06,1.21220099794214,7.73957283511681E-06,1.51525124742768,56.5450112115866,15.0001433711357,15.0000408657084,""
87718.0167045593,14.9999998267321,6.19013567984514E-06,1.21229663011484,7.73766959980642E-06,1.51537078764355,56.5449272171509,15.00014651227,15.0000440100274,""
87733.4612045288,14.999999731968,6.18811777917333E-06,1.21239220896622,7.73514722396667E-06,1.51549026120777,56.5448902737934,15.0001479136066,15.000045418114,""
87748.9075739384,14.999999643473,6.18591157260767E-06,1.21248778354247,7.73238946575958E-06,1.51560972942809,56.544868845029,15.0001493151127,15.000046826371,""
87764.3520739079,14.9999998873338,6.18433558913724E-06,1.21258330688771,7.73041948642154E-06,1.51572913360964,56.5449532231954,15.0001472262905,15.0000447425315,""
87779.7984435558,15.0000002379425,6.18299859723051E-06,1.2126788267372,7.72874824653814E-06,1.5158485334215,56.5450724943823,15.0001451372154,15.0000426584398,""
87795.2429435253,15.0000001966208,6.18246722762433E-06,1.21277431753528,7.72808403453042E-06,1.5159678969191,56.5451239300481,15.0001350884331,15.0000326106776,""
87810.6893131733,15.0000000293989,6.18224172394777E-06,1.21286981325046,7.72780215493471E-06,1.51608726656308,56.5451530264091,15.0001250384343,15.000022561699,""
87826.1338131428,15.0000000696127,6.1813861722168E-06,1.21296528262667,7.726732715271E-06,1.51620660328333,56.5450298688501,15.000116289115,15.0000138170825,""
87841.5801827908,15.0000001764943,6.18029111368097E-06,1.21306075794444,7.72536389210122E-06,1.51632594743055,56.5448565658521,15.0001075387366,15.0000050714073,""
87857.0246827602,15.0000001590976,6.17894924200152E-06,1.21315619338172,7.72368655250191E-06,1.51644524172715,56.5447796577039,15.0001065569354,15.0000040934103,""
87872.4710524082,15.0000001017419,6.17751334404724E-06,1.21325162960634,7.72189168005906E-06,1.51656453700793,56.544734452051,15.0001055750153,15.0000031152948,""
87887.9155523777,15.0000000385007,6.1763236561333E-06,1.2133470259444,7.72040457016662E-06,1.5166837824305,56.5446742532855,15.0001095083659,15.0000070545115,""
87903.3619220257,14.9999999733563,6.17522737665415E-06,1.21344242305701,7.71903422081769E-06,1.51680302882126,56.5446091151579,15.0001134421926,15.0000109942051,""
87918.8064219952,15.000000098594,6.17394194938845E-06,1.21353778116692,7.71742743673556E-06,1.51692222645865,56.5447123658826,15.0001137288958,15.0000112826785,""
87934.2527916431,15.0000002851162,6.17258436838417E-06,1.2136331403772,7.71573046048021E-06,1.5170414254715,56.5448709628464,15.0001140156336,15.0000115711869,""
87949.6972916126,15.0000002909666,6.17097463170869E-06,1.21372845377147,7.71371828963587E-06,1.51716056721434,56.5448083234794,15.0001099907404,15.0000075528722,""
87965.1436612606,15.0000002386517,6.16926868799926E-06,1.21382376566255,7.71158585999908E-06,1.51727970707818,56.5446730269161,15.0001059653599,15.000003534071,""
87980.5881612301,15.0000001644154,6.16807994973915E-06,1.21391903583543,7.71009993717394E-06,1.51739879479429,56.5446479171708,15.0001045744728,15.0000021462444,""
87996.0345306396,15.0000000831066,6.16708786683779E-06,1.21401430605132,7.70885983354724E-06,1.51751788256415,56.544658961775,15.0001031834174,15.0000007582497,""
88011.4790306091,15.0000001711713,6.16370257969687E-06,1.21410950557605,7.70462822462109E-06,1.51763688197007,56.5447734124719,15.0001025499407,15.0000001380658,""
88026.9254002571,15.0000003138283,6.1594055131744E-06,1.21420469409721,7.699256891468E-06,1.51775586762151,56.5449217927481,15.0001019163874,14.9999995178069,""
88042.369900465,15.0000003785969,6.15786800093972E-06,1.21429981759556,7.69733500117465E-06,1.51787477199446,56.5448718229778,15.0001004288462,14.9999980321794,""
88057.8162698746,15.0000004182661,6.15738131825045E-06,1.21439493222546,7.69672664781306E-06,1.51799366528183,56.544756840239,15.000098941125,14.999996546372,""
88073.2607698441,15.0000002774291,6.15689178924406E-06,1.21449002441377,7.69611473655507E-06,1.51811253051721,56.5447794659904,15.0000981312136,14.9999957407169,""
88088.707139492,15.0000000783511,6.15640109386787E-06,1.21458512394855,7.69550136733484E-06,1.51823140493569,56.5448471642249,15.0000973212041,14.9999949349643,""
88104.1516394615,15.0000000217938,6.15566326173565E-06,1.21468019718015,7.69457907716957E-06,1.51835024647519,56.5448529847856,15.0000998527502,14.9999974735785,""
88119.5980091095,15.0000000112153,6.1548311053243E-06,1.21477527628217,7.69353888165537E-06,1.51846909535271,56.5448385536131,15.0001023846028,15.0000000125,""
88135.042509079,15.0000002281643,6.15301346228162E-06,1.21487031004378,7.69126682785202E-06,1.51858788755472,56.5448745666575,15.0001082281249,15.0000058657935,""
88150.488878727,15.0000005185988,6.1508197405709E-06,1.21496534240808,7.68852467571362E-06,1.5187066780101,56.5449270852093,15.0001140723545,15.0000117197956,""
88165.9333789349,15.0000002195882,6.1479220203251E-06,1.21506030334261,7.68490252540637E-06,1.51882537917827,56.5449941486721,15.0001225293869,15.0000201833629,""
88181.3797483444,14.9999997301583,6.14475527644009E-06,1.2151552529077,7.68094409555012E-06,1.51894406613462,56.5450659772773,15.0001309874429,15.0000286479545,""
88196.8242483139,14.999999788953,6.14270600219557E-06,1.21525013743665,7.67838250274446E-06,1.51906267179581,56.5450972768118,15.0001395706779,15.0000372430677,""
88212.2706177235,15.0000000248961,6.14108279841265E-06,1.2153450130162,7.67635349801581E-06,1.51918126627025,56.545115342056,15.0001481549518,15.0000458392213,""
88227.7151176929,15.0000000072312,6.1395131885645E-06,1.21543984165154,7.67439148570562E-06,1.51929980206443,56.5451602041104,15.0001520447603,15.0000497319004,""
88243.1614873409,14.9999999075822,6.13796377447809E-06,1.2155346682283,7.67245471809762E-06,1.51941833528538,56.5452138211665,15.0001559350396,15.0000536250507,""
88258.6059873104,14.9999997365244,6.13746553687324E-06,1.21562946492717,7.67183192109155E-06,1.51953683115896,56.5452331686592,15.0001608734364,15.0000585720961,""
88274.0523569584,14.9999995423452,6.13736862621834E-06,1.2157242660748,7.67171078277293E-06,1.5196553325935,56.545241339284,15.0001658124309,15.0000635197404,""
88289.4968569279,14.9999995657412,6.13514096401897E-06,1.21581902066964,7.66892620502371E-06,1.51977377583705,56.5452678338257,15.0001725707591,15.0000702884937,""
88304.9432265759,14.9999996595379,6.13209896621482E-06,1.21591377333369,7.66512370776852E-06,1.51989221666711,56.5453003066461,15.0001793299054,15.0000770580665,""
88320.3877265453,14.9999997339235,6.13088677496371E-06,1.21600847480343,7.66360846870464E-06,1.52001059350429,56.5452533321229,15.000180345747,15.0000780774185,""
88335.8340961933,14.9999998020377,6.13037363638148E-06,1.21610317255484,7.66296704547685E-06,1.52012896569355,56.5451804652761,15.0001813617117,15.0000790968939,""
88351.2785961628,14.9999998211414,6.13079420848236E-06,1.21619786179839,7.66349276060295E-06,1.52024732724799,56.5451589099535,15.000181051601,15.000078787382,""
88366.7249658108,14.9999998243763,6.13157179646213E-06,1.21629256363449,7.66446474557766E-06,1.52036570454311,56.5451540580917,15.0001807414529,15.0000784778327,""
88382.1694657803,14.9999999146451,6.13176076549127E-06,1.21638726229126,7.66470095686409E-06,1.52048407786407,56.5450960178026,15.0001769964613,15.0000747332082,""
88397.6158354282,15.0000000331267,6.13172466242238E-06,1.21648197558033,7.66465582802798E-06,1.52060246947541,56.5450206614783,15.0001732510164,15.0000709881303,""
88413.0603353977,14.9999999308694,6.13029703878149E-06,1.21657665510492,7.66287129847686E-06,1.52072081888115,56.5450345603398,15.000168660287,15.0000664064039,""
88428.5067050457,14.9999997570456,6.12833682664483E-06,1.2166713375589,7.66042103330604E-06,1.52083917194863,56.545077484765,15.0001640690019,15.000061824123,""
88443.9512050152,14.9999999264331,6.12666057835183E-06,1.21676596914552,7.65832572293979E-06,1.5209574614319,56.5450443883593,15.0001613547877,15.0000591107818,""
88459.3975744247,15.0000002071463,6.12509272437318E-06,1.21686059710354,7.65636590546647E-06,1.52107574637942,56.5449865829188,15.0001586402449,15.0000563971121,""
88474.8420743942,15.0000000916094,6.12240087501039E-06,1.21695516122406,7.65300109376299E-06,1.52119395153008,56.5449017513942,15.0001579329723,15.0000557009407,""
88490.2884440422,14.9999998474978,6.11927825710986E-06,1.21704971673451,7.64909782138733E-06,1.52131214591814,56.5448081296117,15.0001572256141,15.000055004685,""
88505.7329440117,14.9999998869364,6.11763419703868E-06,1.21714421388964,7.64704274629835E-06,1.52143026736204,56.5447804112188,15.0001591991426,15.0000569828912,""
88521.1793136597,15.0000000184158,6.11655612964718E-06,1.2172387045163,7.64569516205898E-06,1.52154838064537,56.5447740763441,15.00016117291,15.000058961337,""
88536.6238138676,15.000000033885,6.11590754809463E-06,1.21733316626318,7.64488443511828E-06,1.52166645782897,56.5446716777204,15.0001605037816,15.0000582953967,""
88552.0701832771,15.0000000116853,6.11542340543749E-06,1.21742763275849,7.64427925679686E-06,1.52178454094811,56.5445381070235,15.0001598345721,15.0000576293759,""
88567.5146832466,15.0000001238336,6.11420715228365E-06,1.21752206570077,7.64275894035457E-06,1.52190258212596,56.5445796836464,15.0001592009135,15.0000570018969,""
88582.9610528946,15.0000002796459,6.11271010190171E-06,1.21761650159603,7.64088762737714E-06,1.52202062699503,56.5446780340187,15.0001585671782,15.0000563743419,""
88598.4055528641,15.0000002363506,6.11109700147916E-06,1.21771089083949,7.63887125184895E-06,1.52213861354937,56.5446510012158,15.0001579639026,15.000055778705,""
88613.8519225121,15.0000001283346,6.10943913653951E-06,1.21780527800393,7.63679892067439E-06,1.52225659750491,56.5445833526856,15.0001573605539,15.0000551829961,""
88629.2964224815,14.9999998894668,6.10710267969263E-06,1.21789960624628,7.63387834961578E-06,1.52237450780786,56.5447119509893,15.0001596897865,15.0000575199035,""
88644.7427921295,14.9999996080123,6.104505559727E-06,1.21799392768823,7.63063194965875E-06,1.52249240961028,56.544904092279,15.0001620193011,15.0000598570937,""
88660.1872923374,14.9999997113129,6.10400281680533E-06,1.21808821208363,7.63000352100666E-06,1.52261026510453,56.544924307623,15.0001663721397,15.0000642119375,""
88675.6336615086,14.9999999397958,6.10430357481212E-06,1.21818249805305,7.63037946851515E-06,1.52272812256631,56.5448889126197,15.000170725505,15.0000685673083,""
88691.078161478,15.0000000002257,6.10364310259797E-06,1.21827676447929,7.62955387824747E-06,1.52284595559912,56.5447978668989,15.0001713203788,15.0000691684912,""
88706.524531126,15.0000000059708,6.10261357350324E-06,1.21837103919503,7.62826696687905E-06,1.52296379899379,56.5446888168257,15.0001719153246,15.0000697697468,""
88721.9690310955,14.9999997661121,6.1015501537592E-06,1.21846527899637,7.626937692199E-06,1.52308159874546,56.544663237808,15.0001695812895,15.0000674373444,""
88737.4154007435,14.9999994462447,6.10047354294881E-06,1.21855952118067,7.62559192868601E-06,1.52319940147583,56.5446646200313,15.0001672469719,15.0000651046597,""
88752.859900713,14.9999996801933,6.09968742493457E-06,1.21865373241648,7.62460928116821E-06,1.5233171655206,56.54474902069,15.0001617341432,15.0000595964208,""
88768.3062703609,15.0000000945867,6.09901275565846E-06,1.2187479475505,7.62376594457308E-06,1.52343493443813,56.5448602363963,15.0001562206471,15.0000540875151,""
88783.7507703304,15.0000000337022,6.09675190030835E-06,1.21884211172429,7.62093987538543E-06,1.52355263965536,56.5449173575713,15.0001478401446,15.0000457145835,""
88799.1971399784,14.9999998179148,6.09388117768421E-06,1.21893627209619,7.61735147210527E-06,1.52367034012024,56.5449570355622,15.0001394586276,15.0000373406382,""
88814.6416399479,15.0000000175003,6.09303125193566E-06,1.21903038822734,7.61628906491957E-06,1.52378798528418,56.5449945791109,15.0001338618702,15.0000317460979,""
88830.0880095959,15.0000003525489,6.09295795379836E-06,1.2191245031259,7.61619744224795E-06,1.52390562890738,56.5450314404941,15.0001282644353,15.0000261508803,""
88845.5325095654,15.0000003014248,6.0911334342817E-06,1.21921857794773,7.61391679285212E-06,1.52402322243467,56.5450728056611,15.0001249720228,15.0000228665812,""
88860.9788792133,15.0000001243254,6.08863521483163E-06,1.21931265312663,7.61079401853954E-06,1.52414081640829,56.5451156285823,15.0001216792117,15.0000195818844,""
88876.4233791828,15.0000001838801,6.08652109740318E-06,1.21940666711793,7.60815137175398E-06,1.52425833389741,56.5450177490364,15.0001255200884,15.0000234299761,""
88891.8697485924,15.0000003206742,6.08455437760509E-06,1.21950067332992,7.60569297200636E-06,1.52437584166241,56.5448745488261,15.0001293614299,15.0000272785336,""
88907.3142485619,15.0000002893384,6.08209596791562E-06,1.21959461669841,7.60261995989453E-06,1.52449327087302,56.5448389001788,15.0001349888018,15.0000329162952,""
88922.7606182098,15.0000002031052,6.07944793943616E-06,1.21968855163246,7.5993099242952E-06,1.52461068954057,56.5448378537722,15.0001406168549,15.0000385547393,""
88938.2051181793,15.0000001450754,6.07780016822837E-06,1.21978243158286,7.59725021028547E-06,1.52472803947858,56.544911309953,15.0001425848238,15.0000405281611,""
88953.6514878273,15.0000000962486,6.07653716910478E-06,1.21987630610717,7.59567146138097E-06,1.52484538263397,56.5450087355752,15.000144553031,15.0000425018217,""
88969.0959877968,15.00000035612,6.07554481711631E-06,1.21997014528109,7.59443102139538E-06,1.52496268160136,56.545049972153,15.0001446103363,15.0000425669275,""
88984.5423574448,15.0000007169102,6.07465652216768E-06,1.22006398657651,7.59332065270959E-06,1.52507998322064,56.5450731585757,15.0001446676486,15.0000426320412,""
88999.9868576527,15.0000005923115,6.07525413790945E-06,1.22015781965679,7.59406767238681E-06,1.52519727457099,56.5451040471002,15.0001433134634,15.0000412759174,""
89015.4332270622,15.0000003090049,6.07642427143282E-06,1.22025166530405,7.59553033929102E-06,1.52531458163006,56.5451374140617,15.0001419591143,15.0000399196294,""
89030.8777270317,15.000000215407,6.07436241045197E-06,1.2203454757635,7.59295301306497E-06,1.52543184470437,56.5452261289214,15.0001453765348,15.0000433479038,""
89046.3240966797,15.0000001838432,6.07105468798275E-06,1.220439288395,7.58881835997843E-06,1.52554911049375,56.545332621022,15.0001487943691,15.0000467765931,""
89061.7685966492,15.0000000404421,6.06858877407718E-06,1.22053302892592,7.58573596759647E-06,1.5256662861574,56.5453612065761,15.0001560751341,15.0000540640275,""
89077.2149662972,14.9999998604221,6.06644697310566E-06,1.22062675738408,7.58305871638208E-06,1.52578344673011,56.5453648102489,15.0001633567805,15.0000613523441,""
89092.6594662666,14.9999998637792,6.06585257340352E-06,1.22072045065024,7.5823157167544E-06,1.5259005633128,56.545361257461,15.0001703488902,15.0000683479425,""
89108.1058359146,14.9999999271691,6.06585483176174E-06,1.22081414606103,7.58231853970217E-06,1.52601768257629,56.5453554103716,15.0001773418464,15.0000753443879,""
89123.5503361225,14.9999999401029,6.06538062735045E-06,1.22090782282297,7.58172578418806E-06,1.52613477852871,56.545239158494,15.0001773170907,15.0000753233991,""
89138.9967052937,14.9999999365133,6.06472252783328E-06,1.22100150810074,7.5809031597916E-06,1.52625188512593,56.545087525254,15.000177292332,15.0000753024078,""
89154.4412052631,14.9999998743074,6.06517422016631E-06,1.221095184515,7.58146777520788E-06,1.52636898064375,56.545065692836,15.000170687623,15.0000686959598,""
89169.8875749111,14.999999792885,6.06605429331762E-06,1.22118887322427,7.58256786664702E-06,1.52648609153034,56.5450854049094,15.0001640821145,15.0000620887119,""
89185.3320748806,14.9999998199625,6.06460160580833E-06,1.22128253417517,7.58075200726041E-06,1.52660316771896,56.5451552906337,15.0001602809938,15.0000582956422,""
89200.7784445286,14.999999882612,6.0622480578259E-06,1.22137620012515,7.57781007228237E-06,1.52672025015644,56.5452412370385,15.0001564794129,15.0000545021134,""
89216.2229444981,14.9999999005407,6.06057236358968E-06,1.22146981276038,7.57571545448711E-06,1.52683726595048,56.5452073668216,15.0001538809114,15.0000519066201,""
89231.669314146,14.9999999038056,6.05915818473821E-06,1.22156342051405,7.57394773092277E-06,1.52695427564257,56.545135189597,15.0001512820954,15.0000493108126,""
89247.1138141155,14.9999999191075,6.05779945240755E-06,1.22165698628273,7.57224931550943E-06,1.52707123285342,56.5451988553049,15.0001516765407,15.000049710062,""
89262.5601837635,14.9999999383613,6.05646191406149E-06,1.22175055153338,7.57057739257686E-06,1.52718818941672,56.5453059272543,15.0001520710339,15.0000501093597,""
89278.004683733,14.9999998399984,6.05588372977098E-06,1.22184408738747,7.56985466221373E-06,1.52730510923433,56.5452738953651,15.0001549702297,15.0000530074854,""
89293.451053381,14.9999997030113,6.05559893520755E-06,1.22193762757956,7.56949866900944E-06,1.52742203447445,56.5451974498791,15.0001578697765,15.0000559059618,""
89308.8955533504,14.9999997929667,6.05463523781808E-06,1.22203113961839,7.56829404727261E-06,1.52753892452298,56.545057962905,15.0001590320058,15.0000570730253,""
89324.3419229984,14.999999957465,6.05340889038154E-06,1.22212465646938,7.56676111297692E-06,1.52765582058673,56.5448983411327,15.0001601943757,15.0000582402301,""
89339.7864229679,14.9999997831229,6.05377245812179E-06,1.22221815924138,7.56721557265224E-06,1.52777269905172,56.5447270053515,15.0001588644697,15.0000569062328,""
89355.2327923775,14.9999994974267,6.05475102914359E-06,1.22231167226377,7.56843878642949E-06,1.52788959032972,56.544551907491,15.0001575344027,15.0000555720741,""
89370.6772925854,14.9999997289581,6.05307544662042E-06,1.22240515476962,7.56634430827553E-06,1.52800644346203,56.5444586481848,15.0001565243529,15.0000545698145,""
89386.1236619949,15.0000001305385,6.05037264423348E-06,1.22249864115954,7.56296580529184E-06,1.52812330144942,56.5443914490081,15.0001555141808,15.0000535674336,""
89401.5681619644,15.000000240199,6.04759042775568E-06,1.22259205481489,7.5594880346946E-06,1.52824006851861,56.5443110667093,15.0001492600305,15.0000473205191,""
89417.0145316124,15.0000002538807,6.0447770062322E-06,1.22268545600266,7.55597125779025E-06,1.52835682000332,56.5442264740119,15.000143005123,15.0000410728483,""
89432.4590315819,15.0000001765527,6.04332396710706E-06,1.22277880424661,7.55415495888382E-06,1.52847350530826,56.5441483051579,15.0001390305435,15.0000371015107,""
89447.9054012299,15.0000000692706,6.0423974229226E-06,1.22287214766687,7.55299677865324E-06,1.52859018458358,56.5440721678611,15.0001350554829,15.0000331296923,""
89463.3499011993,14.9999999361012,6.04115285749591E-06,1.22296545424572,7.55144107186989E-06,1.52870681780714,56.544037655788,15.0001365827988,15.0000346598373,""
89478.7962708473,14.9999997943897,6.03978490068821E-06,1.22305876222511,7.54973112586026E-06,1.52882345278139,56.5440163743681,15.0001381102996,15.0000361901676,""
89494.2407710552,14.9999997492825,6.03827956171399E-06,1.22315202633347,7.54784945214249E-06,1.52894003291683,56.5439924202106,15.0001411500116,15.0000392399967,""
89509.6871404648,14.9999997359786,6.03672073698516E-06,1.22324528910435,7.54590092123144E-06,1.52905661138044,56.5439676129066,15.0001441900914,15.0000422901949,""
89525.1316404343,14.9999999708297,6.03551280537449E-06,1.22333851130562,7.54439100671811E-06,1.52917313913202,56.5438807835417,15.0001433610307,15.0000414620808,""
89540.5780100822,15.0000002874698,6.03444068470076E-06,1.22343173344036,7.54305085587595E-06,1.52928966680045,56.5437742443729,15.0001425318696,15.0000406338665,""
89556.0225100517,15.0000002049555,6.03239697590261E-06,1.22352490541921,7.54049621987826E-06,1.52940613177402,56.5437854830859,15.0001399209656,15.0000380315176,""
89571.4688796997,14.999999990873,6.02997617804552E-06,1.22361807360233,7.5374702225569E-06,1.52952259200292,56.5438341008225,15.0001373097456,15.0000354288537,""
89586.9133796692,14.9999998852917,6.02920881687351E-06,1.22371120216687,7.53651102109189E-06,1.52963900270859,56.5437372351937,15.0001393962534,15.0000375191643,""
89602.3597490788,14.9999998154698,6.02908270106357E-06,1.22380433100893,7.53635337632946E-06,1.52975541376116,56.5435942150153,15.0001414830137,15.0000396097279,""
89617.8042490482,14.9999998875522,6.02828836084909E-06,1.22389743545171,7.53536045106136E-06,1.52987179431464,56.5435944592636,15.000145702115,15.0000438312951,""
89633.2506186962,15.0000000064575,6.02723458617224E-06,1.22399054607062,7.5340432327153E-06,1.52998818258827,56.54364010886,15.000149921727,15.0000480533734,""
89648.6951186657,15.00000005155,6.02677855932308E-06,1.22408363120261,7.53347319915385E-06,1.53010453900327,56.5435103160498,15.0001494983866,15.0000476319931,""
89664.1414883137,15.0000000722896,6.0265544930538E-06,1.22417672208399,7.53319311631725E-06,1.53022090260498,56.5433249357882,15.000149074995,15.0000472105618,""
89679.5859882832,15.0000001198278,6.02503163960281E-06,1.22426977665071,7.53128954950351E-06,1.53033722081338,56.5432905328547,15.0001428809077,15.000041026569,""
89695.0323579311,15.0000001762219,6.02300417627967E-06,1.22436283275495,7.52875522034958E-06,1.53045354094369,56.5433039108484,15.0001366860707,15.0000348418276,""
89710.4768579006,15.0000001275545,6.0206131898017E-06,1.22445582687308,7.52576648725212E-06,1.53056978359135,56.5433563581472,15.000127977043,15.0000261361582,""
89725.9232275486,15.000000044175,6.01808058433831E-06,1.22454881254251,7.52260073042289E-06,1.53068601567814,56.5434211715821,15.000119266961,15.0000174294349,""
89741.3677275181,14.9999999352493,6.01584109492111E-06,1.22464173514403,7.51980136865138E-06,1.53080216893004,56.5435017331217,15.0001172900881,15.0000154619354,""
89756.8140971661,14.9999998178637,6.01371513659313E-06,1.22473464885728,7.51714392074141E-06,1.5309183110716,56.5435872853835,15.0001153129758,15.0000134941978,""
89772.2585971355,15.0000000504203,6.01286825736885E-06,1.22482752379156,7.51608532171106E-06,1.53103440473945,56.5436513892574,15.0001165768977,15.0000147591448,""
89787.7049667835,15.0000003987121,6.01251847802501E-06,1.22492039926457,7.51564809753127E-06,1.53115049908071,56.5437087281257,15.0001178409726,15.0000160242448,""
89803.149466753,15.0000002977408,6.0118313008317E-06,1.2250132505046,7.51478912603963E-06,1.53126656313075,56.5437697020049,15.0001191904191,15.0000173800758,""
89818.5958361626,15.0000000481517,6.01101279700131E-06,1.22510610793087,7.51376599625163E-06,1.53138263491359,56.5438318330771,15.0001205400289,15.000018736071,""
89834.0403361321,15.0000001135792,6.01047564089817E-06,1.22519894026171,7.51309455112272E-06,1.53149867532713,56.5437675292452,15.0001247221645,15.0000229202406,""
89849.48670578,15.000000283261,6.01004784791018E-06,1.22529177843911,7.51255980988772E-06,1.53161472304889,56.5436633293086,15.0001289048064,15.0000271049167,""
89864.9312059879,15.0000002328556,6.00980350960752E-06,1.22538459870138,7.5122543870094E-06,1.53173074837673,56.543766009585,15.0001309727578,15.0000291740147,""
89880.3775753975,15.0000001095792,6.00963052598001E-06,1.22547742759775,7.51203815747502E-06,1.53184678449719,56.5439339264714,15.0001330409594,15.0000312433632,""
89895.822075367,15.0000000089474,6.00841170251704E-06,1.22557022525899,7.51051462814629E-06,1.53196278157373,56.5438252926475,15.0001362857713,15.0000344950563,""
89911.268445015,14.9999999157995,6.00678551283069E-06,1.22566302636676,7.50848189103836E-06,1.53207878295845,56.5436295151118,15.0001395309761,15.000037747143,""
89926.7129449844,15.0000000152003,6.00343093656636E-06,1.22575575339094,7.50428867070795E-06,1.53219469173868,56.5436964404791,15.0001463803961,15.0000446053767,""
89942.1593146324,15.00000017842,5.99940266487714E-06,1.22584846715991,7.49925333109643E-06,1.53231058394988,56.54384608522,15.0001532306454,15.0000514644405,""
89957.6038146019,15.0000001311415,5.9986036976053E-06,1.22594113003756,7.49825462200662E-06,1.53242641254695,56.5437931328153,15.0001619081078,15.0000601427425,""
89973.0501842499,15.0000000140735,5.99906272544896E-06,1.22603378867598,7.49882840681121E-06,1.53254223584498,56.5436764292014,15.0001705866207,15.0000688220951,""
89988.4946844578,15.0000000015041,5.99792632388661E-06,1.22612642166032,7.49740790485827E-06,1.5326580270754,56.5437012581888,15.0001755853076,15.0000738318511,""
90003.9410538673,15.0000000235902,5.99616793010742E-06,1.22621906022731,7.49520991263427E-06,1.53277382528413,56.543770591674,15.0001805845995,15.0000788422134,""
90019.3855538368,14.9999999285048,5.99477717703458E-06,1.22631165417976,7.49347147129323E-06,1.5328895677247,56.543779757287,15.0001827841608,15.0000810420069,""
90034.8319232464,14.9999997945262,5.99352952589017E-06,1.22640424631538,7.49191190736271E-06,1.53300530789422,56.5437700190135,15.0001849839884,15.0000832420666,""
90050.2764232159,14.99999976182,5.99276074221535E-06,1.22649680691444,7.49095092776919E-06,1.53312100864305,56.5437156473642,15.0001879492833,15.0000862135851,""
90065.7227928638,14.9999997627262,5.99217859794103E-06,1.22658937078847,7.49022324742629E-06,1.53323671348559,56.5436472521444,15.0001909149372,15.0000891854634,""
90081.1672928333,14.9999998437299,5.99198207157987E-06,1.22668191647868,7.48997758947483E-06,1.53335239559835,56.543620471375,15.0001913627873,15.0000896322817,""
90096.6136624813,14.9999999513471,5.99193596608998E-06,1.22677447064876,7.48991995761248E-06,1.53346808831095,56.5436067446267,15.0001918106917,15.0000900791541,""
90112.0581624508,14.9999997970617,5.99022883993431E-06,1.22686698693525,7.48778604991788E-06,1.53358373366906,56.5436855922898,15.0001894493835,15.0000877237127,""
90127.5045320988,14.9999995557345,5.98787312225122E-06,1.22695950400677,7.48484140281403E-06,1.53369938000846,56.5437934822579,15.0001870877895,15.0000853679861,""
90142.9490320683,14.9999995124125,5.98673741347629E-06,1.22705197638816,7.48342176684536E-06,1.5338149704852,56.5438701192451,15.000186424099,15.0000847075537,""
90158.3954017162,14.9999995348999,5.98607786137778E-06,1.22714444688582,7.48259732672223E-06,1.53393055860728,56.5439369745391,15.0001857603281,15.0000840470412,""
90173.8399016857,14.99999970632,5.9852574157574E-06,1.22723688905394,7.48157176969675E-06,1.53404611131743,56.5439178709095,15.0001838772227,15.0000821690244,""
90189.2862713337,14.9999999272947,5.98437398898928E-06,1.22732933571876,7.4804674862366E-06,1.53416166964845,56.5438718448809,15.0001819938893,15.0000802907802,""
90204.7307713032,15.0000000519403,5.98335335130351E-06,1.2274217494515,7.47919168912938E-06,1.53427718681438,56.5438334044439,15.0001785528084,15.0000768512317,""
90220.1771409512,15.0000001445579,5.98227892946531E-06,1.22751416587538,7.47784866183164E-06,1.53439270734423,56.5437973318591,15.000175111311,15.0000734112667,""
90235.6216409206,15.000000141034,5.98001857482168E-06,1.22760652893235,7.4750232185271E-06,1.53450816116544,56.543655069282,15.0001708009865,15.0000691056418,""
90251.0680105686,15.0000001055094,5.97729429306123E-06,1.22769888668146,7.47161786632654E-06,1.53462360835182,56.5434795733815,15.0001664901402,15.0000647994957,""
90266.5125105381,14.999999904525,5.97744924510061E-06,1.22779121722453,7.47181155637576E-06,1.53473902153067,56.5434459342635,15.00016409909,15.0000624096491,""
90281.9588799477,14.9999996484115,5.97873003946493E-06,1.22788355267611,7.47341254933116E-06,1.53485444084513,56.5434566256458,15.0001617077503,15.0000600195133,""
90297.4033799171,14.9999996094996,5.97833694666236E-06,1.22797587953797,7.47292118332795E-06,1.53496984942246,56.5435008010401,15.0001646207977,15.000062934107,""
90312.8497495651,14.9999996429399,5.97728903981943E-06,1.22806821858815,7.47161129977428E-06,1.53508527323518,56.5435554415469,15.0001675341978,15.0000658490535,""
90328.294249773,14.9999998514051,5.97526293614802E-06,1.22816050808689,7.46907867018503E-06,1.53520063510861,56.5435972316671,15.0001687362755,15.0000670591144,""
90343.7406191826,15.0000001182378,5.97285372704605E-06,1.22825279373703,7.46606715880756E-06,1.53531599217129,56.5436350175283,15.0001699384987,15.0000682693218,""
90359.1851191521,15.0000000631398,5.97162337716978E-06,1.22834503294062,7.46452922146223E-06,1.53543129117577,56.5435106197202,15.000167156366,15.0000654870672,""
90374.6314888,14.9999999006892,5.97085426970023E-06,1.22843726949991,7.46356783712529E-06,1.53554658687489,56.5433356147701,15.0001643738966,15.0000627044758,""
90390.0759887695,14.9999998774953,5.96949444777562E-06,1.22852946869744,7.46186805971952E-06,1.5356618358718,56.5432489628178,15.0001601502835,15.0000584872582,""
90405.5223584175,14.9999999007517,5.9679030853074E-06,1.22862166879691,7.45987885663424E-06,1.53577708599614,56.5431898372525,15.0001559261592,15.0000542695301,""
90420.966858387,15.0000001976703,5.96761468790565E-06,1.22871384253964,7.45951835988206E-06,1.53589230317455,56.5432092332931,15.0001519121863,15.0000502535275,""
90436.413228035,15.0000005859674,5.96783664055567E-06,1.22880602148721,7.45979580069458E-06,1.53600752685901,56.5432530917047,15.0001478977274,15.0000462370387,""
90451.8577282429,15.0000005241783,5.96565120202505E-06,1.22889815701999,7.45706400253131E-06,1.53612269627499,56.5433351367045,15.0001417376643,15.0000400853739,""
90467.3040976524,15.000000312103,5.96252202857892E-06,1.2289902910612,7.45315253572365E-06,1.5362378638265,56.5434290818065,15.0001355768557,15.0000339329645,""
90482.7485976219,15.0000001880266,5.96184350452217E-06,1.22908238236287,7.45230438065271E-06,1.53635297795359,56.5434002091597,15.0001331528325,15.0000315112303,""
90498.1949670315,15.0000000933246,5.96212553171119E-06,1.22917447242706,7.45265691463898E-06,1.53646809053383,56.5433331256249,15.0001307285159,15.0000290892029,""
90513.639467001,15.0000000477724,5.96065072460749E-06,1.22926653046774,7.45081340575936E-06,1.53658316308468,56.5433777905667,15.0001324408075,15.0000308083639,""
90529.0858366489,15.0000000186377,5.95848673279551E-06,1.22935859146453,7.44810841599438E-06,1.53669823933066,56.5434572022121,15.0001341533064,15.0000325277329,""
90544.5303366184,15.0000001239493,5.95741563363969E-06,1.22945061018603,7.44676954204962E-06,1.53681326273254,56.5434312129649,15.0001368936654,15.0000352660517,""
90559.9767062664,15.0000002742272,5.95677308285408E-06,1.22954262783296,7.4459663535676E-06,1.5369282847912,56.5433724751955,15.0001396343562,15.0000380047021,""
90575.4212062359,15.0000003291282,5.95446602208654E-06,1.22963459437686,7.44308252760817E-06,1.53704324297107,56.5433576567369,15.000135160396,15.0000335454994,""
90590.8675758839,15.0000003521364,5.95150536862246E-06,1.22972655636869,7.43938171077807E-06,1.53715819546087,56.5433564710019,15.0001306858942,15.0000290857569,""
90606.3120758533,15.0000002853045,5.9499511344229E-06,1.22981846327772,7.43743891802862E-06,1.53727307909715,56.5433322752697,15.0001243636706,15.0000227646327,""
90621.7584455013,15.0000001883989,5.94894875904255E-06,1.22991036405662,7.43618594880319E-06,1.53738795507077,56.543300936859,15.0001180406817,15.0000164427432,""
90637.2029454708,15.0000000584544,5.94805558491343E-06,1.23000223316524,7.43506948114178E-06,1.53750279145655,56.5434193147764,15.0001144351011,15.0000128417932,""
90652.6493151188,14.9999999174283,5.9472051450542E-06,1.23009410532555,7.43400643131775E-06,1.53761763165694,56.5435841297775,15.0001108290842,15.0000092404073,""
90668.0938150883,14.9999999971476,5.94548982661284E-06,1.23018593414532,7.43186228326605E-06,1.53773241768165,56.543641076594,15.0001129250842,15.0000113426225,""
90683.5401847363,15.0000001508129,5.94343444624043E-06,1.23027776142233,7.42929305780053E-06,1.53784720177791,56.5436646112083,15.000115021338,15.0000134450922,""
90698.9846847057,15.000000163617,5.94190766804976E-06,1.23036954016932,7.4273845850622E-06,1.53796192521166,56.5437086299757,15.000117310233,15.0000157419599,""
90714.4310543537,15.0000001292241,5.94058837197007E-06,1.23046131532108,7.42573546496259E-06,1.53807664415135,56.5437589981558,15.0001195994051,15.0000180391056,""
90729.8755543232,15.000000031134,5.93874981846091E-06,1.23055304209014,7.42343727307613E-06,1.53819130261268,56.5437982571918,15.0001220674174,15.0000205133784,""
90745.3219237328,14.9999999116752,5.93670681405158E-06,1.23064476530639,7.42088351756448E-06,1.53830595663299,56.5438340850727,15.0001245357284,15.0000229879506,""
90760.7664237022,14.9999999494034,5.93628994506965E-06,1.23073645724282,7.42036243133706E-06,1.53842057155352,56.5439177531839,15.0001276237068,15.0000260766097,""
90776.2127933502,15.0000000398538,5.93651253570355E-06,1.23082815234237,7.42064066962944E-06,1.53853519042796,56.544016227294,15.000130712059,15.0000291656427,""
90791.6572933197,15.0000002277135,5.93597247918672E-06,1.23091982949762,7.4199655989834E-06,1.53864978687203,56.5439105442537,15.0001328173296,15.0000312779384,""
90807.1036629677,15.0000004482866,5.93513228775291E-06,1.23101151505771,7.41891535969113E-06,1.53876439382214,56.5437417591294,15.0001349228551,15.0000333904898,""
90822.5481631756,15.0000003874648,5.93234618828176E-06,1.23110314084047,7.4154327353522E-06,1.53887892605059,56.5436616389725,15.0001369795937,15.0000354565543,""
90837.9945325851,15.0000002321773,5.92879377507269E-06,1.23119475855098,7.41099221884086E-06,1.53899344818872,56.5436088855491,15.0001390365813,15.0000375228689,""
90853.4390325546,14.9999998672494,5.92622246493644E-06,1.23128630158981,7.40777808117055E-06,1.53910787698726,56.5437165628094,15.000142374904,15.0000408682846,""
90868.8854022026,14.9999994318612,5.92403698956936E-06,1.2313778306743,7.4050462369617E-06,1.53922228834287,56.5438737642883,15.0001457136307,15.0000442141051,""
90884.3299021721,14.999999832378,5.92336680765184E-06,1.23146932364998,7.4042085095648E-06,1.53933665456248,56.543914932994,15.0001532094637,15.0000517132062,""
90899.7762718201,15.0000005137975,5.92329331193423E-06,1.2315608178424,7.40411663991778E-06,1.53945102230301,56.5439203258209,15.0001607062041,15.0000592132152,""
90915.2207717896,15.0000002990338,5.91966168565756E-06,1.23165224437253,7.39957710707195E-06,1.53956530546566,56.5438110504882,15.0001669539582,15.0000654811013,""
90930.6671414375,14.9999997830121,5.91462756857569E-06,1.23174365967276,7.39328446071961E-06,1.53967957459095,56.543666420032,15.0001732024687,15.0000717497462,""
90946.1116416454,14.9999996541908,5.91423275581311E-06,1.2318350240233,7.39279094476638E-06,1.53979378002912,56.543669837975,15.0001747876477,15.0000733295617,""
90961.5580108166,14.9999996555514,5.91566638887824E-06,1.23192638370764,7.3945829860978E-06,1.53990797963454,56.5437188505557,15.0001763730186,15.0000749095684,""
90977.0025107861,14.9999998718489,5.91563006646388E-06,1.2320177413942,7.39453758307985E-06,1.54002217674275,56.5437296635119,15.0001696488474,15.0000681953369,""
90992.448880434,15.0000001604896,5.91501416773092E-06,1.23210911371209,7.39376770966365E-06,1.54013639214011,56.5437287218448,15.0001629238623,15.0000614802925,""
91007.8933804035,14.999999911763,5.91570592787675E-06,1.23220048152394,7.39463240984593E-06,1.54025060190492,56.5437323678839,15.0001555528185,15.0000541042318,""
91023.3397500515,14.9999994821368,5.91691357119803E-06,1.23229186298191,7.39614196399753E-06,1.54036482872739,56.5437374254652,15.0001481808824,15.0000467272782,""
91038.784250021,14.9999996946193,5.91553614214116E-06,1.23238322020019,7.39442017767645E-06,1.54047902525024,56.543698281355,15.0001445939956,15.0000431491633,""
91054.230619669,15.0000001233438,5.91313850920203E-06,1.23247458327758,7.39142313650254E-06,1.54059322909698,56.543645545813,15.0001410066745,15.0000395706152,""
91069.6751196384,14.9999999380305,5.91189489583085E-06,1.23256590001666,7.38986861978856E-06,1.54070737502083,56.5435850267254,15.0001407335347,15.0000392997935,""
91085.1214892864,14.9999995458396,5.91110656903692E-06,1.23265721388372,7.38888321129614E-06,1.54082151735465,56.5435221074255,15.0001404603617,15.0000390289391,""
91100.5659892559,14.9999998020193,5.90942209722526E-06,1.23274848539738,7.38677762153157E-06,1.54093560674672,56.5434624365341,15.0001385623368,15.0000371366969,""
91116.0123589039,15.0000002767502,5.90738350104556E-06,1.23283975559978,7.38422937630695E-06,1.54104969449973,56.5434037532452,15.000136664082,15.0000352442257,""
91131.4568588734,15.0000003042642,5.90592165837574E-06,1.23293097852008,7.38240207296967E-06,1.54116372315009,56.5433458401568,15.0001344907174,15.0000330723527,""
91146.9032285213,15.0000001809976,5.90468738021154E-06,1.23302219816967,7.38085922526442E-06,1.54127774771208,56.5432881541477,15.0001323170897,15.0000309002168,""
91162.3477284908,15.0000001398505,5.90474351714932E-06,1.23311339938022,7.38092939643664E-06,1.54139174922527,56.5433115007796,15.0001344378602,15.0000330232847,""
91177.7940981388,15.0000001263966,5.90530954732349E-06,1.23320460870805,7.38163693415436E-06,1.54150576088506,56.5433596891855,15.0001365588875,15.0000351466097,""
91193.2385981083,14.9999999487243,5.90423036774605E-06,1.2332957941154,7.38028795968256E-06,1.54161974264425,56.5433449885006,15.0001396454937,15.0000382356546,""
91208.6849675179,14.9999997156056,5.90250069715146E-06,1.23338698546824,7.37812587143933E-06,1.54173373183529,56.5433110217535,15.0001427324736,15.0000413250734,""
91224.1294674873,14.9999997596459,5.90042993066838E-06,1.23347812222544,7.37553741333547E-06,1.54184765278179,56.5433325534257,15.0001477389103,15.0000463404393,""
91239.5758371353,14.9999998972655,5.89822393941305E-06,1.23356925278944,7.37277992426632E-06,1.5419615659868,56.5433710769213,15.0001527459532,15.0000513564124,""
91255.0203371048,14.9999998293228,5.89543671181214E-06,1.23366031451505,7.36929588976518E-06,1.54207539314382,56.5433638165756,15.000157276744,15.000055892631,""
91270.4667067528,14.9999996919382,5.89241909998833E-06,1.23375136439529,7.36552387498542E-06,1.54218920549411,56.543342549811,15.0001618080832,15.0000604293987,""
91285.9112069607,14.9999997532527,5.89243425677731E-06,1.23384238331172,7.36554282097163E-06,1.54230297913965,56.5434395306152,15.0001638063282,15.0000624311872,""
91301.3575763702,14.9999998817196,5.89364948770577E-06,1.23393340535097,7.36706185963221E-06,1.54241675668871,56.5435726742547,15.000165804815,15.000064433218,""
91316.8020763397,14.9999999678459,5.89186330059838E-06,1.23402439690792,7.36482912574797E-06,1.54253049613489,56.5434688166835,15.0001647454719,15.0000633813558,""
91332.2484459877,15.0000000396723,5.88888871756039E-06,1.23411539177362,7.36111089695049E-06,1.54264423971703,56.5432925418787,15.0001636860006,15.0000623293663,""
91347.6929459572,15.0000000403671,5.88693444296408E-06,1.23420632556212,7.35866805370509E-06,1.54275790695265,56.5433871678944,15.0001605074255,15.0000591565688,""
91363.1393156052,15.0000000170046,5.88538386685096E-06,1.23429725053222,7.3567298335637E-06,1.54287156316527,56.5435645096932,15.0001573284657,15.0000559833873,""
91378.5838155746,14.9999999659715,5.88510879536239E-06,1.23438814988974,7.35638599420298E-06,1.54298518736217,56.5435727672256,15.0001539590892,15.0000526144593,""
91394.0301852226,14.9999999055676,5.88533894244441E-06,1.23447905446449,7.35667367805551E-06,1.54309881808061,56.5435294427439,15.0001505893048,15.0000492451236,""
91409.4746854305,14.9999998671852,5.88531630493192E-06,1.23456994922448,7.3566453811649E-06,1.54321243653061,56.543581300727,15.0001478199479,15.0000464797377,""
91424.9210546017,14.9999998362511,5.8851934920894E-06,1.23466085545431,7.35649186511175E-06,1.54332606931789,56.5436621850324,15.000145050256,15.0000437140172,""
91440.3655545712,15.0000000133934,5.8820750454918E-06,1.234751701696,7.35259380686475E-06,1.54343962712,56.5435880427129,15.0001420469462,15.0000407206386,""
91455.8119242191,15.0000002610315,5.87776855775757E-06,1.23484253951366,7.34721069719696E-06,1.54355317439207,56.5434666578947,15.0001390432729,15.0000377268976,""
91471.2564241886,15.000000169475,5.87532418230171E-06,1.23493329984172,7.34415522787713E-06,1.54366662480215,56.5433746454361,15.0001364170568,15.0000351080219,""
91486.7027938366,14.9999999629814,5.87361782849125E-06,1.23502404478503,7.34202228561407E-06,1.54378005598129,56.5432915610504,15.0001337905228,15.0000324888291,""
91502.1472938061,15.0000000879943,5.87255341971376E-06,1.23511475092028,7.3406917746422E-06,1.54389343865035,56.5433626532596,15.0001361196866,15.0000348254893,""
91517.5936634541,15.0000003253945,5.87174349083173E-06,1.23520545699708,7.33967936353967E-06,1.54400682124635,56.5434806649909,15.0001384491323,15.0000371624324,""
91533.0381634235,15.0000002783702,5.87007287779793E-06,1.23529612088901,7.33759109724741E-06,1.54412015111126,56.5434222662285,15.0001429620253,15.0000416789833,""
91548.4845330715,15.0000001348872,5.86806042560246E-06,1.23538678337132,7.33507553200307E-06,1.54423347921415,56.5433102215937,15.0001474754645,15.0000461960809,""
91563.929033041,15.0000000342348,5.86908694539159E-06,1.23547743731913,7.33635868173949E-06,1.54434679664892,56.5433826787552,15.000152634408,15.0000513535047,""
91579.375402689,14.9999999480967,5.87132006828823E-06,1.23556810320992,7.33915008536029E-06,1.5444601290124,56.5435112061473,15.0001577939761,15.0000565115528,""
91594.8199026585,15.0000000699777,5.86990522596267E-06,1.23565875115466,7.33738153245333E-06,1.54457343894332,56.5435523712596,15.0001616806803,15.0000604095015,""
91610.2662723064,15.0000002624822,5.86704143191595E-06,1.2357494073041,7.33380178989494E-06,1.54468675913012,56.5435670167992,15.0001655678551,15.000064307922,""
91625.7107722759,15.0000001451308,5.86624418423951E-06,1.23584002108737,7.33280523029939E-06,1.54480002635921,56.5436041997049,15.0001677322574,15.000066468025,""
91641.1571416855,14.9999999225461,5.86626778225501E-06,1.23593063336574,7.33283472781876E-06,1.54491329170718,56.5436482269286,15.0001698969217,15.0000686283894,""
91656.6016418934,15.0000001462091,5.86513764043325E-06,1.2360212173799,7.33142205054156E-06,1.54502652172487,56.5437500655544,15.000170933981,15.0000696761905,""
91672.0480113029,15.0000005215027,5.86354879430362E-06,1.23611180548145,7.32943599287952E-06,1.54513975685181,56.5438694499135,15.0001719711659,15.0000707241185,""
91687.4925112724,15.0000002846862,5.86133693442902E-06,1.23620233787724,7.32667116803627E-06,1.54525292234655,56.5438525892456,15.0001745681824,15.0000733236194,""
91702.9388809204,14.9999998398004,5.8588770164742E-06,1.23629286344298,7.32359627059275E-06,1.54536607930373,56.5437944414774,15.0001771655134,15.000075923435,""
91718.3833808899,15.0000000997305,5.85721083236756E-06,1.23638333594406,7.32151354045945E-06,1.54547916993008,56.5438053294021,15.0001786519357,15.0000774163204,""
91733.8297505379,15.0000005993465,5.8558600347691E-06,1.23647380264949,7.31982504346138E-06,1.54559225331187,56.5438371237849,15.000180138538,15.0000789093866,""
91749.2742505074,15.0000002707976,5.854619924101E-06,1.236564230263,7.31827490512625E-06,1.54570528782875,56.5438725478991,15.0001773699515,15.0000761445384,""
91764.7206201553,14.9999996604877,5.85342363967104E-06,1.2366546576262,7.31677954958881E-06,1.54581832203275,56.5439090759747,15.0001746010298,15.0000733793555,""
91780.1651203632,14.9999998245315,5.85210986593342E-06,1.23674504579651,7.31513733241678E-06,1.54593130724564,56.543920436223,15.0001743575764,15.0000731425111,""
91795.6114897728,15.0000002521217,5.85074911073116E-06,1.23683543366228,7.31343638841395E-06,1.54604429207785,56.5439241875157,15.0001741140935,15.000072905638,""
91811.0559897423,15.0000002398072,5.84928085262319E-06,1.23692577886301,7.31160106577898E-06,1.54615722357876,56.5439623616148,15.000175633731,15.0000744297043,""
91826.5023593903,15.0000000777211,5.847769545915E-06,1.2370161223683,7.30971193239375E-06,1.54627015296038,56.5440109441151,15.0001771535525,15.0000759539552,""
91841.9468593597,15.0000000049248,5.84756274895592E-06,1.23710644169955,7.3094534361949E-06,1.54638305212444,56.5440612428387,15.0001762053024,15.0000750059092,""
91857.3932290077,14.9999999625298,5.8478754677088E-06,1.23719676669145,7.30984433463599E-06,1.54649595836432,56.5441120677711,15.0001752569375,15.0000740577485,""
91872.8377289772,14.9999998859378,5.84616863184981E-06,1.23728705646402,7.30771078981227E-06,1.54660882058002,56.5440986102373,15.0001722929634,15.000071102587,""
91888.2840983868,14.9999997976804,5.84365688444773E-06,1.23737734748833,7.30457110555966E-06,1.54672168436042,56.5440657511578,15.0001693286305,15.0000681470677,""
91903.7285983562,14.9999997632004,5.84199714344188E-06,1.23746758526643,7.30249642930235E-06,1.54683448158304,56.5440223154495,15.000165186383,15.0000640125765,""
91919.1749680042,14.9999997470479,5.84067669630638E-06,1.23755781710006,7.30084587038297E-06,1.54694727137508,56.5439756832081,15.0001610436341,15.0000598775847,""
91934.6194679737,14.9999999115504,5.83892342960981E-06,1.23764800216383,7.29865428701226E-06,1.54706000270479,56.5439384668404,15.0001568387933,15.0000556759174,""
91950.0658376217,15.0000001376937,5.83699729991162E-06,1.23773818385084,7.29624662488953E-06,1.54717272981355,56.5439040823087,15.0001526334434,15.0000514737415,""
91965.5103375912,14.9999999373388,5.83686825346668E-06,1.23782833984475,7.29608531683335E-06,1.54728542480594,56.5437918650502,15.0001528994028,15.0000517395322,""
91980.9567072392,14.9999995914256,5.8374559436355E-06,1.23791850085822,7.29681992954437E-06,1.54739812607277,56.5436561893127,15.0001531653943,15.000052005355,""
91996.4012072086,14.9999996725408,5.83683420107877E-06,1.23800864525411,7.29604275134846E-06,1.54751080656764,56.5436477968342,15.0001570063987,15.0000558513335,""
92011.8475768566,14.9999998994401,5.83572980327159E-06,1.23809879828652,7.29466225408949E-06,1.54762349785815,56.5436777107199,15.000160847868,15.0000596977776,""
92027.2920768261,14.9999998116192,5.83531059537246E-06,1.23818892660639,7.29413824421558E-06,1.54773615825799,56.5436431668004,15.00016830318,15.000067154219,""
92042.7384464741,14.9999996163035,5.8351647976355E-06,1.23827906032827,7.29395599704438E-06,1.54784882541034,56.5435892311618,15.0001757593945,15.0000746115632,""
92058.1829464436,14.9999995759503,5.83504388401835E-06,1.23836918030576,7.29380485502293E-06,1.54796147538219,56.5435513910676,15.0001795348342,15.0000783861304,""
92073.6293160915,14.9999995885354,5.83493288553133E-06,1.23845931006116,7.29366610691417E-06,1.54807413757645,56.543518382603,15.000183310731,15.0000821611546,""
92089.073816061,14.9999997258556,5.83339927382016E-06,1.2385494044831,7.2917490922752E-06,1.54818675560388,56.5433745426547,15.000180515687,15.0000793699683,""
92104.5201854706,14.9999999058341,5.83129718426138E-06,1.23863950005376,7.28912148032673E-06,1.5482993750672,56.5431973918635,15.0001777203047,15.0000765784441,""
92119.9646854401,14.9999999648169,5.83143464552899E-06,1.23872957291551,7.28929330691123E-06,1.54841196614439,56.5431215865994,15.0001740926553,15.000072947535,""
92135.411055088,14.9999999824332,5.83246696933698E-06,1.23881965196396,7.29058371167123E-06,1.54852456495495,56.5430761877643,15.0001704645668,15.0000693161863,""
92150.8555552959,14.9999999543016,5.83314326968183E-06,1.23890973739413,7.29142908710229E-06,1.54863717174266,56.5430106816509,15.000169820485,15.000068667546,""
92166.3019247055,14.9999999105145,5.83367738013897E-06,1.23899984063633,7.29209672517371E-06,1.54874980079541,56.5429391342448,15.0001691763251,15.0000680188273,""
92181.746424675,14.9999999923048,5.83371074498297E-06,1.23908993702539,7.29213843122872E-06,1.54886242128174,56.5430124300223,15.0001679251202,15.000066768364,""
92197.192794323,15.0000001170889,5.83354389299634E-06,1.23918004594165,7.29192986624542E-06,1.54897505742707,56.5431291520416,15.0001666737637,15.0000655177493,""
92212.6372942925,15.0000000577074,5.83258284203832E-06,1.23927012800205,7.2907285525479E-06,1.54908766000256,56.5431534861186,15.000161442357,15.0000602842452,""
92228.0836639404,14.9999999352553,5.83130395486391E-06,1.23936021458743,7.28912994357989E-06,1.54920026823429,56.5431501509273,15.000156210317,15.0000550501075,""
92243.5281639099,14.9999998955407,5.83027511966011E-06,1.23945026591494,7.28784389957513E-06,1.54931283239367,56.5431159667054,15.0001486708084,15.0000475077031,""
92258.9745335579,14.9999998841628,5.82934616476397E-06,1.23954031839799,7.28668270595496E-06,1.54942539799748,56.5430725431568,15.0001411303871,15.0000399643856,""
92274.4190337658,14.9999998731064,5.82780229415815E-06,1.23963032999097,7.28475286769769E-06,1.54953791248871,56.5430101757658,15.000136909015,15.0000357466312,""
92289.8654031754,14.9999998621584,5.82601202401573E-06,1.23972034047148,7.28251503001966E-06,1.54965042558935,56.5429421320346,15.0001326871321,15.0000315283663,""
92305.3099031448,14.9999998333499,5.82469006978762E-06,1.23981030780159,7.28086258723452E-06,1.54976288475199,56.5429850646523,15.0001331228204,15.000031965894,""
92320.7562727928,14.9999997984131,5.82355541574614E-06,1.23990027310511,7.27944426968268E-06,1.54987534138139,56.5430611769016,15.0001335585615,15.0000324034746,""
92336.2007727623,15.0000000397184,5.8218866015912E-06,1.23999019424238,7.27735825198901E-06,1.54998774280297,56.5430561162106,15.000132009052,15.0000308572685,""
92351.6471421719,15.0000003758189,5.82000353804397E-06,1.24008011293284,7.27500442255497E-06,1.55010014116605,56.5430268072101,15.0001304593549,15.0000293108753,""
92367.0916421413,15.0000003869651,5.81920539466722E-06,1.24016999596974,7.27400674333403E-06,1.55021249496218,56.5429786460288,15.0001249274625,15.0000237800841,""
92382.5380117893,15.0000002865992,5.8188418540921E-06,1.24025987996055,7.27355231761512E-06,1.55032484995069,56.5429248497101,15.0001193949005,15.0000182486234,""
92397.9825117588,15.0000004074134,5.81614531572325E-06,1.24034970901942,7.27018164465406E-06,1.55043713627427,56.5428885813704,15.0001167276965,15.0000155903753,""
92413.4288814068,15.0000006041825,5.81251312998245E-06,1.24043953129223,7.26564141247806E-06,1.55054941411529,56.5428575360328,15.0001140601697,15.0000129318054,""
92428.8733813763,15.0000004944966,5.81100528643599E-06,1.24052929541843,7.26375660804499E-06,1.55066161927304,56.5428441018435,15.0001116474931,15.0000105193265,""
92444.3197510242,15.0000002795348,5.81034904206692E-06,1.24061905145215,7.26293630258365E-06,1.55077381431519,56.5428359154622,15.0001092345245,15.0000081065555,""
92459.7642509937,15.0000001384029,5.80849462578194E-06,1.24070876364637,7.26061828222742E-06,1.55088595455796,56.5429039343732,15.0001128176337,15.0000116999643,""
92475.2106206417,15.0000000226176,5.80615925943594E-06,1.24079847347167,7.25769907429493E-06,1.55099809183959,56.542994665382,15.0001164011767,15.0000152938081,""
92490.6551206112,15.0000000233143,5.80470692780904E-06,1.24088813459514,7.2558836597613E-06,1.55111016824393,56.5431421074639,15.0001249398161,15.0000238359779,""
92506.1014902592,15.0000000640543,5.80360869789082E-06,1.24097779138512,7.25451087236353E-06,1.5512222392314,56.5433064552653,15.0001334794892,15.0000323791819,""
92521.5459902287,15.0000000435823,5.80092055784203E-06,1.24106738855734,7.25115069730254E-06,1.55133423569668,56.5433384671764,15.0001407897447,15.0000397025122,""
92536.9923598766,15.0000000020547,5.79759372706097E-06,1.24115697699783,7.24699215882622E-06,1.55144622124729,56.5433311154606,15.0001481008851,15.0000470267291,""
92552.4368598461,14.9999999440454,5.79570186639833E-06,1.24124650343488,7.24462733299791E-06,1.55155812929361,56.5433556210482,15.0001496023928,15.0000485316014,""
92567.8832292557,14.9999998803556,5.794385928442E-06,1.24133602016179,7.2429824105525E-06,1.55167002520223,56.5433896012338,15.0001511040822,15.0000500366558,""
92583.3277292252,14.99999999304,5.79356441803359E-06,1.24142550469109,7.24195552254198E-06,1.55178188086386,56.543568546086,15.000148904323,15.000047842339,""
92598.7740988731,15.000000166455,5.79294138754927E-06,1.24151499147006,7.24117673443659E-06,1.55189373933758,56.5437905855662,15.0001467042976,15.0000456477565,""
92614.218599081,15.0000002314996,5.79106010810109E-06,1.24160443425486,7.23882513512636E-06,1.55200554281857,56.5438064409898,15.0001436884011,15.0000426449573,""
92629.6649684906,15.0000002592345,5.78867287013821E-06,1.24169387453585,7.23584108767277E-06,1.55211734316981,56.5437610871198,15.0001406721396,15.0000396417948,""
92645.1094684601,15.0000001783515,5.7873772285721E-06,1.24178326825394,7.23422153571513E-06,1.55222908531743,56.5437324226033,15.0001376377283,15.0000366077788,""
92660.5558381081,15.0000000600335,5.78652019258793E-06,1.24187265842526,7.23315024073491E-06,1.55234082303157,56.5437087049141,15.0001346029497,15.0000335733955,""
92676.0003380775,14.9999996741454,5.7856319057782E-06,1.24196201841233,7.23203988222275E-06,1.55245252301541,56.5437325122041,15.0001364773278,15.0000354595107,""
92691.4467077255,14.9999991959691,5.78473090075536E-06,1.24205138142894,7.23091362594421E-06,1.55256422678617,56.543770413068,15.0001383519328,15.0000373458541,""
92706.891207695,14.9999994530333,5.78294141834664E-06,1.24214070005722,7.2286767729333E-06,1.55267587507153,56.5437314460542,15.0001436991509,15.0000426965989,""
92722.337577343,14.9999999636718,5.78079420554231E-06,1.24223001599106,7.22599275692789E-06,1.55278751998883,56.5436696993719,15.0001490470162,15.0000480479914,""
92737.7820775509,14.9999999040228,5.77966050601694E-06,1.24231928947411,7.22457563252117E-06,1.55289911184264,56.5436615287524,15.0001521914419,15.0000511974254,""
92753.2284469604,14.999999647626,5.77893448737354E-06,1.24240856102664,7.22366810921693E-06,1.5530107012833,56.5436692188714,15.0001553362482,15.0000543472406,""
92768.6729469299,14.9999997332396,5.77974881421737E-06,1.24249782957693,7.22468601777171E-06,1.55312228697116,56.5436265874877,15.0001572141406,15.0000562255209,""
92784.1193163395,14.9999999369058,5.78118339016971E-06,1.24258711207383,7.22647923771214E-06,1.55323389009229,56.5435690611906,15.0001590922603,15.0000581040286,""
92799.563816309,14.9999997577471,5.77687583866562E-06,1.24267632666452,7.22109479833203E-06,1.55334540833065,56.5434443972647,15.0001634659727,15.0000624975869,""
92815.010185957,14.9999994463763,5.77025506834431E-06,1.24276552905685,7.21281883543039E-06,1.55345691132106,56.5432998639486,15.0001678402145,15.000066891677,""
92830.4546859264,14.9999996093939,5.76935225299838E-06,1.24285466318318,7.21169031624797E-06,1.55356832897897,56.5432445507502,15.00017207582,15.0000711226683,""
92845.9010555744,14.999999936308,5.77075286052979E-06,1.24294378494487,7.21344107566224E-06,1.55367973118109,56.5432155894695,15.0001763119383,15.0000753541719,""
92861.3455555439,14.9999999718446,5.77196433567468E-06,1.24303292383559,7.21495541959335E-06,1.55379115479449,56.5431910842216,15.0001796899341,15.0000787293458,""
92876.7919251919,14.9999999066911,5.77309979411397E-06,1.24312208476936,7.21637474264246E-06,1.5539026059617,56.5431678907865,15.0001830683389,15.0000821049284,""
92892.2364251614,14.9999997880078,5.77369219053826E-06,1.24321125152012,7.21711523817282E-06,1.55401406440015,56.5431336370206,15.0001847471066,15.0000837874399,""
92907.6827948093,14.9999996507979,5.77406574927236E-06,1.24330043576216,7.21758218659045E-06,1.5541255447027,56.543096114539,15.0001864260775,15.0000854701551,""
92923.1272947788,14.9999998035475,5.77148191586999E-06,1.24338957175234,7.21435239483748E-06,1.55423696469043,56.543059087735,15.0001868817177,15.0000859346372,""
92938.5736644268,15.0000000566157,5.76770492909442E-06,1.24347870342504,7.20963116136803E-06,1.5543483792813,56.5430222012759,15.0001873374132,15.0000863991754,""
92954.0181643963,14.999999876978,5.76460987411542E-06,1.24356775170764,7.20576234264428E-06,1.55445968963455,56.5430436161439,15.0001878865997,15.0000869544015,""
92969.4645340443,14.9999995475776,5.76178941426033E-06,1.24365678147618,7.20223676782541E-06,1.55457097684522,56.5430822124808,15.0001884358527,15.0000875096949,""
92984.9090340137,14.9999997062901,5.7620486432996E-06,1.24374578596299,7.2025608041245E-06,1.55468223245374,56.5431565926909,15.0001870685377,15.0000861373084,""
93000.3554036617,15.0000000340088,5.76355084092123E-06,1.24383479536965,7.20443855115154E-06,1.55479349421206,56.5432415207869,15.0001857010572,15.0000847647557,""
93015.7999036312,15.0000001392698,5.7630904218913E-06,1.24392379674549,7.20386302736412E-06,1.55490474593186,56.5430476801186,15.0001788973034,15.0000779733547,""
93031.2462730408,15.0000001675013,5.76183755364865E-06,1.24401281000191,7.20229694206081E-06,1.55501601250239,56.5427717847381,15.000172092726,15.0000711811317,""
93046.6907730103,15.00000018776,5.75971831023968E-06,1.24410177153512,7.19964788779959E-06,1.5551272144189,56.5426918651549,15.000162585302,15.0000616754453,""
93062.1371426582,15.0000002052595,5.75724879838013E-06,1.24419072729703,7.19656099797517E-06,1.55523840912129,56.5426695568391,15.000153076727,15.0000521686082,""
93077.5816426277,15.0000000701179,5.75708613895856E-06,1.24427965358955,7.1963576736982E-06,1.55534956698694,56.5425567970622,15.0001475852753,15.0000466755292,""
93093.0280122757,14.9999998820418,5.75785546742073E-06,1.24436858309043,7.19731933427591E-06,1.55546072886304,56.542417442042,15.0001420931589,15.0000411817852,""
93108.4725124836,14.9999999431652,5.75777100520064E-06,1.24445750556554,7.19721375650079E-06,1.55557188195693,56.542453378568,15.0001396283947,15.0000387177418,""
93123.9188818932,15.0000000907203,5.75734145656337E-06,1.24454644031329,7.19667682070422E-06,1.55568305039161,56.5425407915648,15.0001371633322,15.0000362534001,""
93139.3633818626,15.0000000408205,5.75595655111516E-06,1.24463534009215,7.19494568889394E-06,1.55579417511518,56.5424614443368,15.0001350658793,15.0000341618889,""
93154.8097515106,14.9999999224058,5.75418515083573E-06,1.24472424084541,7.19273143854467E-06,1.55590530105676,56.5423331526679,15.0001329681725,15.0000320701244,""
93170.2542514801,14.999999978388,5.75271204090339E-06,1.24481309648337,7.19089005112923E-06,1.55601637060421,56.5422720812769,15.0001337400219,15.0000328432358,""
93185.7006211281,15.0000000949126,5.75135932505405E-06,1.24490194898153,7.18919915631756E-06,1.55612743622691,56.5422307109836,15.0001345119647,15.0000336164407,""
93201.1451210976,15.000000116395,5.74945004622213E-06,1.24499075237817,7.18681255777767E-06,1.55623844047271,56.5423292266916,15.0001363566655,15.0000354662775,""
93216.5914907455,15.0000001048773,5.74731525858581E-06,1.24507955100835,7.18414407323226E-06,1.55634943876044,56.5424687475609,15.0001382015897,15.0000373163382,""
93232.0359909534,15.0000001174064,5.74575512346942E-06,1.24516830082262,7.18219390433678E-06,1.55646037602827,56.542380850835,15.0001363316644,15.0000354513347,""
93247.4823601246,15.0000001382914,5.74442730923911E-06,1.24525704596672,7.18053413654888E-06,1.5565713074584,56.5422263479127,15.0001344615128,15.0000335861056,""
93262.9268600941,15.0000000666104,5.74317326149693E-06,1.24534575231475,7.17896657687116E-06,1.55668219039343,56.5422075446948,15.0001331091142,15.0000322373432,""
93278.3732297421,14.9999999627459,5.74194886755963E-06,1.24543445804018,7.17743608444954E-06,1.55679307255022,56.5422284466911,15.0001317565518,15.0000308884176,""
93293.8177297115,14.999999973765,5.74127513415261E-06,1.24552313461447,7.17659391769076E-06,1.55690391826808,56.5422827267226,15.0001364932359,15.0000356282001,""
93309.2640993595,15.0000000247319,5.74082432080784E-06,1.24561181446464,7.1760304010098E-06,1.55701476808081,56.542346775505,15.0001412304933,15.0000403685564,""
93324.708599329,15.0000000575728,5.73895831426539E-06,1.24570045181113,7.17369789283173E-06,1.55712556476391,56.5424137556365,15.0001420684039,15.000041217272,""
93340.154968977,15.0000000841138,5.73651858851067E-06,1.24578908701404,7.17064823563834E-06,1.55723635876755,56.5424816028254,15.0001429064158,15.0000420660903,""
93355.5994689465,15.0000002416667,5.7355699355521E-06,1.24587768089081,7.16946241944013E-06,1.55734710111351,56.5424584392446,15.0001395546074,15.0000387132724,""
93371.0458385944,15.000000444839,5.73522548305496E-06,1.24596627308931,7.1690318538187E-06,1.55745784136163,56.5424086958637,15.0001362023933,15.0000353600486,""
93386.4903385639,15.0000001778891,5.73326941208597E-06,1.24605482210049,7.16658676510746E-06,1.55756852762561,56.5424833298677,15.0001370879249,15.0000362541175,""
93401.9367082119,14.9999997472163,5.73065955384769E-06,1.2461433686667,7.16332444230961E-06,1.55767921083337,56.5425942700199,15.0001379735637,15.0000371482947,""
93417.3812081814,15.000000080786,5.7283042916715E-06,1.24623185109093,7.16038036458938E-06,1.55778981386366,56.5426608809062,15.000141289759,15.0000404724083,""
93432.8275778294,15.0000006806075,5.72605189525937E-06,1.24632032255476,7.15756486907421E-06,1.55790040319344,56.5427145754698,15.0001446063558,15.0000437969243,""
93448.2720777988,15.0000004887668,5.72494222606375E-06,1.24640875146475,7.15617778257968E-06,1.55801093933094,56.5427147892578,15.0001451711315,15.0000443655591,""
93463.7184474468,15.0000000210264,5.72429603409107E-06,1.24649717815698,7.15537004261384E-06,1.55812147269622,56.5426994184932,15.0001457359755,15.0000449342628,""
93479.1629474163,15.0000000939859,5.72430992958584E-06,1.24658559014311,7.1553874119823E-06,1.55823198767889,56.5426962466338,15.0001461419775,15.0000453426371,""
93494.6093168259,15.0000003554558,5.72459175600551E-06,1.24667401120599,7.15573969500689E-06,1.55834251400748,56.5426966266431,15.0001465480286,15.0000457510608,""
93510.0538167953,15.0000002326038,5.72152030189411E-06,1.24676237596443,7.15190037736763E-06,1.55845296995554,56.5426087617275,15.0001504677577,15.00004968581,""
93525.5001864433,14.9999999756913,5.71708674794888E-06,1.24685073290109,7.1463584349361E-06,1.55856341612636,56.5424952036497,15.0001543879613,15.0000536210354,""
93540.9446864128,14.9999998988781,5.71515940977645E-06,1.24693902045821,7.14394926222056E-06,1.55867377557276,56.5424767647808,15.0001572880018,15.0000565219036,""
93556.3910560608,14.9999998848934,5.71424973824792E-06,1.24702729486341,7.1428121728099E-06,1.55878411857926,56.5424859837006,15.0001601883934,15.000059423123,""
93571.8355560303,14.9999997923759,5.71578338717278E-06,1.24711557634166,7.14472923396597E-06,1.55889447042708,56.5424734403554,15.000161381576,15.000060613176,""
93587.2819256783,14.9999996724295,5.71831009831346E-06,1.24720387572365,7.14788762289183E-06,1.55900484465456,56.5424545709717,15.0001625749031,15.0000618033731,""
93602.7264258862,14.999999778882,5.7185327535262E-06,1.24729218432543,7.14816594190775E-06,1.55911523040679,56.542506018994,15.0001604899333,15.0000597216053,""
93618.1727952957,14.9999999644167,5.71781889975597E-06,1.24738051170745,7.14727362469497E-06,1.55922563963431,56.5425778949996,15.0001584047112,15.0000576395855,""
93633.6172952652,14.9999998588066,5.71598328469076E-06,1.2474687953957,7.14497910586344E-06,1.55933599424463,56.5425569000424,15.0001530160796,15.0000522558403,""
93649.0636649132,14.9999996514592,5.71369122389404E-06,1.24755707634973,7.14211402986755E-06,1.55944634543716,56.5425089510937,15.0001476267955,15.0000468714432,""
93664.5081648827,14.9999997054033,5.71064027046253E-06,1.24764528456523,7.13830033807817E-06,1.55955660570654,56.5423387222845,15.0001448853477,15.0000441431256,""
93679.9545345306,14.9999998506859,5.70728010487645E-06,1.24773347821497,7.13410013109556E-06,1.55966684776871,56.5421330064948,15.000142143568,15.0000414144778,""
93695.3990345001,14.999999833171,5.70563014157704E-06,1.2478216138277,7.1320376769713E-06,1.55977701728463,56.5420886057685,15.0001428389196,15.0000421076015,""
93710.8454039097,14.9999997587256,5.70467579907101E-06,1.24790974083419,7.13084474883877E-06,1.55988717604274,56.54209094598,15.0001435343553,15.0000428008092,""
93726.2899038792,14.9999996916935,5.70442606237509E-06,1.24799784710631,7.13053257796886E-06,1.55999730888289,56.5420584385792,15.0001486064566,15.0000478781935,""
93741.7362735271,14.999999627244,5.704463097797E-06,1.24808595994544,7.13057887224625E-06,1.56010744993179,56.5420158345471,15.000153679172,15.0000529561924,""
93757.1807734966,14.9999997461879,5.70295480134738E-06,1.2481740390629,7.12869350168423E-06,1.56021754882862,56.5419505054103,15.0001607170233,15.0000599993095,""
93772.6271431446,14.9999999293368,5.70081698598278E-06,1.24826211945337,7.12602123247847E-06,1.56032764931671,56.541878589664,15.0001677557267,15.0000670432792,""
93788.0716431141,14.999999922584,5.69996616978093E-06,1.24835016213681,7.12495771222617E-06,1.56043770267102,56.5419286424395,15.0001775511622,15.0000768416517,""
93803.5180127621,14.9999998493376,5.69963946358471E-06,1.24843820446029,7.12454932948089E-06,1.56054775557536,56.5420139749225,15.0001873477836,15.0000866412103,""
93818.9625127316,14.9999999614604,5.69788969650069E-06,1.24852620697586,7.12236212062587E-06,1.56065775871982,56.5420413701066,15.0001908093404,15.0000901117057,""
93834.4088823795,15.0000001385351,5.69555974570933E-06,1.24861420826461,7.11944968213666E-06,1.56076776033076,56.5420520264191,15.0001942713164,15.0000935826213,""
93849.853382349,14.9999999417873,5.69579667781461E-06,1.2487021874182,7.11974584726827E-06,1.56087773427275,56.5419683431702,15.0001910909209,15.000090397865,""
93865.299751997,14.9999996140027,5.69708000609383E-06,1.24879017254082,7.12135000761728E-06,1.56098771567602,56.5418574028953,15.0001879101404,15.0000872127231,""
93880.7442519665,14.9999996906041,5.69576970824282E-06,1.2488781351123,7.11971213530352E-06,1.56109766889037,56.541893259829,15.0001859383836,15.0000852485453,""
93896.1906216145,14.9999999089954,5.69340155360531E-06,1.24896610347869,7.11675194200663E-06,1.56120762934836,56.541971485862,15.0001839663882,15.0000832841297,""
93911.6351215839,15.0000000582944,5.69201851984162E-06,1.24905402445432,7.11502314980202E-06,1.5613175305679,56.5418995666896,15.0001767981225,15.000076117393,""
93927.0814909935,15.0000001833837,5.69103710761485E-06,1.24914194108194,7.11379638451856E-06,1.56142742635243,56.5417843367896,15.0001696289891,15.0000689497889,""
93942.5259912014,15.0000001258894,5.68890317319349E-06,1.24922980773806,7.11112896649186E-06,1.56153725967258,56.5417315367675,15.0001566473137,15.0000559776559,""
93957.972360611,15.0000000043163,5.68629856309804E-06,1.24931766897599,7.10787320387255E-06,1.56164708621998,56.5416967197667,15.0001436640673,15.0000430039529,""
93973.4168605804,15.0000001545067,5.68378268561967E-06,1.24940546381564,7.10472835702459E-06,1.56175682976956,56.5417318654997,15.000134075513,15.000033421753,""
93988.8632302284,15.000000400126,5.68130260143453E-06,1.24949324651674,7.10162825179316E-06,1.56186655814592,56.5417871647578,15.0001244857979,15.000023838393,""
94004.3077301979,15.000000190875,5.68043449954528E-06,1.24958098909305,7.1005431244316E-06,1.56197623636632,56.5417987320618,15.0001234828514,15.0000228394667,""
94019.7540998459,14.9999998218353,5.68022452239436E-06,1.24966873024346,7.10028065299295E-06,1.56208591280432,56.5417977159114,15.0001224797834,15.0000218404195,""
94035.1985998154,14.9999999594684,5.67951551946692E-06,1.24975644846029,7.09939439933364E-06,1.56219556057536,56.5417839508141,15.0001264045265,15.0000257681846,""
94050.6449694633,15.0000002751493,5.67860253990052E-06,1.2498441722655,7.09825317487564E-06,1.56230521533188,56.5417665172162,15.0001303297447,15.0000296964251,""
94066.0894696712,15.0000001064302,5.67975577213961E-06,1.24993189734732,7.09969471517451E-06,1.56241487168415,56.5418326915971,15.0001378214836,15.0000371850144,""
94081.5358390808,14.9999997674101,5.68175356391054E-06,1.25001963790719,7.10219195488818E-06,1.56252454738399,56.5419229035795,15.0001453141293,15.00004467451,""
94096.9803390503,14.9999998084032,5.68111049670354E-06,1.25010737086314,7.10138812087943E-06,1.56263421357893,56.5420740995473,15.0001549909547,15.0000543586163,""
94112.4267086983,14.9999999830411,5.67938774220889E-06,1.25019511567259,7.09923467776111E-06,1.56274389459074,56.542242832441,15.0001646689515,15.000064043895,""
94127.8712086678,15.0000001362593,5.67806373780023E-06,1.25028281824905,7.09757967225029E-06,1.56285352281132,56.5423790599239,15.0001663998125,15.0000657743225,""
94143.3175783157,15.0000002819666,5.67690257370097E-06,1.2503705185135,7.09612821712621E-06,1.56296314814187,56.5425059802534,15.0001681308831,15.0000675049594,""
94158.7620782852,15.0000002874085,5.67488485078566E-06,1.25045816947626,7.09360606348208E-06,1.56307271184533,56.5424316955492,15.0001622719509,15.0000616537118,""
94174.2084476948,15.0000002434816,5.67251637535867E-06,1.25054581522054,7.09064546919833E-06,1.56318226902568,56.5422996979487,15.0001564123095,15.0000558017559,""
94189.6529476643,15.0000001106033,5.67095925305585E-06,1.2506334109716,7.08869906631981E-06,1.5632917637145,56.5422064248222,15.0001527365182,15.0000521261261,""
94205.0993173122,14.9999999463813,5.66973389829789E-06,1.25072100120693,7.08716737287236E-06,1.56340125150866,56.5421242347658,15.0001490602819,15.0000484500513,""
94220.5438172817,14.9999999242048,5.66786134576613E-06,1.25080854398601,7.08482668220766E-06,1.56351067998251,56.5421629945755,15.0001510444171,15.0000504407682,""
94235.9901869297,14.9999999520642,5.66572352442388E-06,1.25089608227372,7.08215440552985E-06,1.56362010284215,56.5422363978048,15.0001530287926,15.000052431726,""
94251.4346868992,15.0000000138095,5.66501313172272E-06,1.25098358516145,7.0812664146534E-06,1.56372948145182,56.5422907249321,15.0001568291754,15.0000562336562,""
94266.8810565472,15.0000000875072,5.66488718496819E-06,1.251071088483,7.08110898121024E-06,1.56383886060375,56.5423396013626,15.0001606300182,15.0000600360466,""
94282.3255565166,15.0000000311907,5.66435900254377E-06,1.25115857223999,7.08044875317972E-06,1.56394821529999,56.5423135594126,15.0001600941466,15.000059502505,""
94297.7719261646,14.9999999290239,5.66366594608313E-06,1.25124606291122,7.07958243260391E-06,1.56405757863902,56.5422660884371,15.0001595582102,15.0000589688988,""
94313.2164261341,15.0000001310979,5.66233424487142E-06,1.25133351794201,7.07791780608928E-06,1.56416689742751,56.5422169561884,15.0001550249737,15.0000544435432,""
94328.6627957821,15.0000004405219,5.66074058985067E-06,1.25142097329269,7.07592573731334E-06,1.56427621661586,56.5421673415378,15.0001504911885,15.0000499176397,""
94344.1072957516,15.0000004927126,5.65828238385688E-06,1.25150836978818,7.0728529798211E-06,1.56438546223522,56.5421878425741,15.0001396548766,15.0000390889278,""
94359.5536653996,15.0000004541369,5.65546932610038E-06,1.25159575707277,7.06933665762547E-06,1.56449469634096,56.5422283702465,15.0001288172528,15.0000282589049,""
94374.998165369,15.0000004806472,5.65464388344309E-06,1.25168310285538,7.06830485430386E-06,1.56460387856923,56.54216211045,15.0001213179112,15.0000207605029,""
94390.4445347786,15.00000053014,5.65463343376701E-06,1.25177044652673,7.06829179220876E-06,1.56471305815842,56.5420653656342,15.0001138176618,15.0000132611932,""
94405.8890347481,15.0000002491778,5.65374664928555E-06,1.25185776586231,7.06718331160693E-06,1.56482220732789,56.5421119514507,15.0001111876523,15.00001063558,""
94421.3354043961,14.9999998514543,5.65250019523403E-06,1.25194509012087,7.06562524404254E-06,1.56493136265109,56.5421994191524,15.0001085573245,15.0000080096489,""
94436.779904604,14.9999998819413,5.65104229716898E-06,1.25203237324465,7.06380287146122E-06,1.56504046655581,56.5423515667473,15.000113613078,15.0000130691835,""
94452.2262740135,15.000000063741,5.64949737411387E-06,1.25211965438625,7.06187171764233E-06,1.56514956798281,56.5425221703095,15.0001186694434,15.0000181293304,""
94467.670773983,15.0000000615376,5.64792155628327E-06,1.25220689065339,7.05990194535408E-06,1.56525861331674,56.542415258023,15.0001274701701,15.0000269369686,""
94483.117143631,14.9999999942883,5.64633278573834E-06,1.25229412339331,7.05791598217292E-06,1.56536765424164,56.5422292988343,15.0001362719622,15.0000357456731,""
94498.5616436005,14.9999997953907,5.64490879617441E-06,1.25238131332902,7.05613599521801E-06,1.56547664166128,56.5421747560676,15.000143765052,15.0000432408805,""
94514.0080132484,14.9999995499023,5.64355223715064E-06,1.25246850057538,7.05444029643829E-06,1.56558562571923,56.5421576030047,15.0001512590489,15.0000507369954,""
94529.4525132179,14.9999998202507,5.64198421008006E-06,1.25255564429947,7.05248026260007E-06,1.56569455537434,56.5421242074432,15.0001544622221,15.0000539508005,""
94544.8988828659,15.0000002731508,5.64032903681699E-06,1.25264278502662,7.05041129602124E-06,1.56580348128327,56.54208618768,15.0001576657831,15.0000571649946,""
94560.3433830738,15.0000000987801,5.63868565368184E-06,1.25272987915235,7.0483570671023E-06,1.56591234894044,56.5420623117067,15.000156138252,15.0000556397538,""
94575.7897524834,14.999999702351,5.63704683541083E-06,1.25281696899915,7.04630854426354E-06,1.56602121124894,56.5420424513812,15.000154610536,15.0000541143284,""
94591.2342524529,14.9999996422752,5.63628165004164E-06,1.2529040259245,7.04535206255205E-06,1.56613003240562,56.541995169238,15.0001584249319,15.0000579320232,""
94606.6806221008,14.9999997012972,5.63587550715661E-06,1.25299108418618,7.04484438394576E-06,1.56623885523272,56.5419400925324,15.0001622397895,15.0000617501801,""
94622.1251220703,14.9999998816173,5.63565165623158E-06,1.25307812583579,7.04456457028948E-06,1.56634765729473,56.5418689890716,15.0001663508642,15.0000658640946,""
94637.5714914799,15.0000001049389,5.63550273859615E-06,1.25316517552266,7.04437842324519E-06,1.56645646940332,56.541793326502,15.0001704624365,15.0000699785071,""
94653.0159914494,15.0000000851384,5.63352163115557E-06,1.25325218311481,7.04190203894446E-06,1.56656522889352,56.5418135043448,15.000170635146,15.0000701602201,""
94668.4623610973,14.999999979167,5.63078639017616E-06,1.25333918825431,7.0384829877202E-06,1.56667398531789,56.5418608637219,15.0001708078764,15.0000703419551,""
94683.9068610668,14.9999998733731,5.62928767852645E-06,1.25342614210337,7.03660959815806E-06,1.56678267762921,56.5419222161594,15.0001692521092,15.0000687871871,""
94699.3532307148,14.9999997676249,5.62829762098166E-06,1.25351308970191,7.03537202622707E-06,1.56689136212739,56.5419875434869,15.0001676961536,15.0000672322309,""
94714.7977306843,14.9999999560109,5.62756324870435E-06,1.25360000906099,7.03445406088044E-06,1.56700001132624,56.5419797015078,15.0001620061276,15.0000615455829,""
94730.2441003323,15.0000002487655,5.62693401890962E-06,1.25368693164802,7.03366752363703E-06,1.56710866456002,56.5419511381546,15.0001563154128,15.0000558582465,""
94745.6886003017,15.0000001487245,5.62536443066375E-06,1.25377381542154,7.03170553832969E-06,1.56721726927693,56.5419378534617,15.0001522290319,15.0000517819546,""
94761.1349699497,14.9999999092711,5.62340728271997E-06,1.25386069805938,7.02925910339997E-06,1.56732587257422,56.5419288902865,15.0001481421564,15.0000477051693,""
94776.5794699192,14.999999973466,5.62251084861547E-06,1.25394754374715,7.02813856076934E-06,1.56743442968394,56.5418012954035,15.0001473661695,15.000046930401,""
94792.0258395672,15.0000001454774,5.62205127645138E-06,1.25403438905633,7.02756409556422E-06,1.56754298632041,56.5416401337418,15.0001465900887,15.0000461555389,""
94807.4703395367,15.0000001754517,5.62030353915765E-06,1.25412119390327,7.02537942394706E-06,1.56765149237909,56.5415955450344,15.0001432768085,15.0000428496302,""
94822.9167091846,15.000000154981,5.61802458976849E-06,1.25420799691324,7.02253073721061E-06,1.56775999614155,56.5415838909738,15.0001399631272,15.0000395433213,""
94838.3612091541,15.0000000760014,5.61641719866953E-06,1.25429474994202,7.02052149833691E-06,1.56786843742752,56.5414932896207,15.0001380978761,15.0000376849161,""
94853.8075785637,14.9999999762182,5.61508641149368E-06,1.25438149719466,7.0188580143671E-06,1.56797687149333,56.5413803807373,15.0001362323992,15.0000358262859,""
94869.2520785332,15.0000000266455,5.61357366542473E-06,1.25446820203281,7.01696708178092E-06,1.56808525254101,56.5413331697735,15.0001350220943,15.000034620627,""
94884.6984481812,15.0000001304802,5.61198561376846E-06,1.25455490420241,7.01498201721057E-06,1.56819363025301,56.5413044904603,15.0001338116428,15.0000334148221,""
94900.1429481506,15.000000154534,5.60977819291819E-06,1.25464155158245,7.01222274114774E-06,1.56830193947806,56.5412173628394,15.0001311247218,15.0000307369454,""
94915.5893177986,15.0000001502176,5.60731485216257E-06,1.25472819117424,7.00914356520321E-06,1.5684102389678,56.5411137400821,15.0001284374754,15.0000280587445,""
94931.0338180065,15.0000001734404,5.60705033856489E-06,1.25481480037969,7.00881292320611E-06,1.56851850047461,56.5411564433066,15.0001288765617,15.0000284992091,""
94946.4801874161,15.0000002064655,5.60769330390913E-06,1.25490141185262,7.00961662988641E-06,1.56862676481578,56.5412403859536,15.0001293157011,15.0000289397271,""
94961.9246873856,15.0000000775393,5.60798310539208E-06,1.25498802144587,7.0099788817401E-06,1.56873502680734,56.5411346860364,15.0001329614866,15.0000325831704,""
94977.3710570335,14.9999998909444,5.60812714316211E-06,1.25507464507619,7.01015892895264E-06,1.56884330634524,56.5409755685721,15.0001366077135,15.0000362270548,""
94992.815557003,14.9999997550293,5.60684435836599E-06,1.2551612393315,7.00855544795748E-06,1.56895154916438,56.5409061340125,15.0001423350938,15.0000419626701,""
95008.261926651,14.9999996371395,5.60497204327607E-06,1.25524783626685,7.00621505409509E-06,1.56905979533357,56.5408619245191,15.0001480631674,15.0000476989797,""
95023.7064266205,14.9999998422001,5.60317682893854E-06,1.25533438298362,7.00397103617318E-06,1.56916797872952,56.5409243537913,15.0001518160112,15.0000514574408,""
95039.1527962685,15.00000016235,5.60141316315369E-06,1.25542092375761,7.00176645394211E-06,1.56927615469701,56.5410167785926,15.0001555693093,15.0000552163569,""
95054.5972964764,15.0000002703192,5.59836844984799E-06,1.25550739572217,6.99796056230999E-06,1.56938424465272,56.5409873474416,15.0001539457136,15.0000536027715,""
95070.0436656475,15.0000003026813,5.59479373890582E-06,1.25559385403692,6.99349217363227E-06,1.56949231754615,56.5409236711566,15.0001523219215,15.0000519889908,""
95085.488165617,15.0000002949402,5.59369931677066E-06,1.25568026207515,6.99212414596333E-06,1.56960032759394,56.5410120875154,15.0001493485162,15.0000490147282,""
95100.934535265,15.0000002728982,5.59363021211887E-06,1.2557666641102,6.99203776514858E-06,1.56970833013775,56.5411432242271,15.0001463747509,15.0000460401055,""
95116.3790352345,15.0000003216337,5.59207561710177E-06,1.25585303123186,6.99009452137721E-06,1.56981628903983,56.5411494502688,15.0001442180135,15.0000438966479,""
95131.8254048824,15.0000003956255,5.58990634528112E-06,1.25593939869294,6.9873829316014E-06,1.56992424836618,56.5411206279587,15.000142061015,15.0000417529308,""
95147.2699048519,15.0000002239852,5.58955878446642E-06,1.25602573643881,6.98694848058303E-06,1.57003217054852,56.5412279883274,15.0001414177494,15.0000411068709,""
95162.7162744999,14.9999999646557,5.58996490495041E-06,1.25611207666626,6.98745613118801E-06,1.57014009583282,56.541373550496,15.000140774406,15.0000404607328,""
95178.1607744694,14.9999998581974,5.58995539087762E-06,1.25619840889583,6.98744423859702E-06,1.57024801111979,56.5414240422145,15.0001464067546,15.000046099583,""
95193.6071441174,14.9999998063018,5.58977384378143E-06,1.25628475259204,6.98721730472679E-06,1.57035594074005,56.5414479031931,15.0001520397851,15.0000517391159,""
95209.0516440868,14.9999999316255,5.58653593239731E-06,1.25637103466229,6.98316991549663E-06,1.57046379332786,56.5414976073261,15.0001572583701,15.0000569682973,""
95224.4980137348,15.0000001202702,5.58203198848877E-06,1.2564573059864,6.97753998561096E-06,1.570571632483,56.5415545552385,15.0001624775869,15.0000621981117,""
95239.9425137043,15.0000000275511,5.58140275146281E-06,1.25654352833486,6.97675343932851E-06,1.57067941041858,56.541579260195,15.0001665885488,15.0000663091749,""
95255.3888833523,14.9999998342738,5.58237828440959E-06,1.25662974515913,6.97797285551199E-06,1.57078718144892,56.5415949473524,15.0001707000084,15.0000704207358,""
95270.8333833218,14.9999997844864,5.58157300898239E-06,1.25671594534791,6.97696626122799E-06,1.57089493168489,56.5416088895573,15.0001761626614,15.0000758867166,""
95286.2797529697,14.9999997859877,5.58002973606539E-06,1.25680215340287,6.97503717008174E-06,1.57100269175359,56.5416223460275,15.0001816259757,15.0000813533591,""
95301.7242529392,14.9999997698408,5.58071747058048E-06,1.2568883517796,6.97589683822559E-06,1.5711104397245,56.5414556613843,15.0001848499727,15.0000845783248,""
95317.1706223488,14.9999997473792,5.582330044447E-06,1.25697456090366,6.97791255555875E-06,1.57121820112957,56.5412386185888,15.0001880743599,15.0000878036809,""
95332.6151223183,14.9999999603264,5.58076766900246E-06,1.25706074576703,6.97595958625307E-06,1.57132593220879,56.5412560438657,15.0001864324187,15.0000861664248,""
95348.0614919662,15.0000002575385,5.57788858851076E-06,1.25714693532996,6.97236073563845E-06,1.57143366916245,56.5413389369602,15.0001847902788,15.0000845289705,""
95363.5059919357,15.0000003141786,5.57581433185026E-06,1.25723306402842,6.96976791481282E-06,1.57154133003553,56.5412763230945,15.0001787970562,15.000078539812,""
95378.9523615837,15.0000002847134,5.57407354401417E-06,1.25731918223286,6.96759193001771E-06,1.57164897779108,56.5411731017974,15.0001728031081,15.0000725499285,""
95394.3968617916,15.0000000633639,5.57384530655765E-06,1.25740527537227,6.96730663319706E-06,1.57175659421534,56.5411053283019,15.0001641944926,15.0000639402016,""
95409.8432312012,14.999999773262,5.57424462583558E-06,1.25749137285506,6.96780578229447E-06,1.57186421606882,56.5410474275506,15.0001555848351,15.0000553294327,""
95425.2877311707,14.9999998103396,5.5738493733519E-06,1.25757745636181,6.96731171668987E-06,1.57197182045226,56.5411489603624,15.0001501701191,15.0000499174772,""
95440.7341008186,14.9999999646407,5.57312424854857E-06,1.25766354881353,6.96640531068571E-06,1.57207943601691,56.5412949291501,15.0001447547476,15.0000445048666,""
95456.1786007881,14.99999990176,5.57182682654417E-06,1.25774960617687,6.96478353318021E-06,1.57218700772108,56.5412398532878,15.0001447092436,15.00004446244,""
95471.6249704361,14.9999997610267,5.57029155375199E-06,1.25783566371449,6.96286444218998E-06,1.57229457964311,56.5411287950364,15.0001446637342,15.0000444200082,""
95487.0694704056,14.999999771866,5.56884530207368E-06,1.25792167870251,6.96105662759209E-06,1.57240209837814,56.5410864434646,15.000146611216,15.000046369763,""
95502.5158400536,14.999999837057,5.5674357788759E-06,1.25800769075482,6.95929472359487E-06,1.57250961344352,56.5410632007246,15.0001485589337,15.0000483197537,""
95517.9603402615,14.9999998537565,5.56680375816961E-06,1.25809367364636,6.95850469771202E-06,1.57261709205795,56.5411091302848,15.0001503087787,15.0000500709549,""
95533.4067094326,14.9999998530635,5.5664946907479E-06,1.25817965915066,6.95811836343488E-06,1.57272457393833,56.541174298199,15.0001520588354,15.000051822368,""
95548.8512094021,14.9999999507209,5.56528691090494E-06,1.25826561362402,6.95660863863117E-06,1.57283201703002,56.5412542000335,15.0001509578386,15.0000507278828,""
95564.2975790501,15.0000000836905,5.56370536650473E-06,1.25835156992858,6.95463170813091E-06,1.57293946241072,56.5413382076328,15.0001498567085,15.000049633265,""
95579.7420790195,15.0000000236644,5.56184591816118E-06,1.2584374770291,6.95230739770148E-06,1.57304684628638,56.5414511363729,15.0001478013648,15.0000475843871,""
95595.1884486675,14.9999998943358,5.55987059718005E-06,1.25852337839432,6.94983824647506E-06,1.5731542229929,56.541572111789,15.0001457457724,15.0000455352611,""
95610.632948637,14.9999998288858,5.55852271767687E-06,1.25860923595893,6.94815339709608E-06,1.57326154494866,56.5415514344397,15.0001466438178,15.0000464335905,""
95626.079318285,14.9999997863696,5.55743559271373E-06,1.25869509002161,6.94679449089216E-06,1.57336886252701,56.5414914556394,15.000147541972,15.0000473320286,""
95641.5238182545,14.9999999145908,5.55563423900102E-06,1.25878089894561,6.94454279875127E-06,1.57347612368202,56.5413584863766,15.000148871851,15.0000486689714,""
95656.9701879025,15.0000001041869,5.55353538674079E-06,1.25886670379769,6.94191923342599E-06,1.57358337974711,56.541205261469,15.0001502018909,15.0000500060761,""
95672.4146878719,14.9999999795161,5.55232265324434E-06,1.25895246617085,6.94040331655542E-06,1.57369058271356,56.5411711949977,15.0001498780681,15.0000496850026,""
95687.8610575199,14.9999997418457,5.55147855486652E-06,1.25903822556611,6.93934819358315E-06,1.57379778195764,56.5411701339262,15.000149554206,15.0000493638903,""
95703.3055574894,14.9999998728042,5.55272415858705E-06,1.25912398844889,6.94090519823381E-06,1.57390498556111,56.5411199791881,15.0001512916805,15.0000510941163,""
95718.7519271374,15.0000001363635,5.55484011198635E-06,1.25920976748922,6.94355013998294E-06,1.57401220936153,56.5410562258855,15.0001530293654,15.0000528245517,""
95734.1964271069,15.0000000524458,5.5550841852872E-06,1.25929555337677,6.943855231609E-06,1.57411944172097,56.5411102039259,15.0001566586486,15.0000564572154,""
95749.6427967548,14.9999998434888,5.55454858890065E-06,1.2593813568273,6.94318573612582E-06,1.57422669603412,56.5411967591533,15.0001602883711,15.0000600903189,""
95765.0872967243,14.9999999019328,5.55368936040302E-06,1.25946713321437,6.94211170050377E-06,1.57433391651797,56.5412045425587,15.0001618813537,15.0000616851006,""
95780.5336661339,15.0000000566411,5.55269513155124E-06,1.25955291303389,6.94086891443904E-06,1.57444114129237,56.5411905515042,15.000163474529,15.0000632800754,""
95795.9781661034,15.0000002463774,5.55016316202717E-06,1.25963863704277,6.93770395253396E-06,1.57454829630346,56.5412315860044,15.0001653668364,15.0000651768262,""
95811.4245357513,15.0000004487592,5.54698977703124E-06,1.25972435249065,6.93373722128904E-06,1.57465544061332,56.541287827245,15.0001672593728,15.0000670738067,""
95826.8690357208,15.0000004144253,5.54463008799878E-06,1.25981000095015,6.93078760999847E-06,1.57476250118768,56.5412537304794,15.0001688821949,15.0000687025798,""
95842.3154053688,15.0000002948034,5.5426092891556E-06,1.25989563616867,6.92826161144449E-06,1.57486954521083,56.5411946910541,15.0001705052134,15.00007033155,""
95857.7599053383,15.0000000124322,5.54201733096986E-06,1.25998123904158,6.92752166371232E-06,1.57497654880198,56.5412346670077,15.0001709284741,15.00007075473,""
95873.2062749863,14.9999996713549,5.54202127922966E-06,1.26006684310783,6.92752659903707E-06,1.57508355388478,56.5413019623626,15.000171351786,15.0000711779613,""
95888.6507751942,14.9999999376132,5.54123594076373E-06,1.26015242470833,6.92654492595466E-06,1.57519053088542,56.5413274704826,15.000170754839,15.0000705856752,""
95904.0971446037,15.0000004229101,5.54012111878306E-06,1.2602380116147,6.92515139847883E-06,1.57529751451838,56.5413414638343,15.0001701578197,15.0000699933175,""
95919.5416445732,15.0000005369333,5.53975483343778E-06,1.26032357542843,6.92469354179723E-06,1.57540446928553,56.5413675107855,15.0001679112266,15.0000677450783,""
95934.9880142212,15.0000005170429,5.53970094016348E-06,1.26040914428414,6.92462617520435E-06,1.57551143035517,56.5413968819749,15.0001656643616,15.000065496567,""
95950.4325141907,15.0000002127997,5.53933266927661E-06,1.26049469675203,6.92416583659576E-06,1.57561837094004,56.5415560169435,15.0001609622067,15.0000607973216,""
95965.8788838387,14.9999998058854,5.53883306114185E-06,1.26058025705836,6.92354132642731E-06,1.57572532132295,56.5417508949274,15.0001562594826,15.0000560975072,""
95981.3233838081,14.9999999761888,5.53685578345635E-06,1.26066577329804,6.92106972932044E-06,1.57583221662255,56.5418838887332,15.0001568812034,15.0000567235415,""
95996.7697532177,15.0000003549231,5.53426092146285E-06,1.26075128580586,6.91782615182857E-06,1.57593910725733,56.5419998811654,15.0001575029995,15.0000573496515,""
96012.2142531872,15.00000026467,5.53187119085772E-06,1.2608367345986,6.91483898857215E-06,1.57604591824825,56.5419935824173,15.0001577164297,15.0000575690049,""
96027.6606228352,15.0000000050027,5.52956676676625E-06,1.26092217143337,6.91195845845782E-06,1.57615271429171,56.5419536692678,15.0001579298857,15.0000577883848,""
96043.1051228046,15.000000126272,5.52891857922934E-06,1.26100757330763,6.91114822403667E-06,1.57625946663453,56.5419591976498,15.000155901281,15.0000557608456,""
96058.5514924526,15.0000003852154,5.52896260298681E-06,1.26109297522825,6.91120325373352E-06,1.57636621903532,56.5419772081813,15.0001538724308,15.0000537330609,""
96073.9959924221,15.0000002210758,5.52706261327981E-06,1.26117833774327,6.90882826659976E-06,1.57647292217909,56.5420154905428,15.0001532587394,15.0000531292478,""
96089.4423620701,14.9999999039597,5.52434939523415E-06,1.26126369843552,6.90543674404269E-06,1.5765796230444,56.54205934283,15.0001526449738,15.0000525253616,""
96104.8868620396,14.999999894305,5.52289996631019E-06,1.26134900922155,6.90362495788774E-06,1.57668626152694,56.5420400870432,15.0001578534812,15.0000577358344,""
96120.3332316875,14.9999999958473,5.52197893638343E-06,1.26143431377921,6.90247367047929E-06,1.57679289222401,56.5420035193885,15.0001630626192,15.000062946938,""
96135.777731657,15.0000002224537,5.52082206341221E-06,1.26151958431038,6.90102757926526E-06,1.57689948038797,56.5420755120721,15.0001639460847,15.0000638342055,""
96151.224101305,15.0000004943483,5.51956630300953E-06,1.26160485524533,6.89945787876191E-06,1.57700606905667,56.542177269793,15.0001648296573,15.0000647215805,""
96166.6686012745,15.0000004103922,5.51911578669387E-06,1.26169010095161,6.89889473336734E-06,1.57711262618951,56.5423548601655,15.0001618314801,15.0000617274072,""
96182.1149709225,15.0000001976124,5.51900226688916E-06,1.26177535073666,6.89875283361144E-06,1.57721918842083,56.54255324704,15.0001588329399,15.0000587328715,""
96197.559470892,15.0000001651084,5.51691442352194E-06,1.26186055723569,6.89614302940242E-06,1.57732569654461,56.5425132495355,15.0001568773474,15.0000567851839,""
96213.0058403015,15.0000001978826,5.51399948212896E-06,1.26194576024182,6.8924993526612E-06,1.57743220030227,56.5424080037597,15.0001549215181,15.0000548372606,""
96228.450340271,15.0000000474091,5.51232474927675E-06,1.26203090863068,6.89040593659594E-06,1.57753863578835,56.5423440313609,15.0001585179843,15.0000584360679,""
96243.896709919,14.9999998305225,5.51116924351712E-06,1.262116048766,6.8889615543964E-06,1.57764506095749,56.5422913368798,15.0001621148859,15.0000620353108,""
96259.3412101269,14.9999998122028,5.51085300914346E-06,1.26220116640631,6.88856626142932E-06,1.57775145800789,56.5423475866425,15.0001677572391,15.0000676814277,""
96274.7875795364,14.9999998658489,5.51088840907066E-06,1.26228628923915,6.88861051133833E-06,1.57785786154894,56.5424336186496,15.0001734002752,15.000073328228,""
96290.2320795059,14.9999999878506,5.50972281600447E-06,1.26237138398977,6.88715352000559E-06,1.57796422998721,56.5423604113211,15.0001750497815,15.0000749829869,""
96305.6784491539,15.0000001346579,5.50805358107112E-06,1.26245648158771,6.8850669763389E-06,1.57807060198464,56.5422437051413,15.0001766994875,15.000076637946,""
96321.1229491234,14.9999999203888,5.50757184741497E-06,1.26254155089749,6.88446480926871E-06,1.57817693862186,56.5422246440822,15.0001743478047,15.0000742866155,""
96336.5693187714,14.999999575103,5.50758799210048E-06,1.2626266229618,6.8844849901256E-06,1.57828327870225,56.5422322273871,15.0001719958373,15.0000719350004,""
96352.0138187408,14.9999996567976,5.50707991737475E-06,1.26271167698296,6.88384989671844E-06,1.5783895962287,56.5421222445102,15.0001702571302,15.0000701987733,""
96367.4601883888,14.9999998934602,5.50635185436388E-06,1.26279673805098,6.88293981795485E-06,1.57849592256373,56.5419801839971,15.0001685182127,15.0000684623361,""
96382.9046885967,14.9999998471339,5.50469710963578E-06,1.26288175866819,6.88087138704472E-06,1.57860219833524,56.5419074396575,15.0001669580972,15.0000669087215,""
96398.3510580063,14.9999996980569,5.5026532169787E-06,1.26296677691927,6.87831652122338E-06,1.57870847114909,56.541853573278,15.0001653977928,15.0000653549188,""
96413.7955579758,14.9999997472473,5.50124978191648E-06,1.26305175030315,6.8765622273956E-06,1.57881468787893,56.5418381451769,15.0001678823209,15.0000678405984,""
96429.2419276237,14.9999998684602,5.5001149554701E-06,1.26313671945704,6.87514369433763E-06,1.5789208993213,56.5418331818779,15.0001703671498,15.000070326579,""
96444.6864275932,14.9999998795416,5.49867488506199E-06,1.2632216489227,6.87334360632749E-06,1.57902706115337,56.5418288021981,15.0001721083281,15.0000720727145,""
96460.1327970028,14.9999998506059,5.4971063874936E-06,1.26330657631974,6.871382984367E-06,1.57913322039968,56.5418245806556,15.0001738497171,15.0000738190613,""
96475.5772969723,14.9999999922427,5.49625744863511E-06,1.26339147043291,6.87032181079388E-06,1.57923933804113,56.5418071619875,15.0001714207322,15.0000713914322,""
96491.0236666203,15.0000001959108,5.49571063092551E-06,1.2634763651581,6.86963828865689E-06,1.57934545644762,56.5417861520808,15.0001689914533,15.0000689635092,""
96506.4681665897,15.0000000269305,5.49693896272053E-06,1.2635612651326,6.87117370340066E-06,1.57945158141575,56.5417097499732,15.0001637389889,15.0000637067762,""
96521.9145362377,14.9999997223957,5.49891345989656E-06,1.26364618190973,6.8736418248707E-06,1.57955772738717,56.541618284727,15.0001584858887,15.0000584494067,""
96537.3590362072,14.9999997370858,5.49708903511659E-06,1.26373107267252,6.87136129389574E-06,1.57966384084065,56.5415826194471,15.000158640401,15.0000586132011,""
96552.8054058552,14.9999998679252,5.49366735092707E-06,1.2638159670964,6.86708418865884E-06,1.5797699588705,56.54156209993,15.000158794932,15.0000587770154,""
96568.2499058247,14.9999998412386,5.49210459228162E-06,1.26390080554849,6.86513074035203E-06,1.57987600693561,56.5416695913143,15.0001618392672,15.0000618214747,""
96583.6962754726,14.9999997572088,5.49132327244714E-06,1.26398563505277,6.86415409055893E-06,1.57998204381596,56.5418118327338,15.000164883971,15.0000648663025,""
96599.1407754421,14.999999754245,5.48920364945743E-06,1.26407041662856,6.86150456182178E-06,1.5800880207857,56.5416925939819,15.0001702559703,15.0000702463959,""
96614.5871450901,14.999999780801,5.48652068665219E-06,1.26415519262353,6.85815085831524E-06,1.58019399077941,56.5415024400143,15.0001756286198,15.0000756271406,""
96630.0316450596,14.9999999058713,5.48473564854757E-06,1.26423991389399,6.85591956068446E-06,1.58029989236748,56.5413228464127,15.0001793121732,15.0000793124679,""
96645.4780147076,15.0000000668516,5.4833281602039E-06,1.26432462670785,6.85416020025487E-06,1.58040578338481,56.5411460864167,15.0001829961724,15.0000829982414,""
96660.922514677,14.9999999267588,5.48230580113588E-06,1.26440930461843,6.85288225141985E-06,1.58051163077304,56.541039823456,15.000184252342,15.0000842619508,""
96676.3688840866,14.9999996769129,5.48144538984316E-06,1.26449398240101,6.85180673730395E-06,1.58061747800126,56.5409526309118,15.0001855086635,15.0000855258131,""
96691.8133840561,14.9999996720611,5.48039973218283E-06,1.26457862837095,6.85049966522854E-06,1.58072328546369,56.5410433562708,15.0001880631459,15.0000880803016,""
96707.2597537041,14.9999997565379,5.4792758861264E-06,1.26466327550599,6.849094857658E-06,1.58082909438249,56.5411822313036,15.0001906179375,15.0000906350994,""
96722.704253912,14.9999998358447,5.47771786770104E-06,1.2647478812634,6.8471473346263E-06,1.58093485157925,56.5410615183887,15.0001937577968,15.0000937836879,""
96738.1506233215,14.9999999132789,5.47597668414752E-06,1.26483248414389,6.84497085518439E-06,1.58104060517986,56.5408706060683,15.0001968980361,15.0000969326574,""
96753.595123291,14.99999988664,5.47459201928997E-06,1.26491704445125,6.84324002411246E-06,1.58114630556406,56.5407140495541,15.0001968923417,15.0000969285491,""
96769.041492939,14.9999998220174,5.4733573540524E-06,1.26500160136808,6.8416966925655E-06,1.5812520017101,56.5405667505144,15.0001968866466,15.0000969244402,""
96784.4859929085,14.9999999775024,5.47385400701062E-06,1.26508614796199,6.84231750876327E-06,1.58135768495249,56.5405844689579,15.0001946156097,15.0000946549414,""
96799.9323625565,15.000000213371,5.47508058328902E-06,1.26517070475389,6.84385072911128E-06,1.58146338094236,56.5406467389375,15.0001923442978,15.0000923851678,""
96815.3768625259,15.0000003059046,5.47327768287344E-06,1.26525523116873,6.84159710359179E-06,1.58156903896091,56.5405117434536,15.0001872331784,15.0000872816596,""
96830.8232321739,15.0000003461016,5.47019694700073E-06,1.26533975932127,6.83774618375091E-06,1.58167469915159,56.5403235111156,15.0001821214402,15.0000821775337,""
96846.2677323818,15.0000002544167,5.4676564123641E-06,1.26542421865569,6.83457051545512E-06,1.58178027331961,56.5403019427155,15.0001779633697,15.000078024161,""
96861.7141017914,15.0000001145275,5.46534332238349E-06,1.26550866349389,6.83167915297936E-06,1.58188582936737,56.5403252992397,15.000173804796,15.0000738702856,""
96877.1586017609,15.0000000925061,5.46477843283836E-06,1.26559307486585,6.83097304104794E-06,1.58199134358231,56.5403903120324,15.0001730461535,15.0000731138301,""
96892.6049714088,15.0000001135678,5.46495117659199E-06,1.26567748664557,6.83118897073998E-06,1.58209685830696,56.5404665561293,15.0001722874192,15.000072357283,""
96908.0494713783,15.0000000545441,5.46343841147663E-06,1.26576186592568,6.82929801434579E-06,1.5822023324071,56.540515567038,15.000170668203,15.0000707451195,""
96923.4958407879,14.9999999662227,5.46121386144607E-06,1.2658462460119,6.82651732680758E-06,1.58230780751488,56.5405572547451,15.0001690487907,15.0000691327608,""
96938.9403407574,14.9999999956249,5.46044190946154E-06,1.2659305900073,6.82555238682692E-06,1.58241323750913,56.5405057025701,15.0001637293305,15.000063815488,""
96954.3867104054,15.0000000681029,5.46028324266977E-06,1.26601493328366,6.82535405333722E-06,1.58251866660457,56.5404290619935,15.0001584092262,15.0000584975714,""
96969.8312103748,15.0000002040319,5.45955643906596E-06,1.26609925412964,6.82444554883246E-06,1.58262406766205,56.5404758712146,15.0001500501245,15.0000501413881,""
96985.2775800228,15.0000003632079,5.45858950751053E-06,1.26618358002,6.82323688438816E-06,1.582729475025,56.5405558701768,15.0001416900109,15.0000417841931,""
97000.7220799923,15.0000001250061,5.45649324636585E-06,1.26626785726311,6.82061655795731E-06,1.58283482157889,56.5404876719536,15.00013777199,15.0000378754698,""
97016.1684496403,14.9999997412545,5.45391938479275E-06,1.26635212846238,6.81739923099094E-06,1.58294016057798,56.5403796576358,15.0001338534948,15.0000339662732,""
97031.6129496098,14.9999998725695,5.45146989248962E-06,1.2664363354976,6.81433736561202E-06,1.583045419372,56.540446180776,15.0001378852257,15.0000380044623,""
97047.0593192577,15.0000001925918,5.4490725534976E-06,1.26652052991171,6.811340691872E-06,1.58315066238964,56.5405595607248,15.0001419174447,15.0000420431403,""
97062.5038192272,15.0000001234012,5.44798669305079E-06,1.26660468234529,6.80998336631348E-06,1.58325585293162,56.5407018828756,15.0001486553212,15.0000487851009,""
97077.9501888752,14.999999911557,5.44745524728648E-06,1.26668883152139,6.8093190591081E-06,1.58336103940174,56.5408519894503,15.0001553940134,15.0000555278778,""
97093.3946888447,14.9999998962858,5.44609717615621E-06,1.26677294620721,6.80762147019526E-06,1.58346618275901,56.5408673466185,15.0001623247316,15.0000624657281,""
97108.8410584927,14.9999999530845,5.44438918292259E-06,1.26685706079293,6.80548647865324E-06,1.58357132599116,56.5408465913009,15.0001692562888,15.0000694044183,""
97124.2855584621,14.9999999791309,5.44331481457783E-06,1.26694113791115,6.80414351822228E-06,1.58367642238893,56.540999839678,15.0001715825245,15.000071732343,""
97139.7319278717,14.9999999939017,5.44250839802843E-06,1.267025213658,6.80313549753554E-06,1.5837815170725,56.5411997132847,15.0001739090416,15.0000740605496,""
97155.1764278412,15.0000000057534,5.44064140597815E-06,1.26710924534579,6.80080175747269E-06,1.58388655668223,56.5413426347691,15.0001722744985,15.0000724379506,""
97170.6227974892,15.0000000165358,5.43832512146813E-06,1.26719327286069,6.79790640183516E-06,1.58399159107587,56.5414703363325,15.0001706397575,15.0000708151553,""
97186.0672974586,15.0000000026714,5.436807511091E-06,1.26727725227515,6.79600938886375E-06,1.58409656534394,56.5415033266968,15.0001672613485,15.0000674398488,""
97201.5136671066,14.9999999797564,5.43562785834663E-06,1.26736122579181,6.79453482293328E-06,1.58420153223977,56.5415109933915,15.0001638825305,15.0000640641338,""
97216.9581673145,14.9999999441337,5.43498466301238E-06,1.26744517183443,6.79373082876548E-06,1.58430646479303,56.5415740625936,15.0001629694602,15.0000631561687,""
97232.4045367241,14.999999903838,5.43456861312939E-06,1.26752912070257,6.79321076641174E-06,1.58441140087821,56.5416519470576,15.0001620562795,15.0000622480936,""
97247.8490366936,14.999999865494,5.433119154911E-06,1.2676130344217,6.79139894363875E-06,1.58451629302713,56.5415594312981,15.0001621283235,15.00006232628,""
97263.2954063416,14.9999998278607,5.43123151686507E-06,1.26769694770838,6.78903939608133E-06,1.58462118463547,56.5414213972574,15.0001622003762,15.0000624044759,""
97278.739906311,14.999999817239,5.42971541495723E-06,1.26778081562573,6.78714426869654E-06,1.58472601953217,56.5414091817014,15.0001651346225,15.0000653434731,""
97294.186275959,14.9999998165445,5.42835655362256E-06,1.26786467876698,6.7854456920282E-06,1.58483084845872,56.5414305386978,15.000168069224,15.0000682828261,""
97309.6307759285,14.9999998448239,5.42731611314514E-06,1.26794850719905,6.78414514143143E-06,1.58493563399882,56.5414964978848,15.0001727179877,15.0000729355484,""
97325.0771455765,14.9999998837629,5.42641052579616E-06,1.26803233536362,6.7830131572452E-06,1.58504041920453,56.5415743605321,15.0001773673143,15.0000775888339,""
97340.5216457844,14.9999997780286,5.42526686562158E-06,1.26811613006342,6.78158358202697E-06,1.58514516257928,56.5415173630992,15.0001832921026,15.0000835205094,""
97355.9680151939,14.9999996190524,5.42402201360778E-06,1.26819992501101,6.78002751700972E-06,1.58524990626377,56.541424422156,15.000189217608,15.0000894529027,""
97371.4125151634,14.9999996978947,5.42240037387709E-06,1.26828367699951,6.77800046734636E-06,1.58535459624939,56.5413269144693,15.0001920854007,15.0000923280293,""
97386.858884573,14.9999998642796,5.42061855860544E-06,1.2683674251972,6.7757731982568E-06,1.5854592814965,56.541228175871,15.0001949535405,15.0000952035038,""
97402.3033845425,14.999999873657,5.41901652102934E-06,1.2684511273968,6.77377065128668E-06,1.585563909246,56.5412661804147,15.0001916583402,15.000091913125,""
97417.7497541904,14.9999998252246,5.41749052546817E-06,1.26853482450334,6.77186315683521E-06,1.58566853062917,56.5413405742362,15.000188362741,15.0000886223479,""
97433.1942541599,14.9999997524037,5.41676418884525E-06,1.26861849074233,6.77095523605656E-06,1.58577311342791,56.5414374936977,15.0001841272316,15.0000843902966,""
97448.6406238079,14.9999996705869,5.41637731271797E-06,1.26870215830264,6.77047164089746E-06,1.5858776978783,56.541540417072,15.0001798912094,15.0000801577329,""
97464.0851237774,14.999999884391,5.41475387231141E-06,1.26878578824785,6.76844234038926E-06,1.58598223530981,56.5415090788877,15.0001725161075,15.0000727891378,""
97479.5314934254,15.000000207173,5.41260484477343E-06,1.2688694166386,6.76575605596678E-06,1.58608677079825,56.5414420648151,15.0001651401128,15.0000654196507,""
97494.9759933949,15.0000002894961,5.41084731584827E-06,1.26895299436621,6.76355914481033E-06,1.58619124295777,56.5413813126875,15.0001559657104,15.0000562526177,""
97510.4223630428,15.0000002831812,5.40925585515365E-06,1.26903656498138,6.76156981894206E-06,1.58629570622673,56.5413222137345,15.0001467901974,15.0000470844748,""
97525.8668630123,15.0000001785874,5.40891974977615E-06,1.26912011037432,6.76114968722018E-06,1.5864001379679,56.5413262283537,15.0001426546657,15.0000429483145,""
97541.3132326603,15.0000000377277,5.40911724929248E-06,1.26920365945836,6.7613965616156E-06,1.58650457432295,56.5413469873537,15.0001385186334,15.0000388116535,""
97556.7577326298,14.9999999532627,5.40796330971953E-06,1.26928718183562,6.75995413714941E-06,1.58660897729452,56.5412026036449,15.0001419503071,15.0000422521376,""
97572.2041022778,14.9999998895927,5.40623446119206E-06,1.26937070726644,6.75779307649007E-06,1.58671338408305,56.5410144181573,15.0001453823963,15.0000456930382,""
97587.6486022472,15.0000000498253,5.40509836713505E-06,1.26945419427575,6.75637295891882E-06,1.58681774284468,56.5409907058034,15.0001503231346,15.000050634248,""
97603.0949716568,15.0000002927373,5.40421423857748E-06,1.26953767934524,6.75526779822185E-06,1.58692209918155,56.5410105601209,15.000155264471,15.0000555760559,""
97618.5394716263,15.0000000517618,5.40373479223731E-06,1.26962114140291,6.75466849029663E-06,1.58702642675363,56.541000628651,15.0001576708405,15.0000579845981,""
97633.9858412743,14.9999996320446,5.40342747776321E-06,1.26970460807066,6.75428434720401E-06,1.58713076008833,56.540982810925,15.0001600775013,15.0000603934318,""
97649.4303412437,14.9999996986989,5.40152311647917E-06,1.26978803330873,6.75190389559897E-06,1.58723504163591,56.5409381165231,15.0001594372167,15.0000597621159,""
97664.8767108917,14.9999999450593,5.3989385574694E-06,1.2698714553086,6.74867319683675E-06,1.58733931913576,56.5408863058319,15.0001587968546,15.0000591307235,""
97680.3212108612,15.0000001089137,5.39801650390509E-06,1.26995483689571,6.74752062988137E-06,1.58744354611964,56.540870509901,15.000158938646,15.0000592737765,""
97695.7675805092,15.0000002422997,5.39780227357251E-06,1.27003821566549,6.74725284196564E-06,1.58754776958186,56.5408642312456,15.0001590804547,15.0000594168467,""
97711.2120807171,15.0000001527364,5.39569539399485E-06,1.27012155046946,6.74461924249357E-06,1.58765193808683,56.540882102433,15.0001624353449,15.0000627812018,""
97726.6584501266,14.9999999807175,5.39278187943376E-06,1.27020488092681,6.7409773492922E-06,1.58775610115851,56.5409063551511,15.0001657906412,15.000066145964,""
97742.1029500961,15.0000000006446,5.39158679107789E-06,1.27028816473389,6.73948348884736E-06,1.58786020591736,56.5408806728169,15.0001717287979,15.0000720850441,""
97757.5493197441,15.0000000915818,5.39112380429601E-06,1.27037144303907,6.73890475537001E-06,1.58796430379884,56.5408418066623,15.0001776676734,15.0000780248433,""
97772.9938197136,15.000000123676,5.38992534242267E-06,1.27045468987643,6.73740667802834E-06,1.58806836234553,56.5408466273617,15.0001848534679,15.0000852167354,""
97788.4401893616,15.0000001339984,5.38841314117776E-06,1.27053793767286,6.7355164264722E-06,1.58817242209107,56.5408629710881,15.0001920401323,15.0000924094982,""
97803.8846895695,15.0000000069107,5.38833540411761E-06,1.27062116480274,6.73541925514701E-06,1.58827645600343,56.5407686434294,15.0001980072097,15.0000983773907,""
97819.3310587406,14.9999998289266,5.38886937817336E-06,1.27070439748691,6.7360867227167E-06,1.58838049685864,56.5406451334608,15.0002039750092,15.0001043460053,""
97834.7755587101,14.9999998873769,5.38791150663189E-06,1.27078760861829,6.73488938328987E-06,1.58848451077287,56.5407528474318,15.0002083790734,15.0001087546655,""
97850.2219283581,15.0000000334126,5.38631705266098E-06,1.27087082492486,6.73289631582622E-06,1.58858853115607,56.5409214731964,15.0002127836708,15.0001131638593,""
97865.6664283276,14.9999999914193,5.38497414943956E-06,1.27095400052208,6.73121768679945E-06,1.5886925006526,56.5409056072011,15.0002114442646,15.0001118283148,""
97881.1127979755,14.9999998797431,5.38373836256454E-06,1.27103717311274,6.72967295320567E-06,1.58879646639093,56.540841186526,15.0002101046963,15.0001104926087,""
97896.557297945,14.9999999601613,5.38269922602456E-06,1.27112031191977,6.7283740325307E-06,1.58890038989971,56.541015184233,15.0002071151121,15.0001075061396,""
97912.003667593,15.0000001118052,5.38174385904306E-06,1.27120345066587,6.72717982380382E-06,1.58900431333234,56.5412519064907,15.000204125166,15.0001045193089,""
97927.4481675625,15.0000001179178,5.38118661029819E-06,1.27128656481729,6.72648326287273E-06,1.58910820602161,56.5411463962365,15.0001973374571,15.0000977309918,""
97942.8945372105,15.0000000700578,5.38079927932305E-06,1.27136968282408,6.72599909915382E-06,1.5892121035301,56.5409509375062,15.0001905489265,15.0000909418528,""
97958.3390371799,15.0000000239813,5.3789118770633E-06,1.2714527592163,6.72363984632913E-06,1.58931594902037,56.5409359415699,15.0001859722713,15.0000863732966,""
97973.7854068279,14.9999999785589,5.37638332854737E-06,1.27153583218441,6.72047916068421E-06,1.58941979023051,56.5409683307801,15.0001813950621,15.0000818041873,""
97989.2299067974,14.9999999896305,5.37581998575579E-06,1.27161887072813,6.71977498219474E-06,1.58952358841017,56.5409864454759,15.0001779911023,15.0000783980244,""
98004.6762764454,15.0000000216738,5.37609636108344E-06,1.27170190890918,6.7201204513543E-06,1.58962738613648,56.5410008173722,15.0001745867304,15.0000749914491,""
98020.1207764149,15.0000001074106,5.37503310205937E-06,1.27178492232779,6.71879137757421E-06,1.58973115290974,56.541056906303,15.000169882256,15.000070291897,""
98035.5671460629,15.0000002131006,5.37339697715302E-06,1.27186793950614,6.71674622144128E-06,1.58983492438268,56.5411239421177,15.0001651772121,15.000065591776,""
98051.0116460323,15.0000003230399,5.37099602246864E-06,1.27195089942021,6.7137450280858E-06,1.58993862427526,56.541100599206,15.000159850622,15.0000602754311,""
98066.4580154419,15.0000004345762,5.36826758066107E-06,1.27203384918218,6.71033447582634E-06,1.59004231147773,56.5410535726207,15.0001545233872,15.0000549584428,""
98081.9025154114,15.0000001586964,5.36652517160504E-06,1.27211674510402,6.7081564645063E-06,1.59014593138002,56.5409397779743,15.0001541564077,15.000054592762,""
98097.3488850594,14.9999997387841,5.36520427610333E-06,1.27219963232121,6.70650534512916E-06,1.59024954040151,56.5408084849319,15.0001537893838,15.000054227037,""
98112.7933850288,14.9999998473618,5.36436963660205E-06,1.27228248844094,6.70546204575256E-06,1.59035311055118,56.5408160243069,15.0001574331862,15.0000578767804,""
98128.2397546768,15.0000001524587,5.36374294071097E-06,1.27236534557564,6.70467867588871E-06,1.59045668196954,56.5408598867658,15.0001610774297,15.0000615269656,""
98143.6842546463,15.0000001157029,5.36373738344268E-06,1.2724481887191,6.70467172930335E-06,1.59056023589888,56.5408910371281,15.0001632137311,15.0000636632633,""
98159.1306242943,14.9999999517809,5.36399772733399E-06,1.27253104019513,6.70499715916749E-06,1.59066380024391,56.5409188689031,15.0001653502912,15.0000657998196,""
98174.5751245022,14.9999998312553,5.36308790320775E-06,1.2726138692003,6.70385987900968E-06,1.59076733650038,56.540859168871,15.0001668419107,15.000067296673,""
98190.0214939117,14.9999997268589,5.36167681198038E-06,1.2726967029006,6.70209601497548E-06,1.59087087862575,56.5407765929998,15.0001683337107,15.0000687937076,""
98205.4659938812,14.9999998003465,5.35927525647255E-06,1.27277948076012,6.69909407059068E-06,1.59097435095015,56.5406400441123,15.0001671047912,15.0000675709063,""
98220.9123635292,14.9999999400705,5.35644898385522E-06,1.27286224901138,6.69556122981902E-06,1.59107781126422,56.5404893849118,15.0001658757228,15.000066347957,""
98236.3568634987,15.0000000707162,5.35464903048515E-06,1.27294496198078,6.69331128810644E-06,1.59118120247597,56.5404967937616,15.0001637385709,15.0000642151549,""
98251.8032331467,15.0000001980024,5.35328858075187E-06,1.27302766556392,6.69161072593984E-06,1.5912845819549,56.5405454364308,15.0001616011602,15.0000620820946,""
98267.2477331162,14.9999999876699,5.35300569340772E-06,1.27311034636484,6.69125711675966E-06,1.59138793295605,56.5405395680133,15.0001590752713,15.0000595584705,""
98282.6941025257,14.9999996515047,5.35318469254235E-06,1.27319303169802,6.69148086567793E-06,1.59149128962253,56.5405194897527,15.0001565490767,15.000057034541,""
98298.1386024952,14.9999997664255,5.35086220052015E-06,1.27327567225585,6.68857775065019E-06,1.59159459031981,56.5404611028816,15.0001530821629,15.0000535791989,""
98313.5849721432,15.0000000495125,5.34746657989426E-06,1.27335830790637,6.68433322486782E-06,1.59169788488296,56.5403927288843,15.0001496148293,15.0000501234385,""
98329.0294721127,15.000000170642,5.34592607645121E-06,1.27344088880404,6.68240759556401E-06,1.59180111100505,56.5404049121932,15.0001474197093,15.0000479273384,""
98344.4758417606,15.0000002313948,5.34518112284738E-06,1.27352346049926,6.68147640355923E-06,1.59190432562407,56.5404380645742,15.0001452243235,15.0000457309725,""
98359.9203417301,15.0000001641161,5.34459364731167E-06,1.27360600852985,6.68074205913959E-06,1.59200751066231,56.540465876772,15.0001471039153,15.0000476168101,""
98375.3667113781,15.0000000490608,5.34407364931478E-06,1.27368856068662,6.68009206164347E-06,1.59211070085827,56.5404923043122,15.0001489837347,15.0000495028759,""
98390.8112113476,15.000000131965,5.34393443002268E-06,1.27377109749386,6.67991803752835E-06,1.59221387186733,56.5404302218448,15.0001511028587,15.0000516219685,""
98406.2575809956,15.000000288768,5.34395864861537E-06,1.27385364199282,6.67994831076921E-06,1.59231705249103,56.5403451268164,15.0001532222393,15.0000537413176,""
98421.702080965,15.0000002499805,5.34350160250175E-06,1.27393616959009,6.67937700312719E-06,1.59242021198762,56.5403150386973,15.0001534640833,15.0000539863615,""
98437.148450613,15.0000001381548,5.34283780639238E-06,1.27401870421014,6.67854725799048E-06,1.59252338026268,56.540299231309,15.0001537059566,15.0000542314351,""
98452.5929505825,15.0000000910426,5.34168020517695E-06,1.27410120686907,6.67710025647118E-06,1.59262650858634,56.5401047226959,15.0001564557624,15.0000569851619,""
98468.0393202305,15.0000000680962,5.34031027360498E-06,1.27418371007616,6.67538784200622E-06,1.5927296375952,56.5398638099597,15.0001592059011,15.000059739222,""
98483.4838202,15.0000000496527,5.33790648711832E-06,1.27426615772899,6.6723831088979E-06,1.59283269716124,56.539707376359,15.0001609373931,15.000061477068,""
98498.9301898479,15.0000000328889,5.3350580039773E-06,1.27434859577845,6.66882250497162E-06,1.59293574472306,56.5395728257326,15.0001626690948,15.0000632151243,""
98514.3746898174,14.9999998293372,5.3336722141842E-06,1.27443098490392,6.66709026773024E-06,1.5930387311299,56.5395139146807,15.0001647744087,15.0000653245656,""
98529.821059227,14.9999995559183,5.33291496960469E-06,1.27451336725804,6.66614371200587E-06,1.59314170907255,56.5394745947103,15.0001668799774,15.0000674342622,""
98545.2655594349,14.9999998268972,5.33224933493002E-06,1.27459572470019,6.66531166866253E-06,1.59324465587524,56.5394456878033,15.000163860509,15.000064416794,""
98560.7119288445,15.0000003015378,5.33162298018703E-06,1.27467808568323,6.66452872523379E-06,1.59334760710404,56.5394194727731,15.0001608406751,15.0000613989606,""
98576.1564288139,15.0000001885444,5.33104597281342E-06,1.27476042393169,6.66380746601677E-06,1.59345052991461,56.5393748225926,15.000152839587,15.0000534004899,""
98591.6027984619,14.9999998556515,5.33049009384874E-06,1.27484276665521,6.66311261731092E-06,1.59355345831902,56.5393253956842,15.0001448375302,15.0000454010509,""
98607.0472984314,14.9999999619027,5.32981322502371E-06,1.27492508553755,6.66226653127964E-06,1.59365635692194,56.5393057466024,15.0001383991414,15.0000389647735,""
98622.4936680794,15.0000002325597,5.32908417333394E-06,1.27500740841404,6.66135521666742E-06,1.59375926051755,56.5392937935529,15.0001319599733,15.000032527717,""
98637.9381680489,15.0000002136642,5.32885843690229E-06,1.27508971335639,6.66107304612786E-06,1.59386214169548,56.5393419229637,15.000130477837,15.000031045218,""
98653.3845376968,15.0000000863293,5.32884932880503E-06,1.27517202483126,6.66106166100629E-06,1.59396503103907,56.5394055824446,15.0001289955214,15.0000295625396,""
98668.8290379047,14.9999998649173,5.32628352722248E-06,1.2752542866568,6.6578544090281E-06,1.594067858321,56.5393707906932,15.000134590313,15.0000351673435,""
98684.2754073143,14.9999996082221,5.32261629167578E-06,1.2753365413456,6.65327036459472E-06,1.594170676682,56.5393105769237,15.0001401857818,15.0000407728258,""
98699.7199072838,14.9999997343449,5.31995963592532E-06,1.27541872251208,6.64994954490665E-06,1.5942734031401,56.5392883039116,15.0001474925753,15.0000480838482,""
98715.1662769318,15.0000000039733,5.3177378577415E-06,1.27550088624044,6.64717232217687E-06,1.59437610780055,56.5392758152366,15.0001548002534,15.0000553957557,""
98730.6107769012,15.0000000204468,5.31666744999523E-06,1.27558300984373,6.64583431249404E-06,1.59447876230466,56.5392667726793,15.0001607019357,15.0000613025542,""
98746.0571463108,14.9999999419977,5.3160930168984E-06,1.27566513038054,6.645116271123E-06,1.59458141297568,56.539258617094,15.0001666043323,15.0000672100677,""
98761.5016462803,15.0000000176903,5.3161484472859E-06,1.27574723830779,6.64518555910738E-06,1.59468404788474,56.539236779468,15.000169076512,15.0000696826746,""
98776.9480159283,15.0000001512183,5.31647540876967E-06,1.27582935502342,6.64559426096209E-06,1.59478669377928,56.5392114141472,15.000171548991,15.0000721555809,""
98792.3925158978,15.0000001659836,5.31601573965137E-06,1.27591145670606,6.64501967456422E-06,1.59488932088257,56.5391905098908,15.0001692366965,15.0000698467259,""
98807.8388855457,15.0000001361815,5.31521677232864E-06,1.27599356613109,6.6440209654108E-06,1.59499195766386,56.5391707507286,15.000166924122,15.0000675375914,""
98823.2833855152,14.99999997344,5.31548029822938E-06,1.2760756647859,6.64435037278673E-06,1.59509458098238,56.5391771684475,15.0001653532711,15.0000659599472,""
98838.7297551632,14.9999997607603,5.31620220784375E-06,1.2761577730207,6.64525275980468E-06,1.59519721627588,56.5391903200519,15.0001637822301,15.0000643821119,""
98854.1742551327,14.9999999698749,5.31502094785621E-06,1.27623985749856,6.64377618482027E-06,1.5952998218732,56.539264672671,15.0001639247027,15.0000645364319,""
98869.6206247807,15.0000003374512,5.31301820894193E-06,1.27632194594967,6.64127276117742E-06,1.59540243243709,56.5393547662995,15.0001640671926,15.0000646907705,""
98885.0651247501,15.0000003409757,5.3105252717443E-06,1.27640397368041,6.63815658968038E-06,1.59550496710051,56.5393684653276,15.0001609016737,15.0000615241637,""
98900.5114943981,15.0000002077047,5.30782029383164E-06,1.27648598941613,6.63477536728955E-06,1.59560748677016,56.5393625463472,15.0001577357716,15.0000583571736,""
98915.9559943676,15.0000002853901,5.30715088348577E-06,1.27656796830736,6.63393860435721E-06,1.5957099603842,56.539485257114,15.0001529173335,15.0000535431234,""
98931.4023640156,15.0000004423909,5.30736037576594E-06,1.2766499454978,6.63420046970742E-06,1.59581243187225,56.5396409973761,15.0001480983121,15.0000487284904,""
98946.8468639851,15.0000001436897,5.3071395778862E-06,1.27673191063841,6.63392447235775E-06,1.59591488829801,56.5396752169594,15.0001470196095,15.0000476480927,""
98962.2932333946,14.99999967356,5.3067328650703E-06,1.27681388478132,6.63341608133788E-06,1.59601735597665,56.5396782785787,15.0001459407764,15.0000465675642,""
98977.7377333641,14.9999997150314,5.30483209404056E-06,1.27689581715309,6.6310401175507E-06,1.59611977144136,56.5396507276107,15.0001473055977,15.0000479415695,""
98993.1841030121,14.9999999489919,5.30228536618228E-06,1.27697774567842,6.62785670772785E-06,1.59622218209802,56.5396153279072,15.0001486705842,15.0000493157411,""
99008.62860322,15.0000000982108,5.30002070736427E-06,1.27705961371798,6.62502588420534E-06,1.59632451714747,56.5396361080563,15.0001495784005,15.0000502283849,""
99024.0749726295,15.0000002155584,5.29787758878403E-06,1.27714146980268,6.62234698598004E-06,1.59642683725335,56.5396712768495,15.0001504863266,15.0000511411392,""
99039.519472599,15.0000000554687,5.29695068390359E-06,1.27722328854893,6.62118835487949E-06,1.59652911068616,56.5396152882016,15.000152774331,15.0000534291084,""
99054.965842247,14.9999997908827,5.2965495458656E-06,1.2773051053363,6.620686932332E-06,1.59663138167038,56.5395359665573,15.0001550626124,15.0000557173545,""
99070.4103422165,14.9999998527079,5.2971273497545E-06,1.27738691869125,6.62140918719313E-06,1.59673364836406,56.5395373002662,15.0001605313121,15.0000611866591,""
99085.8567118645,15.0000000375058,5.29812872494679E-06,1.27746874474988,6.62266090618349E-06,1.59683593093735,56.5395592560919,15.0001660006739,15.0000666566257,""
99101.301211834,14.9999999376408,5.29733398128238E-06,1.27755055475171,6.62166747660298E-06,1.59693819343964,56.5394950141056,15.000169949099,15.0000706079109,""
99116.7475814819,14.9999997304786,5.29576186408311E-06,1.27763237199467,6.61970233010389E-06,1.59704046499333,56.5394087397992,15.0001738980022,15.0000745596745,""
99132.1920816898,14.9999996096451,5.29343002782891E-06,1.27771413370816,6.61678753478614E-06,1.5971426671352,56.5393507550621,15.0001766857883,15.0000773536603,""
99147.6384510994,14.9999995213397,5.29076891931859E-06,1.27779588556345,6.61346114914824E-06,1.59724485695431,56.5392999837803,15.0001794739119,15.0000801479844,""
99163.0829510689,14.999999646502,5.28852194295286E-06,1.27787757655735,6.61065242869108E-06,1.59734697069669,56.5392935159529,15.0001835195124,15.0000841996294,""
99178.5293207169,14.9999998522021,5.28645390893357E-06,1.27795925536757,6.60806738616696E-06,1.59744906920946,56.5392983492678,15.0001875656026,15.000088251765,""
99193.9738206863,14.9999999458255,5.28596163091825E-06,1.27804090405563,6.60745203864781E-06,1.59755113006953,56.5393663203859,15.0001853069135,15.0000859941465,""
99209.4201900959,14.9999999971729,5.28615185583581E-06,1.27812255385994,6.60768981979477E-06,1.59765319232493,56.5394503966907,15.000183047951,15.0000837362547,""
99224.8646900654,14.9999998684703,5.28601543072243E-06,1.27820419283662,6.60751928840304E-06,1.59775524104578,56.5394478003532,15.0001785578072,15.0000792471577,""
99240.3110597134,14.9999996717768,5.28573743406634E-06,1.27828584128648,6.60717179258292E-06,1.59785730160809,56.5394231258615,15.0001740671198,15.0000747575173,""
99255.7555596828,14.9999996274978,5.28552760999453E-06,1.27836747491562,6.60690951249316E-06,1.59795934364452,56.5393459614206,15.0001693705638,15.0000700599786,""
99271.2019293308,14.9999996407725,5.28534730111607E-06,1.27844911628649,6.60668412639509E-06,1.59806139535811,56.5392554247164,15.0001646734393,15.0000653618713,""
99286.6464293003,14.99999982215,5.28443300235546E-06,1.27853073255283,6.60554125294433E-06,1.59816341569104,56.5391697158667,15.0001625546237,15.000063245795,""
99302.0927989483,15.0000000670704,5.28320026291242E-06,1.27861235209776,6.60400032864052E-06,1.5982654401222,56.5390852219418,15.0001604355515,15.0000611294625,""
99317.5372989178,15.000000077894,5.28112831815672E-06,1.27869392224138,6.6014103976959E-06,1.59836740280172,56.5390872107789,15.0001562421992,15.0000569413096,""
99332.9836685658,15.0000000002359,5.27869198067042E-06,1.27877548511373,6.59836497583802E-06,1.59846935639217,56.5391111798875,15.0001520483392,15.0000527526497,""
99348.4281685352,15.000000039251,5.27733583108721E-06,1.27885700231252,6.59666978885901E-06,1.59857125289065,56.5391888707049,15.0001461430476,15.0000468479042,""
99363.8745381832,15.0000001223911,5.27644817590914E-06,1.27893851384249,6.59556021988643E-06,1.59867314230311,56.5392802166938,15.0001402370411,15.000040942444,""
99379.3190381527,15.0000001817127,5.27566460267986E-06,1.27901999799312,6.59458075334983E-06,1.59877499749139,56.5391845629564,15.0001382899856,15.0000390010964,""
99394.7654078007,15.0000002320337,5.27492607373508E-06,1.27910148440504,6.59365759216885E-06,1.59887685550631,56.5390414390958,15.0001363426944,15.0000370595138,""
99410.2099077702,15.0000001691245,5.2734159861425E-06,1.27918293312946,6.59176998267813E-06,1.59897866641182,56.5389821236098,15.0001372346126,15.0000379558348,""
99425.6562771797,15.0000000633523,5.27157059890737E-06,1.27926437962896,6.58946324863421E-06,1.5990804745362,56.5389440515346,15.0001381266388,15.0000388522643,""
99441.1007771492,15.0000000137337,5.26993864987059E-06,1.27934577982565,6.58742331233823E-06,1.59918222478206,56.5389114481752,15.0001387517091,15.0000394786953,""
99456.5471467972,14.9999999853673,5.26839913186798E-06,1.27942717404316,6.58549891483498E-06,1.59928396755395,56.5388802256045,15.0001393768551,15.0000401052021,""
99471.9916467667,15.0000001084056,5.2665797386429E-06,1.2795085209339,6.58322467330363E-06,1.59938565116737,56.5387958253152,15.000138762617,15.0000395009788,""
99487.4380164146,15.0000002888125,5.26463841364071E-06,1.27958986138631,6.58079801705088E-06,1.59948732673289,56.5386979474608,15.0001381483045,15.0000388966823,""
99502.8825166225,15.0000002622979,5.26390429176684E-06,1.2796711688411,6.57988036470854E-06,1.59958896105137,56.5386356741976,15.0001394364117,15.0000401842964,""
99518.3288860321,15.0000001573697,5.26369479727488E-06,1.2797524760707,6.5796184965936E-06,1.59969059508837,56.5385823999141,15.0001407246748,15.0000414720664,""
99533.7733860016,15.0000001983874,5.26344877131012E-06,1.27983376838534,6.57931096413765E-06,1.59979221048167,56.5385798196248,15.0001424780905,15.0000432313598,""
99549.2197556496,15.0000002947387,5.26318681737139E-06,1.2799150683342,6.57898352171423E-06,1.59989383541775,56.5385900555492,15.0001442317184,15.0000449908662,""
99564.664255619,15.0000002615456,5.2622762966273E-06,1.27999634278541,6.57784537078412E-06,1.59999542848177,56.5386330956018,15.0001441672124,15.0000449245845,""
99580.110625267,15.0000001792173,5.26108349904439E-06,1.28007762026418,6.57635437380549E-06,1.60009702533023,56.5386844295853,15.0001441026986,15.0000448582948,""
99595.5551252365,15.0000001335359,5.25942991167745E-06,1.28015885511288,6.57428738959682E-06,1.6001985688911,56.5385445721196,15.0001416165103,15.0000423789219,""
99611.0014948845,15.0000001017511,5.25757552962585E-06,1.28024008552491,6.57196941203231E-06,1.60030010690614,56.5383564284978,15.000139130021,15.0000398992489,""
99626.4459950924,15.0000000781801,5.25618272951189E-06,1.28032127332455,6.57022841188987E-06,1.60040159165569,56.5383453129625,15.0001404490579,15.0000412221321,""
99641.892364502,15.000000057723,5.25499060912037E-06,1.28040245667905,6.56873826140046E-06,1.60050307084882,56.5383788516431,15.0001417682544,15.0000425451755,""
99657.3368644714,14.9999999405707,5.25416100475601E-06,1.28048361015288,6.56770125594501E-06,1.6006045126911,56.5382486112418,15.0001426232092,15.0000434046592,""
99672.783233881,14.9999997866812,5.25348911027199E-06,1.28056476471581,6.56686138783999E-06,1.60070595589476,56.5380770683906,15.0001434782675,15.0000442642471,""
99688.2277338505,14.9999997847868,5.25221756558114E-06,1.2806458857368,6.56527195697643E-06,1.600807357171,56.5380319649495,15.0001448339407,15.0000456226632,""
99703.6741034985,14.9999998406329,5.25068459769692E-06,1.28072700624468,6.56335574712115E-06,1.60090875780585,56.5380187014321,15.000146189778,15.0000469812437,""
99719.1186034679,14.999999873383,5.24837512885774E-06,1.2808080719568,6.56046891107217E-06,1.601010089946,56.5378871023598,15.0001487860993,15.0000495854092,""
99734.5649731159,14.999999897361,5.24572690467411E-06,1.28088912788199,6.55715863084264E-06,1.60111140985248,56.5377257001833,15.0001513827349,15.0000521898899,""
99750.0094730854,14.999999878492,5.24430742474933E-06,1.28097013600276,6.55538428093666E-06,1.60121267000344,56.5377317914957,15.0001506668137,15.000051481774,""
99765.4558427334,14.9999998433293,5.24342329873763E-06,1.28105113736726,6.55427912342204E-06,1.60131392170907,56.5377800074005,15.0001499508058,15.0000507735724,""
99780.9003427029,14.9999998270003,5.24138117731018E-06,1.28113209202213,6.55172647163772E-06,1.60141511502767,56.5378352962195,15.0001498418372,15.0000506663687,""
99796.3467123508,14.9999998178323,5.23883376436376E-06,1.28121304038308,6.5485422054547E-06,1.60151630047886,56.5378923708711,15.0001497328554,15.0000505591519,""
99811.7912123203,14.9999999429515,5.23956318574219E-06,1.28129397476775,6.54945398217773E-06,1.60161746845969,56.5377497873826,15.0001498348879,15.0000506640764,""
99827.2375819683,15.0000001191911,5.24172207124544E-06,1.28137491712751,6.5521525890568E-06,1.60171864640939,56.5375570450902,15.0001499369327,15.0000507690136,""
99842.6820819378,15.0000000290502,5.24075414031458E-06,1.28145584782328,6.55094267539322E-06,1.6018198097791,56.5374817028871,15.0001536053522,15.0000544422121,""
99858.1284515858,14.999999837488,5.23842166858675E-06,1.28153678750182,6.54802708573344E-06,1.60192098437728,56.5374358079874,15.0001572742158,15.0000581158554,""
99873.5729515553,14.9999998692041,5.23702938924234E-06,1.28161768174706,6.54628673655293E-06,1.60202210218382,56.537443491136,15.0001608822782,15.0000617229459,""
99889.0193209648,14.9999999859592,5.23604725855263E-06,1.281698570227,6.54505907319078E-06,1.60212321278376,56.5374646094163,15.0001644907773,15.000065330473,""
99904.4638209343,15.0000001390684,5.23514512039414E-06,1.28177942903489,6.54393140049267E-06,1.60222428629361,56.5375290705576,15.0001638542027,15.000064699161,""
99919.9101905823,15.000000306054,5.23427775389519E-06,1.28186028894875,6.54284719236898E-06,1.60232536118593,56.5376044008861,15.0001632175511,15.0000640677725,""
99935.3546905518,15.0000002298744,5.23285549344146E-06,1.28194111185593,6.54106936680183E-06,1.60242638981991,56.5376431937854,15.0001586751665,15.000059528536,""
99950.8010601997,15.000000060997,5.23119060863727E-06,1.28202193265664,6.53898826079658E-06,1.6025274158208,56.5376728451255,15.000154132232,15.0000549887499,""
99966.2455601692,14.9999998444088,5.22945761802112E-06,1.28210270683157,6.5368220225264E-06,1.60262838353947,56.5377036481587,15.0001520458185,15.0000529111149,""
99981.6919298172,14.9999996095913,5.22769456712174E-06,1.28218347468439,6.53461820890217E-06,1.60272934335548,56.5377347439711,15.0001499591524,15.0000508332284,""
99997.1364300251,14.9999996656774,5.2244741646586E-06,1.28226417235445,6.53059270582325E-06,1.60283021544306,56.5377211009664,15.0001476921624,15.0000485769702,""
100012.582799435,14.9999998327464,5.22061619231638E-06,1.28234485338369,6.52577024039548E-06,1.60293106672961,56.5376962721139,15.0001454248981,15.000046320439,""
100028.027299404,14.9999998572687,5.22129915020291E-06,1.28242551186786,6.52662393775364E-06,1.60303188983482,56.5376920609839,15.0001450326326,15.0000459184776,""
100043.473669052,14.9999998273937,5.22396775847474E-06,1.28250617452743,6.52995969809342E-06,1.60313271815928,56.5376929993243,15.0001446403196,15.0000455164675,""
100058.918169022,14.9999998598603,5.22554901343721E-06,1.28258686797859,6.53193626679651E-06,1.60323358497324,56.5376799301332,15.0001470264239,15.0000479058709,""
100074.36453867,14.9999999161342,5.22665493156756E-06,1.2826675889395,6.53331866445945E-06,1.60333448617437,56.5376633626675,15.0001494128171,15.0000502955636,""
100089.809038639,14.9999999276777,5.22376618236363E-06,1.28274826219261,6.52970772795454E-06,1.60343532774076,56.5377326744511,15.0001531638226,15.0000540592359,""
100105.255408049,14.9999999221381,5.21912904550376E-06,1.28282892860906,6.52391130687969E-06,1.60353616076132,56.5378234160539,15.0001569152821,15.0000578233638,""
100120.699908018,14.9999998146205,5.21683541137756E-06,1.28290952182556,6.52104426422195E-06,1.60363690228195,56.537743707517,15.0001628455521,15.0000637543313,""
100136.146277666,14.9999996681173,5.21556714300924E-06,1.28299009702837,6.51945892876155E-06,1.60373762128546,56.5376215067702,15.0001687765399,15.0000696860168,""
100151.590777636,14.9999997142733,5.21487004026435E-06,1.28307064405282,6.51858755033043E-06,1.60383830506602,56.5376384492463,15.0001758127122,15.0000767239236,""
100167.037147284,14.9999998340864,5.21442290514413E-06,1.28315119275951,6.51802863143017E-06,1.60393899094938,56.5376900457423,15.0001828497363,15.0000837626824,""
100182.481647253,15.0000000996576,5.21442354715728E-06,1.28323172902743,6.5180294339466E-06,1.60403966128429,56.5376123023284,15.0001809321955,15.000081844231,""
100197.928016901,15.0000004210166,5.2146203194722E-06,1.28331227386701,6.51827539934024E-06,1.60414034233377,56.5375023614893,15.0001790144225,15.0000799255473,""
100213.37251687,15.0000001720029,5.21225539627277E-06,1.28339277361581,6.51531924534097E-06,1.60424096701976,56.5374048995345,15.0001737885875,15.0000747116796,""
100228.818886518,14.9999997047247,5.20876762911764E-06,1.28347326762268,6.51095953639705E-06,1.60434158452836,56.5373105258076,15.0001685621198,15.0000694971808,""
100244.263386488,14.9999999481111,5.20568899862506E-06,1.28355368329823,6.50711124828132E-06,1.60444210412279,56.5372026198621,15.0001650898368,15.0000660333585,""
100259.709756136,15.0000004635501,5.2027891612982E-06,1.28363407864217,6.50348645162275E-06,1.60454259830271,56.5370913352826,15.0001616171333,15.000062569117,""
100275.154256105,15.0000003513516,5.20261132418734E-06,1.28371444402488,6.50326415523418E-06,1.6046430550311,56.5371776994016,15.0001568730307,15.0000578236503,""
100290.600625753,14.9999999988014,5.20362695167204E-06,1.28379481026531,6.50453368959005E-06,1.60474351283164,56.5373131486919,15.0001521283538,15.0000530776092,""
100306.045125723,14.9999997970116,5.20318193121313E-06,1.28387516602506,6.50397741401641E-06,1.60484395753133,56.5372551003105,15.0001508436005,15.0000517998302,""
100321.491495371,14.9999996529408,5.20209617239043E-06,1.28395553118224,6.50262021548803E-06,1.60494441397781,56.5371490381474,15.0001495586917,15.0000505218965,""
100336.93599534,14.9999997597761,5.20103280085142E-06,1.28403586364583,6.50129100106428E-06,1.60504482955729,56.5370820670309,15.0001516276008,15.0000525932697,""
100352.38236475,14.9999999627856,5.19997906688792E-06,1.28411619575517,6.4999738336099E-06,1.60514524469396,56.5370247765612,15.0001536967603,15.0000546648937,""
100367.826864719,15.0000000916711,5.20061655105839E-06,1.28419652164288,6.50077068882299E-06,1.60524565205359,56.5369660701183,15.0001544674379,15.0000554314083,""
100383.273234367,15.0000001921592,5.20199645104217E-06,1.28427685879141,6.50249556380271E-06,1.60534607348927,56.5369070040519,15.0001552382088,15.0000561980157,""
100398.717734337,15.0000003537203,5.19949876357218E-06,1.2843571559433,6.49937345446523E-06,1.60544644492913,56.5369665838905,15.0001490666596,15.0000500392049,""
100414.164103985,15.0000005387333,5.1952981134288E-06,1.28443744952253,6.49412264178601E-06,1.60554681190317,56.5370555406111,15.0001428943633,15.0000438796485,""
100429.608603954,15.0000004127387,5.19431149387934E-06,1.28451769286532,6.49288936734918E-06,1.60564711608164,56.5371151470326,15.0001349660479,15.0000359492032,""
100445.054973602,15.0000001673842,5.1947363700746E-06,1.28459792812394,6.49342046259324E-06,1.60574741015493,56.5371675030368,15.0001270367728,15.0000280177979,""
100460.49947381,15.0000002531866,5.19407881211823E-06,1.28467814607103,6.49259851514779E-06,1.60584768258879,56.5372958744783,15.0001217978428,15.0000227812095,""
100475.94584322,15.0000004661268,5.19294554840877E-06,1.28475837038667,6.49118193551096E-06,1.60594796298333,56.5374430524202,15.0001165582787,15.0000175439872,""
100491.390343189,15.0000005503693,5.19106231638661E-06,1.28483854909004,6.48882789548327E-06,1.60604818636255,56.5376080453914,15.0001161441674,15.0000171373635,""
100506.836712837,15.0000005852011,5.18884912741074E-06,1.28491872171761,6.48606140926342E-06,1.60614840214701,56.5377774628779,15.0001157300059,15.0000167306904,""
100522.281212807,15.000000257831,5.18833796934688E-06,1.28499886344224,6.4854224616836E-06,1.60624857930279,56.5376840728063,15.0001150102032,15.0000160103869,""
100537.727582455,14.9999997912491,5.18857506312258E-06,1.28507900554703,6.48571882890322E-06,1.60634875693379,56.5375258150044,15.0001142903134,15.0000152899962,""
100553.172082424,14.9999998283826,5.18732951410045E-06,1.28515912013703,6.48416189262556E-06,1.60644890017129,56.5375555169833,15.0001158067269,15.0000168117284,""
100568.618451834,15.0000000591287,5.18543164163323E-06,1.2852392365882,6.48178955204153E-06,1.60654904573525,56.5376315713529,15.000117323324,15.0000183336448,""
100584.062951803,15.0000000437283,5.1836426160998E-06,1.28531930431045,6.47955327012474E-06,1.60664913038806,56.5376620755219,15.0001190028386,15.0000200168563,""
100599.509321451,14.9999999336777,5.18190116905809E-06,1.28539936454993,6.47737646132261E-06,1.60674920568741,56.5376813608995,15.0001206825566,15.0000217002715,""
100614.953821421,15.0000000606699,5.17960194843303E-06,1.28547936912906,6.47450243554129E-06,1.60684921141133,56.5377736694839,15.000122425947,15.0000234521542,""
100630.400191069,15.0000002788683,5.1770568337577E-06,1.28555936315831,6.47132104219712E-06,1.60694920394789,56.5378839708996,15.0001241695484,15.0000252042489,""
100645.844691038,15.000000204486,5.17652846119022E-06,1.2856393240682,6.47066057648777E-06,1.60704915508525,56.5378504565111,15.0001285075589,15.0000295421922,""
100661.291060686,15.0000000174953,5.17688793250503E-06,1.285719284338,6.47110991563129E-06,1.6071491054225,56.5377815554846,15.0001328460946,15.0000338806606,""
100676.735560656,14.9999998577293,5.1753405999658E-06,1.28579921318573,6.46917574995725E-06,1.60724901648216,56.5377479711182,15.0001360013012,15.0000370476753,""
100692.181930304,14.999999708418,5.1729531759535E-06,1.28587914213177,6.46619146994187E-06,1.60734892766471,56.537723063659,15.0001391568897,15.0000402150735,""
100707.626430273,14.9999997093938,5.17181368482645E-06,1.28595902948422,6.46476710603307E-06,1.60744878685527,56.5377616939222,15.0001418502254,15.0000429069181,""
100723.072799921,14.999999768254,5.17122381683951E-06,1.28603891244301,6.46402977104939E-06,1.60754864055376,56.5378159376939,15.0001445438872,15.0000455990887,""
100738.517299891,14.9999999083533,5.17229027860084E-06,1.28611879866878,6.46536284825105E-06,1.60764849833598,56.5379469710353,15.0001444101732,15.0000454606764,""
100753.963669538,15.0000000797792,5.17408693385249E-06,1.28619870026761,6.46760866731562E-06,1.60774837533451,56.5380968726361,15.0001442764431,15.0000453222474,""
100769.408169508,15.0000000278563,5.17213378288181E-06,1.28627857279352,6.46516722860226E-06,1.60784821599189,56.5381640820879,15.0001419028928,15.0000429633074,""
100784.854539156,14.9999998898285,5.16852703934967E-06,1.28635844643372,6.46065879918709E-06,1.60794805804215,56.5382110198671,15.0001395290551,15.0000406040817,""
100800.299039125,14.9999999495998,5.16569269658421E-06,1.28643824502015,6.45711587073027E-06,1.60804780627519,56.5382285729393,15.0001352310951,15.0000363098882,""
100815.745408535,15.0000000856604,5.16319852051953E-06,1.28651802442432,6.45399815064942E-06,1.6081475305304,56.5382389270204,15.0001309326149,15.000032015175,""
100831.189908743,15.0000001592428,5.16296644854691E-06,1.28659777565378,6.45370806068364E-06,1.60824721956723,56.5383393884302,15.0001250423568,15.0000261198467,""
100846.636278152,15.0000002087335,5.16373236269573E-06,1.28667752836322,6.45466545336966E-06,1.60834691045402,56.5384619316762,15.0001191513859,15.0000202238048,""
100862.080778122,15.0000000984861,5.1633517769856E-06,1.2867572701266,6.454189721232E-06,1.60844658765826,56.5386461996994,15.00011676194,15.0000178429112,""
100877.52714777,14.9999999265676,5.16246512176917E-06,1.2868370209723,6.45308140221146E-06,1.60854627621538,56.5388455999072,15.0001143722048,15.0000154617294,""
100892.971647739,14.9999999795604,5.16052753725523E-06,1.28691672693124,6.45065942156904E-06,1.60864590866405,56.5388952866163,15.0001163215976,15.0000174172962,""
100908.418017387,15.0000001194052,5.15812563140628E-06,1.28699642698182,6.44765703925784E-06,1.60874553372728,56.5389083731046,15.0001182712263,15.0000193730997,""
100923.862517357,15.0000000867929,5.15606785043601E-06,1.28707607123377,6.44508481304501E-06,1.60884508904222,56.5389311834773,15.0001200496847,15.0000211580309,""
100939.308887005,14.9999999875581,5.15416169314249E-06,1.28715570474201,6.44270211642811E-06,1.60894463092752,56.5389563731319,15.0001218283584,15.0000229431782,""
100954.753387213,14.9999998864261,5.15131073871979E-06,1.28723527317918,6.43913842339974E-06,1.60904409147397,56.5390205569972,15.0001262776388,15.0000274005222,""
100970.199756622,14.9999997845439,5.14804187328116E-06,1.28731482675279,6.43505234160145E-06,1.60914353344098,56.5390942707119,15.0001307274577,15.0000318584056,""
100985.644256592,14.999999826675,5.14802922541497E-06,1.28739435096491,6.43503653176871E-06,1.60924293870614,56.5390888426294,15.0001370206394,15.0000381521231,""
101001.09062624,14.9999999244891,5.14945567518058E-06,1.2874738760818,6.43681959397573E-06,1.60934234510224,56.5390641065974,15.000143314583,15.0000444466025,""
101016.535126209,14.9999999614764,5.14882715267221E-06,1.28755339038718,6.43603394084027E-06,1.60944173798397,56.5390073476775,15.0001444551925,15.0000455925261,""
101031.981495619,14.9999999749443,5.1472900035928E-06,1.28763291379297,6.43411250449101E-06,1.60954114224122,56.5389427740285,15.00014559594,15.0000467385883,""
101047.425995588,14.9999998181238,5.14629008819141E-06,1.28771240294898,6.43286261023926E-06,1.60964050368622,56.5390119694159,15.0001456207155,15.0000467653596,""
101062.872365236,14.9999995953881,5.1455275945857E-06,1.28779189083572,6.43190949323212E-06,1.60973986354465,56.5391137589065,15.0001456454939,15.0000467921342,""
101078.316865206,14.9999995933765,5.14486794489929E-06,1.28787135435981,6.43108493112411E-06,1.60983919294976,56.5390336410145,15.0001470207277,15.0000481718438,""
101093.763234854,14.9999996768037,5.14425367932342E-06,1.28795082098113,6.43031709915427E-06,1.60993852622641,56.5389092358045,15.000148396128,15.0000495517205,""
101109.207734823,14.9999999759419,5.1427392099586E-06,1.28803025092516,6.42842401244824E-06,1.61003781365645,56.5388627480099,15.0001432244407,15.0000443842211,""
101124.654104471,15.0000003586635,5.14082607881579E-06,1.28810967850831,6.42603259851974E-06,1.61013709813539,56.5388352033094,15.0001380521273,15.0000392160961,""
101140.098604441,15.0000003445492,5.13832220289689E-06,1.28818904638931,6.42290275362112E-06,1.61023630798663,56.5388092572866,15.0001267063976,15.0000278791648,""
101155.544974089,15.0000001766955,5.13555635763939E-06,1.28826840170099,6.41944544704923E-06,1.61033550212623,56.5387836958708,15.0001153592945,15.000016540861,""
101170.989474058,15.000000022403,5.13376217675439E-06,1.28834770320045,6.41720272094299E-06,1.61043462900056,56.538805909146,15.000113318989,15.0000145044418,""
101186.435843706,14.9999998733405,5.13239800165798E-06,1.28842699471984,6.41549750207248E-06,1.6105337433998,56.5388397270485,15.0001112784366,15.000012467776,""
101201.880343676,14.9999999313989,5.13201882253611E-06,1.28850626265267,6.41502352817014E-06,1.61063282831583,56.5389069044318,15.000115706909,15.0000169004458,""
101217.326713324,15.0000000697739,5.1320759505928E-06,1.2885855339834,6.41509493824101E-06,1.61073191747925,56.538982186477,15.0001201359174,15.0000213336522,""
101232.771213293,14.9999999282034,5.13086670370839E-06,1.28866477738128,6.41358337963549E-06,1.61083097172659,56.5389031539146,15.0001250124521,15.0000262185657,""
101248.217582703,14.9999996780209,5.12909602250289E-06,1.28874402224325,6.41137002812861E-06,1.61093002780406,56.538786694433,15.0001298895771,15.0000311040706,""
101263.662082672,14.9999998440229,5.12799831897983E-06,1.28882323001197,6.40999789872478E-06,1.61102903751496,56.5387567506118,15.0001285842064,15.0000297983501,""
101279.10845232,15.0000001715538,5.12719877177316E-06,1.28890243517541,6.40899846471645E-06,1.61112804396927,56.5387477626634,15.0001272786777,15.0000284924715,""
101294.55295229,15.0000001962798,5.12512804232427E-06,1.28898159400633,6.40641005290534E-06,1.61122699250791,56.5387052567545,15.0001206083974,15.0000218335566,""
101309.999321938,15.0000001034574,5.1224932097789E-06,1.28906074612234,6.40311651222363E-06,1.61132593265293,56.5386546302313,15.0001139373095,15.0000151738355,""
101325.443822145,15.0000000089962,5.12173070495502E-06,1.2891398611983,6.40216338119378E-06,1.61142482649787,56.5386550914042,15.0001092486392,15.0000104856664,""
101340.890191555,14.9999999138827,5.12179868841328E-06,1.28921897366554,6.40224836051659E-06,1.61152371708193,56.5386679107143,15.0001045594014,15.0000057969299,""
101356.334691525,14.9999999099524,5.1219995705716E-06,1.28929808006529,6.4024994632145E-06,1.61162260008162,56.5386350019973,15.0001064977991,15.0000077364312,""
101371.781061172,14.9999999414491,5.12225946601952E-06,1.28937719759818,6.4028243325244E-06,1.61172149699772,56.538591035301,15.0001084364314,15.0000096761672,""
101387.225561142,15.0000000325848,5.12123288196643E-06,1.28945629124355,6.40154110245804E-06,1.61182036405444,56.5385220724138,15.0001151374774,15.000016380036,""
101402.67193079,15.0000001469172,5.11963500448927E-06,1.28953538810997,6.39954375561159E-06,1.61191923513746,56.5384470619367,15.0001218393346,15.0000230847163,""
101418.116430759,15.0000003204788,5.11796319657472E-06,1.28961444007959,6.3974539957184E-06,1.61201805009949,56.5384030590909,15.0001246073736,15.0000258573168,""
101433.562800407,15.0000005171013,5.11625826476629E-06,1.28969348593081,6.39532283095786E-06,1.61211685741352,56.5383665329907,15.0001273757477,15.0000286302529,""
101449.007300615,15.0000002805479,5.11456957580153E-06,1.28977248599928,6.39321196975191E-06,1.6122156074991,56.5383688997158,15.0001220140866,15.0000232731189,""
101464.453670025,14.9999998754416,5.11288780738911E-06,1.28985147953831,6.39110975923639E-06,1.61231434942288,56.5383806459077,15.0001166517767,15.0000179153365,""
101479.898169994,14.9999998764709,5.11200067512746E-06,1.28993043982322,6.39000084390933E-06,1.61241304977903,56.5384885617319,15.0001111422871,15.0000124104273,""
101495.344539404,15.0000000355602,5.11146651890429E-06,1.29000939913508,6.38933314863036E-06,1.61251174891885,56.5386196674055,15.0001056321306,15.0000069048518,""
101510.789039373,14.9999999866446,5.11082412319346E-06,1.29008833579611,6.38853015399183E-06,1.61261041974514,56.5388668864751,15.000104001935,15.000005275521,""
101526.235409021,14.9999998567359,5.11013349769149E-06,1.29016727619121,6.38766687211436E-06,1.61270909523901,56.5391421004513,15.0001023715421,15.0000036459929,""
101541.679908991,15.000000187991,5.10824192526666E-06,1.29024617371413,6.38530240658333E-06,1.61280771714266,56.5392089859075,15.0001033911727,15.0000046728257,""
101557.126278639,15.0000006989262,5.10581596215844E-06,1.2903250659704,6.38226995269805E-06,1.612906332463,56.5392257589071,15.0001044109267,15.0000056997827,""
101572.570778608,15.0000004411981,5.10446200341599E-06,1.29040391336833,6.38057750426998E-06,1.61300489171041,56.5392957489153,15.0001074157091,15.0000087073246,""
101588.017148256,14.9999998839064,5.10358469086086E-06,1.2904827546022,6.37948086357607E-06,1.61310344325276,56.5393785431906,15.0001104208553,15.0000117152306,""
101603.461648226,14.9999998617011,5.1034269947438E-06,1.2905615786531,6.37928374342975E-06,1.61320197331637,56.5394074944134,15.0001135705183,15.0000148660332,""
101618.908017874,15.0000000480823,5.10358950362565E-06,1.29064040884611,6.37948687953206E-06,1.61330051105764,56.5394235157472,15.0001167205627,15.0000180172171,""
101634.352517843,15.000000004083,5.10200137366384E-06,1.29071920593061,6.3775017170798E-06,1.61339900741326,56.5395817090776,15.0001181978327,15.0000195049482,""
101649.798887491,14.9999998702311,5.09963365606534E-06,1.29079800206197,6.37454207008167E-06,1.61349750257747,56.5397740523952,15.0001196752816,15.0000209928595,""
101665.243387461,14.9999998003169,5.0967608482782E-06,1.29087673024818,6.37095106034775E-06,1.61359591281022,56.5398195333958,15.0001238778023,15.0000252006663,""
101680.689757109,14.999999755336,5.09366261599522E-06,1.29095544195248,6.36707826999402E-06,1.6136943024406,56.5398297964729,15.0001280808318,15.0000294089824,""
101696.134257078,14.9999996854878,5.09444145429501E-06,1.29103413780224,6.36805181786876E-06,1.6137926722528,56.5398673366961,15.0001337483627,15.0000350716322,""
101711.580626488,14.9999996059219,5.09694752101402E-06,1.29111284035873,6.37118440126753E-06,1.61389105044842,56.5399114198676,15.0001394165797,15.0000407349673,""
101727.025126457,14.9999997611414,5.09568605126084E-06,1.2911915287481,6.36960756407605E-06,1.61398941093512,56.5398632574988,15.000141098227,15.0000424265852,""
101742.471496105,15.0000000080638,5.09274548567318E-06,1.29127022459454,6.36593185709148E-06,1.61408778074318,56.5397929972416,15.000142780078,15.0000441184078,""
101757.915996075,15.0000000609469,5.09210538610567E-06,1.29134888361891,6.36513173263209E-06,1.61418610452364,56.5398752409302,15.0001449564103,15.0000462932956,""
101773.362365723,15.0000000380406,5.09249065117999E-06,1.29142753999619,6.36561331397499E-06,1.61428442499523,56.5399939897472,15.0001471330061,15.0000484684466,""
101788.806865931,15.0000000729536,5.09248572353641E-06,1.29150618905781,6.36560715442051E-06,1.61438273632226,56.5398857784591,15.0001483872052,15.0000497203119,""
101804.25323534,15.0000001304679,5.09230679948147E-06,1.29158484862101,6.36538349935183E-06,1.61448106077627,56.5397232836675,15.0001496415562,15.0000509723287,""
101819.69773531,15.0000001340342,5.09259460606126E-06,1.29166350205118,6.36574325757657E-06,1.61457937756397,56.5396632007216,15.0001487002085,15.0000500301539,""
101835.144104958,15.0000001165097,5.09309065995246E-06,1.29174216651398,6.36636332494057E-06,1.61467770814247,56.5396275769082,15.0001477587468,15.000049087865,""
101850.588604927,14.9999999882984,5.09161395117145E-06,1.29182080157924,6.36451743896432E-06,1.61477600197405,56.539693614757,15.0001473719057,15.0000487047136,""
101866.034974575,14.9999998167739,5.08925668147666E-06,1.2918994372937,6.36157085184583E-06,1.61487429661713,56.5397839325315,15.0001469850178,15.0000483215158,""
101881.479474545,14.9999998252861,5.0890250443683E-06,1.29197804597718,6.36128130546037E-06,1.61497255747147,56.5397589232947,15.0001485347367,15.0000498657785,""
101896.925844193,14.9999999042445,5.08974220936634E-06,1.29205665635858,6.36217776170792E-06,1.61507082044823,56.5397063993313,15.0001500846432,15.0000514102281,""
101912.3703444,14.999999931991,5.08960814404884E-06,1.29213525939301,6.36201018006106E-06,1.61516907424127,56.539667329009,15.0001475226491,15.0000488526378,""
101927.81671381,14.9999999396955,5.08909395162285E-06,1.29221387290832,6.36136743952856E-06,1.6152673411354,56.5396314596664,15.0001449603449,15.0000462947378,""
101943.261213779,14.9999998827004,5.08621844671303E-06,1.29229242945688,6.35777305839129E-06,1.6153655368211,56.5394837537553,15.000145475026,15.000046812288,""
101958.707583189,14.9999998003589,5.08228766927331E-06,1.29237097431518,6.35285958659163E-06,1.61546371789398,56.5393093888888,15.0001459897694,15.0000473299008,""
101974.152083158,14.9999997873346,5.07933079892744E-06,1.29244944078576,6.3491634986593E-06,1.6155618009822,56.5393601246864,15.0001536415137,15.0000549901299,""
101989.598452806,14.999999801464,5.07680859215235E-06,1.29252788597248,6.34601074019044E-06,1.6156598574656,56.5394644399634,15.0001612941843,15.0000626512864,""
102005.042952776,14.999999903221,5.07640324479382E-06,1.29260630051594,6.34550405599227E-06,1.61575787564493,56.539482824208,15.0001683895793,15.0000697460368,""
102020.489322424,15.0000000393388,5.07694404997833E-06,1.29268471509793,6.34618006247291E-06,1.61585589387242,56.5394807763578,15.0001754858332,15.000076841646,""
102035.933822393,15.0000002089472,5.07629876551494E-06,1.29276311341211,6.34537345689368E-06,1.61595389176514,56.5395061983603,15.0001765155535,15.0000778729364,""
102051.380192041,15.0000003917157,5.07512301118579E-06,1.29284151818668,6.34390376398224E-06,1.61605189773335,56.5395381515528,15.0001775453983,15.0000789043516,""
102066.824692011,15.0000000997145,5.07569796709656E-06,1.29291991541723,6.3446224588707E-06,1.61614989427153,56.5395607053759,15.0001737824539,15.0000751413694,""
102082.271061659,14.9999996214353,5.07705611751583E-06,1.29299832300908,6.34632014689479E-06,1.61624790376135,56.5395810308438,15.0001700190539,15.0000713779317,""
102097.715561628,14.9999996030753,5.075004625906E-06,1.29307669742999,6.3437557823825E-06,1.61634587178749,56.5395503309073,15.0001701614681,15.0000715255548,""
102113.161931276,14.9999997651908,5.07142711706822E-06,1.29315507074163,6.33928389633528E-06,1.61644383842704,56.5395075206427,15.0001703038995,15.0000716731957,""
102128.606431246,14.9999998844802,5.07098088338171E-06,1.29323340659076,6.33872610422714E-06,1.61654175823845,56.5395713207612,15.0001736283751,15.0000749951122,""
102144.052800894,14.9999999869772,5.07193615308322E-06,1.2933117393993,6.33992019135402E-06,1.61663967424913,56.5396604038952,15.0001769532531,15.0000783174309,""
102159.497300863,14.9999999926281,5.0714434272265E-06,1.2933900607431,6.33930428403313E-06,1.61673757592888,56.5395369470129,15.0001786143328,15.0000799817377,""
102174.943670273,14.9999999602448,5.0703022595604E-06,1.29346839067905,6.33787782445049E-06,1.61683548834882,56.5393631254707,15.0001802756136,15.000081646246,""
102190.388170242,14.9999999746142,5.06848834441591E-06,1.29354667639706,6.33561043051989E-06,1.61693334549632,56.539401351696,15.0001780564891,15.0000794306908,""
102205.83453989,15.0000000073551,5.06637277823456E-06,1.2936249560307,6.3329659727932E-06,1.61703119503838,56.5394897739577,15.000175837096,15.0000772148673,""
102221.27903986,15.0000001052227,5.06527064012784E-06,1.29370319671213,6.3315883001598E-06,1.61712899589017,56.5394671503957,15.0001719453972,15.0000733242518,""
102236.725409508,15.0000002287055,5.06462239311081E-06,1.29378143365592,6.33077799138851E-06,1.6172267920699,56.5394182601872,15.0001680532273,15.0000694331653,""
102252.169909477,15.0000002203152,5.06511260659557E-06,1.29385966488703,6.33139075824446E-06,1.61732458110878,56.5393758609872,15.0001615346004,15.0000629124147,""
102267.616279125,15.0000001600678,5.06611318803325E-06,1.29393790727297,6.33264148504157E-06,1.61742238409122,56.5393349894175,15.0001550151844,15.0000563908746,""
102283.060779333,14.9999999162407,5.06546603890428E-06,1.294016136079,6.33183254863035E-06,1.61752017009875,56.5393399718057,15.0001490770873,15.0000504566167,""
102298.507148743,14.9999996001547,5.06407997581235E-06,1.29409437250959,6.33009996976544E-06,1.61761796563698,56.5393557828128,15.0001431382715,15.0000445216406,""
102313.951648712,14.9999997496797,5.06388766931253E-06,1.2941725883513,6.32985958664066E-06,1.61771573543913,56.5394308340531,15.0001402317874,15.0000416092815,""
102329.39801836,15.0000000824705,5.06423076254255E-06,1.29425080867339,6.33028845317818E-06,1.61781351084174,56.5395198744514,15.0001373249515,15.0000386965699,""
102344.84251833,15.0000001983715,5.0622310134225E-06,1.29432899065584,6.32778876677812E-06,1.6179112383198,56.5394486236074,15.0001344692315,15.0000358487301,""
102360.288887978,15.0000002289003,5.05917972302507E-06,1.29440716914711,6.32397465378134E-06,1.61800896143389,56.5393395704935,15.0001316131658,15.0000330005455,""
102375.733387947,15.0000002625368,5.05696439810573E-06,1.29448528603043,6.32120549763216E-06,1.61810660753803,56.5392325064512,15.0001320151256,15.0000334031502,""
102391.179757357,15.0000002974031,5.05512389551958E-06,1.29456338896186,6.31890486939947E-06,1.61820423620232,56.5391258949888,15.0001324171342,15.0000338058037,""
102406.624257326,14.9999999278775,5.05386317913629E-06,1.2946414521584,6.31732897392037E-06,1.618301815198,56.5391655171666,15.0001371509118,15.0000385467308,""
102422.070626974,14.9999993989448,5.0528625592835E-06,1.29471951120706,6.31607819910437E-06,1.61839938900882,56.5392395684974,15.0001418852625,15.0000432882318,""
102437.515126944,14.99999946261,5.05000582587752E-06,1.29479751080773,6.3125072823469E-06,1.61849688850967,56.5392496446636,15.0001520848673,15.0000534971642,""
102452.961496592,14.9999997598871,5.04631493139143E-06,1.29487549739126,6.30789366423928E-06,1.61859437173908,56.5392446744763,15.0001622857068,15.0000637073325,""
102468.405996561,14.9999998557572,5.04632593254586E-06,1.2949534530451,6.30790741568233E-06,1.61869181630638,56.5392860031149,15.0001729370177,15.0000743516818,""
102483.852366209,14.9999998722164,5.04800018419509E-06,1.29503140847956,6.31000023024386E-06,1.61878926059946,56.5393382195185,15.000183589618,15.0000849973196,""
102499.296866179,15.0000001157545,5.04717557124656E-06,1.29510935156257,6.3089694640582E-06,1.61888668945321,56.5394403352479,15.0001896379221,15.00009105365,""
102514.743235826,15.0000004489216,5.04522769843172E-06,1.29518730277068,6.30653462303965E-06,1.61898412846335,56.5395541848392,15.0001956869584,15.0000971107135,""
102530.187735796,15.0000002767473,5.04297118059563E-06,1.29526519826695,6.30371397574453E-06,1.61908149783368,56.5396037267436,15.0001949477336,15.0000963806128,""
102545.634105444,14.9999999050928,5.04057549874592E-06,1.29534308238451,6.3007193734324E-06,1.61917885298064,56.5396381855948,15.0001942084193,15.0000956504238,""
102561.078605413,14.9999997634171,5.04028337377151E-06,1.29542093851985,6.30035421721439E-06,1.61927617314982,56.5396497959822,15.0001919289112,15.0000933662514,""
102576.524975061,14.9999997125243,5.04093728859187E-06,1.29549879573409,6.30117161073983E-06,1.61937349466761,56.5396560506942,15.0001896491272,15.0000910818026,""
102591.969475031,14.9999999669131,5.04029253479531E-06,1.29557663739692,6.30036566849413E-06,1.61947079674615,56.5395339353859,15.0001829702195,15.0000844102958,""
102607.415844679,15.0000003419343,5.03906338168814E-06,1.29565448572602,6.29882922711018E-06,1.61956810715753,56.5393817258544,15.0001762905032,15.0000777379815,""
102622.860344648,15.0000004023225,5.03775827291805E-06,1.29573229727406,6.29719784114757E-06,1.61966537159257,56.5394963771052,15.0001675350935,15.0000689866945,""
102638.306714058,15.0000003383862,5.03641875004211E-06,1.29581010592619,6.29552343755264E-06,1.61976263240774,56.5396735194277,15.0001587786239,15.0000602343484,""
102653.751214266,15.000000114035,5.0346172700753E-06,1.29588786949409,6.29327158759413E-06,1.61985983686761,56.5396472031985,15.0001577272261,15.0000591855159,""
102669.197583675,14.9999998262281,5.03260749185123E-06,1.29596562641291,6.29075936481403E-06,1.61995703301614,56.5395732894904,15.0001566757009,15.0000581365566,""
102684.642083645,14.9999998607472,5.03271734408901E-06,1.29604336385527,6.29089668011126E-06,1.62005420481909,56.5395443446826,15.0001606691036,15.0000621297978,""
102700.088453293,15.0000000227517,5.03378184081368E-06,1.29612110617448,6.2922273010171E-06,1.6201513827181,56.5395259065059,15.0001646629897,15.0000661235224,""
102715.532953262,15.0000002156443,5.03408185350627E-06,1.2961988499452,6.29260231688283E-06,1.6202485624315,56.5395378222856,15.0001652290568,15.0000666878478,""
102730.97932291,15.0000004207906,5.03403749789581E-06,1.29627660802151,6.29254687236976E-06,1.62034576002689,56.5395568291342,15.0001657951924,15.0000672522415,""
102746.42382288,15.0000003589825,5.03309083612501E-06,1.2963543418042,6.29136354515626E-06,1.62044292725524,56.5395824779686,15.0001648134476,15.0000662736153,""
102761.870192528,15.0000001914969,5.03173735551907E-06,1.29643207828952,6.28967169439883E-06,1.62054009786191,56.539609680672,15.0001638315839,15.0000652948707,""
102777.314692736,15.0000001066084,5.03015919902816E-06,1.29650977307813,6.2876989987852E-06,1.62063721634766,56.5396784097314,15.0001617116669,15.0000631775482,""
102792.761062145,15.000000054413,5.02847947356741E-06,1.29658746271135,6.28559934195926E-06,1.62073432838919,56.5397568324039,15.0001595914935,15.0000610599695,""
102808.205562115,15.0000001609037,5.02593106178165E-06,1.29666509376358,6.28241382722707E-06,1.62083136720447,56.5398271793223,15.0001571110546,15.000058587487,""
102823.651931763,15.0000003302761,5.02299043394044E-06,1.29674271203203,6.27873804242555E-06,1.62092839004004,56.5398956550764,15.0001546303155,15.0000561147051,""
102839.096431732,15.0000000478101,5.02174059036305E-06,1.29682028442305,6.27717573795381E-06,1.62102535552881,56.5397992114042,15.0001571455176,15.0000586301901,""
102854.542801142,14.9999995862266,5.02125331376929E-06,1.29689784974289,6.27656664221162E-06,1.62112231217862,56.5396643571814,15.0001596610242,15.0000611459796,""
102869.987301111,14.9999998178876,5.02107651776157E-06,1.29697540009914,6.27634564720196E-06,1.62121925012393,56.5394447140912,15.0001650911219,15.0000665764563,""
102885.433670759,15.0000003244432,5.02103980989855E-06,1.29705295732671,6.27629976237319E-06,1.62131619665839,56.5392053134722,15.0001705218769,15.0000720075905,""
102900.878170729,15.0000001370474,5.02055727697424E-06,1.29713049749905,6.27569659621779E-06,1.62141312187381,56.539213841001,15.0001738446486,15.000075334771,""
102916.324540377,14.9999996743712,5.01987339066648E-06,1.29720804359633,6.2748417383331E-06,1.62151005449541,56.5392800006666,15.0001771678225,15.0000786623542,""
102931.769040346,14.9999997080199,5.01724124560146E-06,1.29728553566089,6.27155155700182E-06,1.62160691957612,56.5392204547073,15.0001809826019,15.0000824831778,""
102947.215409994,14.9999999386175,5.01372879233563E-06,1.29736301694151,6.26716099041953E-06,1.62170377117689,56.5391317027209,15.000184797843,15.0000863044639,""
102962.659909964,14.9999998198274,5.01290020196416E-06,1.2974404555595,6.2661252524552E-06,1.62180056944937,56.539121584608,15.0001912313582,15.0000927401182,""
102978.106279612,14.9999995623222,5.01328392901915E-06,1.29751788851381,6.26660491127394E-06,1.62189736064226,56.5391297145097,15.0001976656521,15.0000991765515,""
102993.550779581,14.9999996181641,5.01204355245128E-06,1.29759529517366,6.2650544405641E-06,1.62199411896708,56.5391950845067,15.0002007125699,15.0001022289003,""
103008.997149229,14.9999997984547,5.01006900157545E-06,1.29767270355611,6.26258625196931E-06,1.62209087944514,56.5392737381446,15.0002037598566,15.0001052816186,""
103024.441649199,14.9999999254553,5.00946897601001E-06,1.29775008179358,6.26183622001251E-06,1.62218760224197,56.5391118464926,15.0001983250359,15.0000998463261,""
103039.888018847,15.0000000313057,5.00949022524349E-06,1.29782746000533,6.26186278155436E-06,1.62228432500666,56.5388941927946,15.0001928895572,15.0000944103756,""
103055.332518816,15.0000000414301,5.00940276346555E-06,1.29790482762382,6.26175345433194E-06,1.62238103452977,56.5388683131715,15.0001828282405,15.0000843491679,""
103070.778888464,15.0000000135094,5.0092661246564E-06,1.29798220405326,6.2615826558205E-06,1.62247775506658,56.538886831368,15.0001727657058,15.0000742867422,""
103086.223388433,14.9999999853197,5.00905075736946E-06,1.29805956699456,6.26131344671182E-06,1.6225744587432,56.539014780339,15.0001650963847,15.0000666204257,""
103101.669757843,14.9999999570182,5.00879973721311E-06,1.29813693743503,6.26099967151639E-06,1.62267117179379,56.5391680649277,15.0001574261353,15.0000589531813,""
103117.114258051,15.0000001139673,5.00657589579247E-06,1.29821426270208,6.25821986974058E-06,1.6227678283776,56.5391490502963,15.0001527665629,15.0000542979758,""
103132.56062746,15.0000003446323,5.00345889845766E-06,1.29829158112014,6.25432362307208E-06,1.62286447640018,56.5390902034337,15.0001481064266,15.0000496422069,""
103148.00512743,15.0000002162578,5.00250112643861E-06,1.29836885724984,6.25312640804826E-06,1.62296107156231,56.5390113266454,15.000147390281,15.0000489263837,""
103163.451497078,14.9999999449833,5.00252063834306E-06,1.29844612782534,6.25315079792883E-06,1.62305765978168,56.5389278115777,15.0001466740487,15.0000482104739,""
103178.895997047,14.9999999211991,5.00288734997653E-06,1.29852339482548,6.25360918747067E-06,1.62315424353185,56.5388056985264,15.0001477500814,15.0000492835743,""
103194.342366695,14.9999999959388,5.00341135239588E-06,1.2986006737961,6.25426419049484E-06,1.62325084224513,56.5386746589723,15.0001488262443,15.0000503568046,""
103209.786866665,14.9999999941897,5.00263018521728E-06,1.29867793439338,6.2532877315216E-06,1.62334741799172,56.5387954338289,15.0001485877017,15.0000501230262,""
103225.233236313,14.9999999619768,5.00125764462041E-06,1.29875520025748,6.25157205577551E-06,1.62344400032185,56.5389742985781,15.0001483491303,15.0000498892195,""
103240.677736521,14.9999999659601,4.99877645032324E-06,1.29883241046861,6.24847056290405E-06,1.62354051308577,56.5389180691122,15.0001497468172,15.000051291247,""
103256.12410593,14.9999999843658,4.99579243315213E-06,1.29890960904013,6.24474054144016E-06,1.62363701130016,56.538807658372,15.0001511446732,15.0000526934442,""
103271.5686059,14.9999999486117,4.99427274072864E-06,1.29898675745912,6.24284092591079E-06,1.6237334468239,56.5387987192093,15.000154088977,15.0000556395177,""
103287.014975548,14.9999998912633,4.99341656615834E-06,1.29906389671623,6.24177070769792E-06,1.62382987089529,56.5388131422781,15.0001570336372,15.0000585859479,""
103302.459475517,15.000000047588,4.99195291254958E-06,1.29914099905639,6.23994114068698E-06,1.62392624882049,56.5388387852918,15.0001560669913,15.00005762373,""
103317.905844927,15.0000002891441,4.99021353445572E-06,1.2992180982214,6.23776691806965E-06,1.62402262277675,56.5388670134309,15.0001551002284,15.0000566613956,""
103333.350344896,15.0000001737916,4.98896810101725E-06,1.29929515872094,6.23621012627156E-06,1.62411894840118,56.5390083525667,15.0001518781738,15.0000534428066,""
103348.796714544,14.9999999160394,4.98794650860417E-06,1.29937221524119,6.23493313575521E-06,1.62421526905149,56.53917571482,15.0001486557292,15.0000502238278,""
103364.241214514,14.9999999305949,4.98671897171129E-06,1.29944923754554,6.23339871463911E-06,1.62431154693193,56.5390205316815,15.0001492179715,15.0000507913549,""
103379.687584162,15.0000000538282,4.9853977676486E-06,1.29952625787896,6.23174720956074E-06,1.62440782234869,56.538791237416,15.0001497802818,15.0000513589506,""
103395.132084131,15.0000003013605,4.98469524814636E-06,1.29960325037464,6.23086906018295E-06,1.6245040629683,56.5387706157549,15.0001502638094,15.0000518454429,""
103410.578453779,15.0000005985615,4.98427344031933E-06,1.29968024378549,6.23034180039916E-06,1.62460030473187,56.5387978845069,15.0001507473956,15.000052331994,""
103426.022953749,15.0000003329121,4.98273305321575E-06,1.2997572016382,6.22841631651968E-06,1.62469650204775,56.5388440187987,15.0001521785184,15.0000537688051,""
103441.469323397,14.9999998424054,4.9806844727134E-06,1.29983415689143,6.22585559089175E-06,1.62479269611429,56.5388944864277,15.0001536098145,15.0000552057901,""
103456.913823366,14.9999998587556,4.98068338827467E-06,1.2999110909392,6.22585423534333E-06,1.62488886367399,56.5388838999889,15.0001582261052,15.0000598205066,""
103472.360193014,15.0000000776388,4.98161234344592E-06,1.2999880288987,6.22701542930739E-06,1.62498503612337,56.538859321493,15.0001628429548,15.0000644357818,""
103487.804692984,14.9999998369279,4.98041120724398E-06,1.30006494437486,6.22551400905497E-06,1.62508118046858,56.5389197486518,15.0001649728579,15.0000665715438,""
103503.251062632,14.9999994124558,4.97824197254461E-06,1.30014186317701,6.22280246568076E-06,1.62517732897126,56.5389996482231,15.000167103019,15.0000687075643,""
103518.695562601,14.9999997229837,4.97640340993243E-06,1.30021873170689,6.22050426241554E-06,1.62527341463361,56.5390183107137,15.000164320801,15.0000659269692,""
103534.141932249,15.0000003274969,4.9747148280689E-06,1.3002955909212,6.21839353508612E-06,1.6253694886515,56.5390229659533,15.0001615382462,15.0000631460374,""
103549.586432219,15.0000002720976,4.97303770173396E-06,1.30037240515156,6.21629712716745E-06,1.62546550643946,56.5390109934442,15.0001569670364,15.0000585838547,""
103565.032801628,14.9999999526763,4.9713654888762E-06,1.30044921245385,6.21420686109525E-06,1.62556151556732,56.5389952180408,15.0001523952733,15.0000540211197,""
103580.477301598,14.9999997795949,4.97021458322907E-06,1.30052598300622,6.21276822903634E-06,1.62565747875777,56.539044815348,15.0001522994873,15.0000539235895,""
103595.923671246,14.9999996650546,4.96930059262623E-06,1.30060275036319,6.21162574078278E-06,1.62575343795399,56.5391093523314,15.0001522036897,15.0000538260476,""
103611.368171453,14.9999997137589,4.96928527613833E-06,1.30067950290534,6.21160659517291E-06,1.62584937863168,56.539152036245,15.000154937815,15.0000565653049,""
103626.814540863,14.9999998278347,4.96967886006251E-06,1.30075626222293,6.21209857507814E-06,1.62594532777867,56.5391897388612,15.0001576722712,15.0000593048936,""
103642.259040833,14.9999999989199,4.96697726088374E-06,1.30083297279753,6.20872157610467E-06,1.62604121599691,56.539217145616,15.0001566524294,15.0000582947013,""
103657.70541048,15.0000001928701,4.96286637580637E-06,1.30090967469887,6.20358296975796E-06,1.62613709337359,56.5392422084458,15.0001556324641,15.0000572843867,""
103673.14991045,15.0000001313656,4.96181332793761E-06,1.30098632728848,6.20226665992201E-06,1.6262329091106,56.5391871105764,15.0001553681216,15.000057017757,""
103688.596280098,14.9999999674829,4.96215238003144E-06,1.30106297093009,6.2026904750393E-06,1.62632871366261,56.5391137382835,15.0001551037472,15.000056751095,""
103704.040780067,14.9999998213513,4.96321725152524E-06,1.30113962370156,6.20402156440655E-06,1.62642452962695,56.5391637091687,15.0001586276557,15.0000602715508,""
103719.487149715,14.9999996823111,4.96461290115276E-06,1.30121629413737,6.20576612644095E-06,1.62652036767171,56.5392417712052,15.0001621519908,15.0000637924328,""
103734.931649923,14.9999996980984,4.96245760523726E-06,1.30129293006418,6.20307200654658E-06,1.62661616258022,56.5392747559976,15.000164438175,15.0000660930433,""
103750.378019333,14.9999997759831,4.95868402234584E-06,1.30136956376925,6.1983550279323E-06,1.62671195471156,56.5392974903792,15.0001667246359,15.0000683939322,""
103765.822519302,14.9999999098329,4.95774790560733E-06,1.30144615195344,6.19718488200916E-06,1.6268076899418,56.5392975396443,15.0001619892111,15.0000636551024,""
103781.268888712,15.0000000661599,4.95810489069277E-06,1.30152273288574,6.19763111336596E-06,1.62690341610717,56.5392924320701,15.0001572532131,15.0000589156989,""
103796.713388681,15.0000001488059,4.95798687433368E-06,1.30159930478699,6.19748359291709E-06,1.62699913098373,56.5392138751905,15.0001496691195,15.0000513308251,""
103812.159758329,15.0000002018914,4.9576522662333E-06,1.3016758860661,6.19706533279162E-06,1.62709485758263,56.5391186233208,15.0001420841078,15.0000437450331,""
103827.604258299,15.0000001670729,4.95771305284247E-06,1.30175245708414,6.19714131605309E-06,1.62719057135517,56.5391590340589,15.000138601717,15.0000402632174,""
103843.050627947,15.0000000969507,4.95795418676224E-06,1.30182903691945,6.19744273345279E-06,1.62728629614932,56.5392302405592,15.0001351189045,15.0000367809803,""
103858.495127916,15.000000160015,4.95627656905744E-06,1.30190558296337,6.1953457113218E-06,1.62738197870421,56.5392629584645,15.0001348498434,15.0000365161883,""
103873.941497564,15.0000002765927,4.95372322944544E-06,1.30198212708435,6.1921540368068E-06,1.62747765885544,56.5392869529334,15.0001345807496,15.0000362513642,""
103889.385997534,15.0000002025767,4.95057406140066E-06,1.30205859857951,6.18821757675082E-06,1.62757324822438,56.5392553448045,15.0001337326519,15.0000354108277,""
103904.832367182,15.0000000519529,4.94715240022711E-06,1.30213505041063,6.18394050028388E-06,1.62766881301329,56.5392111327681,15.0001328844514,15.0000345701893,""
103920.276867151,15.0000001011779,4.94634472400476E-06,1.3022114607961,6.18293090500594E-06,1.62776432599513,56.5392599218119,15.0001351604354,15.0000368439877,""
103935.723236799,15.0000002307588,4.94673034185211E-06,1.3022878657325,6.18341292731514E-06,1.62785983216563,56.5393297746481,15.0001374366949,15.0000391180612,""
103951.167736769,15.0000001508223,4.94675298527952E-06,1.30236426399149,6.1834412315994E-06,1.62795532998936,56.5393520983973,15.0001439872244,15.0000456720936,""
103966.614106417,14.9999999866031,4.94660985735586E-06,1.30244067267338,6.18326232169482E-06,1.62805084084173,56.5393636729637,15.000150538547,15.0000522269195,""
103982.058606386,15.0000001643323,4.95064573374184E-06,1.30251713362059,6.1883071671773E-06,1.62814641702574,56.5394606311819,15.0001566010683,15.0000582679681,""
103997.504975796,15.0000004796814,4.95659157890244E-06,1.30259363193008,6.19573947362805E-06,1.6282420399126,56.5395769045793,15.0001626643235,15.0000643097481,""
104012.949475765,15.0000003821119,4.96848417483776E-06,1.30267033889502,6.2106052185472E-06,1.62833792361878,56.5395659135323,15.0001638559916,15.0000654522609,""
104028.395845413,15.0000001183118,4.98309667789624E-06,1.30274715474994,6.2288708473703E-06,1.62843394343743,56.5395261761532,15.0001650478039,15.0000665949121,""
104043.840345383,15.0000000757933,4.99561265231373E-06,1.30282423869663,6.24451581539216E-06,1.62853029837079,56.5394761339651,15.0001643336656,15.0000658358969,""
104059.286715031,15.0000001223774,5.0071723443183E-06,1.30290145880727,6.25896543039787E-06,1.62862682350909,56.539423758721,15.0001636194408,15.0000650767898,""
104074.731215,15.0000001059921,5.01747318936177E-06,1.30297889515642,6.27184148670222E-06,1.62872361894552,56.5395020778153,15.0001649012172,15.0000663051823,""
104090.177584648,15.000000064236,5.0272001367713E-06,1.30305644406049,6.28400017096413E-06,1.62882055507562,56.5396098803881,15.0001661831488,15.0000675337235,""
104105.622084856,15.0000000510338,5.03107423488383E-06,1.30313409933502,6.28884279360478E-06,1.62891762416878,56.5397799837967,15.000170224964,15.00007153647,""
104121.068454266,15.0000000493375,5.03227139310388E-06,1.30321181697163,6.29033924137985E-06,1.62901477121454,56.5399641500822,15.0001742672683,15.000075539701,""
104136.512954235,15.0000000034222,5.03354577901624E-06,1.30328955176574,6.2919322237703E-06,1.62911193970718,56.5400799746744,15.0001778666096,15.0000791010883,""
104151.959323883,14.9999999396702,5.03485573274704E-06,1.3033673081284,6.2935696659338E-06,1.62920913516051,56.5401804300844,15.0001814663867,15.0000826629068,""
104167.403823853,14.9999999172423,5.03568455544145E-06,1.30344507540571,6.29460569430181E-06,1.62930634425714,56.5402902812621,15.0001822416944,15.0000834059416,""
104182.850193501,14.9999999114788,5.03629326185502E-06,1.303522861404,6.29536657731877E-06,1.629403576755,56.5404022623735,15.000183017096,15.0000841490664,""
104198.294693708,14.9999999504977,5.03517096215757E-06,1.30360062414808,6.29396370269696E-06,1.6295007801851,56.5404048111495,15.0001841800557,15.0000852860282,""
104213.741063118,15.0000000075939,5.03325573784829E-06,1.30367838996469,6.29156967231036E-06,1.62959798745587,56.540382762605,15.0001853431562,15.0000864231276,""
104229.185563087,14.9999999441049,5.03316259540794E-06,1.30375613393819,6.29145324425993E-06,1.62969516742273,56.540566884519,15.0001867175842,15.0000877727867,""
104244.631932497,14.9999998319265,5.03390415547484E-06,1.30383388162638,6.29238019434354E-06,1.62979235203298,56.5407973383421,15.0001880921787,15.0000891226093,""
104260.076432467,14.9999997160829,5.03363518612901E-06,1.30391162000502,6.29204398266127E-06,1.62988952500627,56.5409726143065,15.0001906557472,15.0000916620627,""
104275.522802114,14.9999995987396,5.03290307558987E-06,1.30398936784037,6.29112884448733E-06,1.62998670980046,56.5411355336568,15.0001932196261,15.0000942018236,""
104290.967302084,14.9999997139069,5.0323503415437E-06,1.30406709352863,6.29043792692963E-06,1.63008386691079,56.5410664944035,15.0001936853802,15.0000946486578,""
104306.413671732,14.9999999230317,5.03187974041072E-06,1.3041448227869,6.28984967551339E-06,1.63018102848363,56.5409454326325,15.0001941511907,15.0000950955461,""
104321.858171701,14.9999999828367,5.03135563149569E-06,1.30422253184331,6.28919453936961E-06,1.63027816480414,56.5409659228495,15.0001922244528,15.0000931548568,""
104337.304541349,14.9999999822997,5.03080689245222E-06,1.30430024535685,6.28850861556527E-06,1.63037530669606,56.5410181307567,15.0001902974818,15.0000912139326,""
104352.749041319,14.9999999181959,5.02929555372841E-06,1.30437792297498,6.28661944216051E-06,1.63047240371872,56.5410292659581,15.0001907034257,15.0000916061282,""
104368.195410967,14.9999998283783,5.02734236950116E-06,1.30445559784381,6.28417796187645E-06,1.63056949730476,56.5410312079383,15.0001911094189,15.0000919983714,""
104383.639910936,14.9999998970037,5.02633478564786E-06,1.30453323655907,6.28291848205983E-06,1.63066654569884,56.5412014348825,15.0001943353089,15.0000952165102,""
104399.086280584,15.0000000297328,5.02576095155397E-06,1.30461087239558,6.28220118944246E-06,1.63076359049448,56.5414093301786,15.0001975615894,15.0000984350386,""
104414.530780554,15.0000000771533,5.02688874132447E-06,1.30468851296884,6.28361092665559E-06,1.63086064121105,56.5415283188743,15.0001987563002,15.0000996107799,""
104429.977150202,15.0000000900597,5.0287978556914E-06,1.30476616943009,6.28599731961425E-06,1.63095771178761,56.5416274540697,15.0001999511557,15.0001007866635,""
104445.421650171,15.0000001237442,5.02777709084815E-06,1.30484381165214,6.28472136356018E-06,1.63105476456518,56.5416740396959,15.0001938796201,15.0000947112814,""
104460.868019581,15.0000001658463,5.02541073681859E-06,1.30492146104967,6.28176342102324E-06,1.63115182631208,56.5417088966172,15.0001878073496,15.000088635164,""
104476.31251955,15.0000001805934,5.02552249489434E-06,1.30499908923655,6.28190311861792E-06,1.63124886154569,56.5416998641268,15.0001792777151,15.0000800930446,""
104491.758889198,15.000000184264,5.02677261519343E-06,1.30507672139393,6.28346576899179E-06,1.63134590174241,56.5416810366696,15.000170747048,15.000071549891,""
104507.203389168,15.0000000390097,5.02418934192926E-06,1.30515431140296,6.28023667741157E-06,1.6314428892537,56.5415885515517,15.0001680335626,15.0000688368065,""
104522.649758816,14.9999998333906,5.01984411181558E-06,1.30523189575327,6.27480513976948E-06,1.63153986969159,56.5414796298645,15.0001653197487,15.0000661233935,""
104538.094258785,14.9999999367674,5.01903046652521E-06,1.30530943330333,6.27378808315652E-06,1.63163679162916,56.5415386840364,15.0001643415906,15.0000651358156,""
104553.540628433,15.0000001654088,5.01984004299239E-06,1.30538696304193,6.27480005374048E-06,1.63173370380241,56.5416351688151,15.000163363314,15.0000641481181,""
104568.985128641,14.9999999064259,5.01777708485562E-06,1.30546445615933,6.27222135606953E-06,1.63183057019917,56.5416282800139,15.0001646363358,15.000065427479,""
104584.431498051,14.9999994496672,5.0143928947386E-06,1.30554194612926,6.26799111842325E-06,1.63192743266157,56.5415983792089,15.0001659095117,15.0000667069947,""
104599.87599802,14.9999996797259,5.01212852430567E-06,1.3056193724132,6.26516065538209E-06,1.6320242155165,56.5416172991542,15.0001656991332,15.0000664920872,""
104615.322367668,15.000000188442,5.01037885116628E-06,1.30569678308667,6.26297356395785E-06,1.63212097885833,56.541647080578,15.0001654887292,15.0000662771538,""
104630.766867638,15.0000002010113,5.00989941818314E-06,1.30577416699378,6.26237427272892E-06,1.63221770874222,56.54143512406,15.0001620456496,15.0000628345386,""
104646.213237286,15.0000000122313,5.01000438690415E-06,1.30585155226314,6.26250548363018E-06,1.63231444032893,56.5411694127131,15.0001586021531,15.0000593915067,""
104661.657737255,15.0000000251552,5.01008770550719E-06,1.30592893005163,6.26260963188399E-06,1.63241116256454,56.5411891190945,15.0001587915715,15.0000595764952,""
104677.104106903,15.0000001199723,5.01016107340712E-06,1.30600631807558,6.2627013417589E-06,1.63250789759448,56.541272207579,15.0001589810129,15.0000597615061,""
104692.548607111,15.0000000013496,5.00994648750969E-06,1.30608369383755,6.26243310938711E-06,1.63260461729693,56.5412873819824,15.0001640110205,15.0000647858404,""
104707.994976282,14.9999997960157,5.00959927517125E-06,1.30616107762931,6.26199909396407E-06,1.63270134703663,56.5412874900646,15.0001690416367,15.0000698107827,""
104723.439476252,14.9999998730603,5.00687061589616E-06,1.3062384079295,6.2585882698702E-06,1.63279800991187,56.5412038251206,15.0001695408542,15.0000703212447,""
104738.8858459,15.0000000648558,5.00304456342743E-06,1.3063157272634,6.25380570428429E-06,1.63289465907925,56.5411015756403,15.000170040132,15.0000708317684,""
104754.330345869,15.0000001093974,5.00053367270029E-06,1.30639297664215,6.25066709087536E-06,1.63299122080269,56.5411005436975,15.0001658653391,15.0000666574617,""
104769.776715517,15.000000094089,4.9986283158008E-06,1.3064702074487,6.248285394751E-06,1.63308775931087,56.5411219328612,15.0001616900407,15.0000624826497,""
104785.221215487,15.0000000495337,4.99840624889579E-06,1.3065474146185,6.24800781111974E-06,1.63318426827312,56.5410419819082,15.0001624388717,15.0000632300524,""
104800.667585135,14.9999999930773,4.99896000339603E-06,1.3066246245482,6.24870000424504E-06,1.63328078068524,56.5409395890245,15.0001631877933,15.0000639775456,""
104816.112085104,14.9999998855221,4.99890621380431E-06,1.30670182745586,6.24863276725539E-06,1.63337728431983,56.5409661416147,15.0001657574836,15.0000665517166,""
104831.558454752,14.9999997571603,4.99857229105104E-06,1.30677904078108,6.2482153638138E-06,1.63347380097635,56.5410212149923,15.000168327485,15.0000691261991,""
104847.002954721,14.9999997898672,4.99808754559988E-06,1.30685623537129,6.24760943199985E-06,1.63357029421411,56.5410592738374,15.0001712614355,15.0000720578016,""
104862.449324369,14.9999998881327,4.99753315019506E-06,1.30693343497555,6.24691643774382E-06,1.63366679371943,56.5410935785398,15.0001741957411,15.000074989759,""
104877.893824339,14.9999999942476,4.99668076111168E-06,1.30701060891363,6.2458509513896E-06,1.63376326114203,56.5409755582481,15.0001732234198,15.0000740152931,""
104893.340193987,15.0000001035764,4.99569073053475E-06,1.30708778466268,6.24461341316843E-06,1.63385973082835,56.5408238881484,15.0001722509809,15.0000730407093,""
104908.784693956,15.0000000427379,4.99583152632762E-06,1.30716494761173,6.24478940790952E-06,1.63395618451466,56.5407746964363,15.0001692316654,15.0000700199006,""
104924.231063366,14.9999999125766,4.99649427346308E-06,1.30724211830437,6.24561784182885E-06,1.63405264788047,56.5407481055298,15.0001662119844,15.0000669987262,""
104939.675563574,14.9999999556277,4.9942067749182E-06,1.30731924809515,6.24275846864775E-06,1.63414906011893,56.5408111510232,15.000161014166,15.0000618035836,""
104955.121932983,15.0000000692676,4.99055674134043E-06,1.30739637264616,6.23819592667554E-06,1.6342454658077,56.5408939646312,15.0001558157185,15.0000566078121,""
104970.566432953,15.0000001694488,4.98872194318097E-06,1.307473438771,6.23590242897622E-06,1.63434179846375,56.540715056956,15.0001537459566,15.0000545436117,""
104986.012802601,15.0000002641607,4.98772519968305E-06,1.30755049154909,6.23465649960381E-06,1.63443811443636,56.5404784780804,15.0001516759442,15.0000524791614,""
105001.45730257,15.0000000158841,4.98623756214921E-06,1.30762750635784,6.23279695268651E-06,1.6345343829473,56.540397327403,15.0001532921148,15.0000540964495,""
105016.903672218,14.999999627689,4.98452286164692E-06,1.30770451725496,6.23065357705865E-06,1.6346306465687,56.5403503701788,15.000154908481,15.0000557139334,""
105032.348172188,14.9999996637521,4.98320879469853E-06,1.30778148879246,6.22901099337317E-06,1.63472686099058,56.5402126061489,15.0001546800043,15.0000554902552,""
105047.794541836,14.999999872911,4.98207965594378E-06,1.30785845576364,6.22759956992972E-06,1.63482306970455,56.5400548540741,15.0001544514999,15.0000552665499,""
105063.239042044,15.0000000500481,4.98047999884573E-06,1.3079353822995,6.22559999855716E-06,1.63491922787438,56.540073565059,15.0001527258721,15.0000535481272,""
105078.685411453,15.000000214146,4.97866252556245E-06,1.30801230375613,6.22332815695306E-06,1.63501537969516,56.5401310498581,15.0001510000354,15.0000518294966,""
105094.129911423,15.0000001419481,4.97798308208532E-06,1.30808919509192,6.22247885260665E-06,1.6351114938649,56.5401889817579,15.0001501207595,15.0000509505674,""
105109.576281071,14.9999999732554,4.97782983772919E-06,1.30816608611003,6.22228729716148E-06,1.63520760763753,56.5402470203631,15.0001492413773,15.0000500715318,""
105125.02078104,14.9999998957723,4.97702943907689E-06,1.30824295458852,6.22128679884611E-06,1.63530369323566,56.5400461108245,15.0001494749769,15.0000503086186,""
105140.46715045,14.9999998555333,4.97592949956676E-06,1.30831982624877,6.21991187445845E-06,1.63539978281096,56.5397883708606,15.0001497086048,15.0000505457342,""
105155.911650419,14.9999999245204,4.97557118037377E-06,1.3083966768322,6.21946397546722E-06,1.63549584604025,56.5397244313071,15.0001505271353,15.0000513620616,""
105171.358020067,15.000000038154,4.97555601678152E-06,1.30847353126974,6.21944502097689E-06,1.63559191408718,56.5397029579372,15.0001513457649,15.0000521784878,""
105186.802520037,15.0000001090353,4.97531801661101E-06,1.30855037264246,6.21914752076376E-06,1.63568796580307,56.5395859651317,15.0001496168172,15.0000504525978,""
105202.248889685,15.0000001624512,4.97497681147352E-06,1.30862722157553,6.2187210143419E-06,1.63578402696941,56.5394480370608,15.0001478876601,15.000048726499,""
105217.693389654,15.0000002406369,4.97229265587608E-06,1.3087040178134,6.2153658198451E-06,1.63588002226675,56.5394088743982,15.0001444623435,15.0000453095223,""
105233.139759302,15.0000003289662,4.96852298236081E-06,1.30878080324984,6.21065372795102E-06,1.6359760040623,56.5393913170367,15.0001410366122,15.000041892132,""
105248.584259272,15.0000001874224,4.96761734230506E-06,1.30885754404825,6.20952167788133E-06,1.63607193006031,56.5392270477421,15.0001399960152,15.000040847636,""
105264.03062892,14.9999999518036,4.96803835154337E-06,1.30893427776122,6.21004793942921E-06,1.63616784720153,56.5390306782278,15.0001389552923,15.0000398030135,""
105279.475128889,14.9999998770177,4.967199709283E-06,1.30901099161649,6.20899963660376E-06,1.63626373952062,56.5389596581935,15.0001428722885,15.0000437270066,""
105294.921498537,14.9999998680492,4.96577716715025E-06,1.30908770985979,6.20722145893782E-06,1.63635963732474,56.5389160106126,15.0001467897589,15.0000476514747,""
105310.365998507,14.9999999521304,4.96363141503598E-06,1.30916437762132,6.20453926879497E-06,1.63645547202665,56.5388443444957,15.0001537605413,15.0000546287363,""
105325.812368155,15.0000000743274,4.96115001733727E-06,1.30924103556436,6.20143752167159E-06,1.63655129445545,56.5387665521195,15.0001607321676,15.0000616068426,""
105341.256868124,14.9999999714916,4.95938718761118E-06,1.30931764295955,6.19923398451398E-06,1.63664705369943,56.5388076753583,15.000163459547,15.0000643384917,""
105356.703237772,14.9999997764556,4.95795727166851E-06,1.30939424048844,6.19744658958563E-06,1.63674280061055,56.5388747393661,15.0001661872566,15.0000670704716,""
105372.147737741,14.9999999161751,4.95788043545733E-06,1.30947081947138,6.19735054432166E-06,1.63683852433922,56.5388808943465,15.000163978466,15.0000648617305,""
105387.594107151,15.0000001931035,4.95843127018793E-06,1.3095474034208,6.19803908773492E-06,1.636934254276,56.5388737773193,15.0001617694082,15.000062652722,""
105403.038607121,15.0000001830256,4.95720790558828E-06,1.30962396231959,6.19650988198535E-06,1.63702995289949,56.538966934834,15.0001527595708,15.0000536485857,""
105418.484976768,15.0000000552812,4.95516100669897E-06,1.30970052316199,6.19395125837372E-06,1.63712565395248,56.5390819392828,15.0001437486428,15.0000446433594,""
105433.929476976,15.0000001270797,4.95233671672489E-06,1.30977701954651,6.19042089590611E-06,1.63722127443314,56.5390202836074,15.0001351537837,15.0000360576247,""
105449.375846386,15.0000002807308,4.94915105584268E-06,1.30985349956561,6.18643881980335E-06,1.63731687445701,56.5389201855938,15.0001265578844,15.0000274708509,""
105464.820346355,15.0000001363493,4.94816786592775E-06,1.30992993714582,6.18520983240969E-06,1.63741242143228,56.5388819463367,15.000126244622,15.0000271575258,""
105480.266716003,14.9999998696586,4.94820724988697E-06,1.31000636856871,6.18525906235871E-06,1.63750796071089,56.5388571480128,15.0001259313218,15.0000268441627,""
105495.711215973,14.9999999340015,4.94845011442193E-06,1.31008279471377,6.18556264302742E-06,1.63760349339221,56.5389342495051,15.0001303247776,15.0000312401404,""
105511.157585621,15.0000001342352,4.9487875429988E-06,1.3101592319569,6.1859844287485E-06,1.63769903994612,56.5390334945869,15.0001347187653,15.0000356366503,""
105526.602085829,15.0000001323445,4.94555182073861E-06,1.31023561187469,6.18193977592326E-06,1.63779451484337,56.5389683204433,15.0001393991857,15.0000403333865,""
105542.048455238,15.0000000474534,4.94065516055633E-06,1.31031197869475,6.17581895069542E-06,1.63788997336844,56.5388674549908,15.0001440801726,15.0000450306911,""
105557.492955208,15.000000047626,4.93900410836037E-06,1.31038828314132,6.17375513545046E-06,1.63798535392665,56.5388644716405,15.0001474159026,15.0000483634626,""
105572.939324856,15.0000000827432,4.93886143550007E-06,1.31046457212502,6.17357679437508E-06,1.63808071515628,56.5388827123496,15.0001507520363,15.0000516966377,""
105588.383824825,14.9999998798736,4.9385223412488E-06,1.31054084583211,6.173152926561E-06,1.63817605729014,56.5389396269478,15.0001535593669,15.0000545131722,""
105603.830194235,14.9999995791639,4.93809185248586E-06,1.31061712596158,6.17261481560732E-06,1.63827140745197,56.5390049289411,15.0001563670373,15.0000573300476,""
105619.274694204,14.9999996647235,4.93643864960065E-06,1.31069336889662,6.17054831200081E-06,1.63836671112078,56.5389868315744,15.0001619221524,15.0000628869567,""
105634.721063852,14.9999999091075,4.93421640905891E-06,1.31076960805321,6.16777051132364E-06,1.63846201006651,56.5389506773317,15.00016747794,15.0000684445385,""
105650.165563822,14.9999999551195,4.93431913749441E-06,1.31084582704465,6.16789892186802E-06,1.63855728380581,56.538882404717,15.0001707169,15.0000716842105,""
105665.61193347,14.9999999195483,4.93550370680768E-06,1.31092205017336,6.1693796335096E-06,1.6386525627167,56.5388071748487,15.0001739562521,15.0000749242746,""
105681.056433439,14.9999999719768,4.93307841998092E-06,1.31099823328789,6.16634802497615E-06,1.63874779160986,56.5389700647266,15.0001717129537,15.0000726949089,""
105696.502803087,15.0000000606236,4.92897244685709E-06,1.3110744112926,6.16121555857136E-06,1.63884301411575,56.5391844412267,15.0001694693837,15.0000704652733,""
105711.947303057,15.0000001089597,4.92773666446399E-06,1.31115053786753,6.15967083057998E-06,1.63893817233441,56.53921175316,15.0001669587951,15.0000679540052,""
105727.393672705,15.0000001407109,4.92783708291596E-06,1.31122665400245,6.15979635364495E-06,1.63903331750306,56.5391986740478,15.0001644479026,15.0000654424331,""
105742.838172674,15.0000001241493,4.92826484860835E-06,1.31130276809653,6.16033106076043E-06,1.63912846012066,56.5391837443918,15.0001624302516,15.0000634251893,""
105758.284542322,15.0000000876895,4.92884516131115E-06,1.31137889474601,6.16105645163893E-06,1.63922361843252,56.5391684132599,15.0001604123563,15.0000614077014,""
105773.729042292,15.0000001125494,4.92813627640181E-06,1.31145500449661,6.16017034550226E-06,1.63931875562077,56.539082801037,15.0001616931777,15.0000626884097,""
105789.17541194,15.0000001626754,4.92682658321225E-06,1.31153111988009,6.15853322901532E-06,1.63941389985011,56.5389820247377,15.0001629741542,15.000063969273,""
105804.619911909,15.000000106994,4.92623243396787E-06,1.31160720950699,6.15779054245984E-06,1.63950901188373,56.5389956378866,15.0001694427005,15.0000704433044,""
105820.066281557,15.000000007696,4.92597168889699E-06,1.31168330063347,6.15746461112124E-06,1.63960412579184,56.5390338931134,15.00017591203,15.0000769181194,""
105835.510781527,14.9999999564334,4.92358973942443E-06,1.31175934429214,6.15448717428054E-06,1.63969918036517,56.5390751638027,15.0001806444905,15.0000816583136,""
105850.957150936,14.9999999249672,4.92021835614254E-06,1.3118353793156,6.15027294517817E-06,1.6397942241445,56.5391170895698,15.0001853775239,15.0000863990815,""
105866.401650906,15.0000000668068,4.9181405207243E-06,1.31191135409605,6.14767565090538E-06,1.63988919262006,56.5391057230932,15.0001793976945,15.0000804231077,""
105881.848020554,15.0000002801541,4.91666563646326E-06,1.31198731426523,6.14583204557907E-06,1.63998414283154,56.5390828945749,15.0001734171412,15.0000744464105,""
105897.292520761,15.0000001689092,4.91553456879828E-06,1.31206323948547,6.14441821099785E-06,1.64007904935684,56.5391624017324,15.0001638318486,15.0000648618896,""
105912.738890171,14.9999999237066,4.91456371301148E-06,1.31213916187658,6.14320464126434E-06,1.64017395234572,56.5392639093374,15.0001542453959,15.0000552762087,""
105928.183390141,14.9999997877172,4.91406400132692E-06,1.31221506190882,6.14258000165865E-06,1.64026882738603,56.539464524531,15.0001459582627,15.0000469942292,""
105943.629759789,14.9999996967881,4.91378409424935E-06,1.31229096498182,6.14223011781168E-06,1.64036370622728,56.5396864466616,15.0001376701263,15.0000387112472,""
105959.074259758,14.9999999858096,4.913112196451E-06,1.31236684691802,6.14139024556374E-06,1.64045855864752,56.5396900389925,15.0001324532187,15.0000334980012,""
105974.520629406,15.000000431789,4.9122571669131E-06,1.31244273246079,6.14032145864137E-06,1.64055341557598,56.5396467975548,15.0001272356795,15.0000282841242,""
105989.965129375,15.0000001428112,4.91080043975149E-06,1.31251858152018,6.13850054968936E-06,1.64064822690022,56.5395540432381,15.0001267721568,15.0000278226457,""
106005.411499023,14.9999995501456,4.90906243883844E-06,1.312594427011,6.13632804854805E-06,1.64074303376374,56.5394506630341,15.0001263085779,15.0000273611114,""
106020.855999231,14.9999997379771,4.90878740534191E-06,1.31267024932671,6.13598425667739E-06,1.64083781165839,56.5394037455907,15.0001280822438,15.0000291343073,""
106036.302368641,15.0000002484236,4.90919581332801E-06,1.31274607427947,6.13649476666001E-06,1.64093259284933,56.5393689130179,15.0001298561245,15.0000309077178,""
106051.74686861,15.0000003770215,4.90684475319489E-06,1.31282185603044,6.13355594149361E-06,1.64102732003805,56.5394241546934,15.000126802307,15.0000278693356,""
106067.19323802,15.000000347758,4.90320363232985E-06,1.31289763105072,6.12900454041231E-06,1.64112203881339,56.5394986782375,15.00012374812,15.0000248305856,""
106082.637737989,15.0000001470662,4.90152811462509E-06,1.31297335061541,6.12691014328137E-06,1.64121668826926,56.539594956588,15.0001229834956,15.0000240646799,""
106098.084107637,14.9999998754308,4.90077123790984E-06,1.31304905770538,6.1259640473873E-06,1.64131132213172,56.5396959002176,15.0001222187787,15.0000232986816,""
106113.528607607,14.9999999766611,4.89906176731692E-06,1.31312472498725,6.12382720914615E-06,1.64140590623406,56.5397706076164,15.000126325701,15.000027410261,""
106128.974977255,15.0000002322025,4.89690649592096E-06,1.31320038709618,6.1211331199012E-06,1.64150048387022,56.5398397214185,15.0001304331205,15.0000315223382,""
106144.419477224,15.0000002366914,4.8960789821093E-06,1.31327601519666,6.12009872763662E-06,1.64159501899583,56.5398578124381,15.0001328272419,15.0000339216062,""
106159.865846872,15.0000001372522,4.89587247949956E-06,1.31335164082563,6.11984059937445E-06,1.64168955103204,56.5398650157451,15.0001352216532,15.0000363211647,""
106175.310346842,15.0000001769,4.89469571939512E-06,1.31342723796857,6.1183696492439E-06,1.64178404746071,56.5397551783808,15.0001401244815,15.0000412319282,""
106190.75671649,15.0000002741561,4.89306468640728E-06,1.31350283521496,6.1163308580091E-06,1.6418785440187,56.5396203644279,15.0001450279032,15.0000461432863,""
106206.201216459,15.0000002226122,4.8918992490519E-06,1.313578396184,6.11487406131487E-06,1.64197299523,56.5396029382829,15.0001481391029,15.0000492553978,""
106221.647586107,15.0000001094107,4.89095156872308E-06,1.31365395359959,6.11368946090385E-06,1.64206744199949,56.5396105231513,15.0001512506792,15.0000523678861,""
106237.092086077,15.0000000751929,4.88910293769351E-06,1.31372946801547,6.11137867211689E-06,1.64216183501934,56.5396620746221,15.000149800045,15.00005092635,""
106252.538455725,15.000000073706,4.88683206444316E-06,1.31380497571729,6.10854008055395E-06,1.64225621964661,56.5397229944513,15.0001483492352,15.0000494846393,""
106267.982955694,15.0000002770065,4.88548629062002E-06,1.31388044079752,6.10685786327502E-06,1.64235055099691,56.5396576702302,15.0001484467015,15.000049585394,""
106283.429325104,15.0000005652552,4.8845736460226E-06,1.31395589932555,6.10571705752825E-06,1.64244487415694,56.5395654806796,15.0001485441795,15.0000496861609,""
106298.873825073,15.0000003011095,4.88374407695482E-06,1.31403133080751,6.10468009619352E-06,1.64253916350939,56.5395487731402,15.0001481284537,15.0000492728509,""
106314.320194721,14.9999998077805,4.88295329075844E-06,1.31410676302551,6.10369161344805E-06,1.64263345378189,56.5395481069082,15.0001477126775,15.0000488594908,""
106329.764694691,14.9999997657258,4.88264333866777E-06,1.31418217690821,6.10330417333472E-06,1.64272772113526,56.5395433534352,15.0001482813353,15.000049429905,""
106345.211064339,14.9999999109318,4.88255873294167E-06,1.31425759560491,6.10319841617708E-06,1.64282199450614,56.5395377312457,15.0001488500619,15.0000500003883,""
106360.655564308,15.0000001022619,4.88119006196097E-06,1.31433298355979,6.10148757745121E-06,1.64291622944974,56.5394922137595,15.0001464044117,15.0000475612567,""
106376.101933956,15.0000003127728,4.87921901123847E-06,1.31440837050482,6.09902376404809E-06,1.64301046313102,56.5394382240155,15.0001439584655,15.0000451218298,""
106391.546434164,15.0000000724689,4.87668188189949E-06,1.31448369813632,6.09585235237436E-06,1.64310462267041,56.5394091034743,15.0001406351853,15.0000418073462,""
106406.992803574,14.9999996448955,4.87387876096176E-06,1.31455901133834,6.0923484512022E-06,1.64319876417292,56.5393852513565,15.000137311503,15.0000384924616,""
106422.437303543,14.9999995534434,4.87343982209333E-06,1.31463429300667,6.09179977761666E-06,1.64329286625833,56.5394375159208,15.0001417490297,15.0000429270536,""
106437.883673191,14.9999996016267,4.87411018726963E-06,1.31470957326729,6.09263773408704E-06,1.64338696658412,56.5395059126538,15.0001461870936,15.0000473621825,""
106453.328173161,14.9999997666145,4.8735441116227E-06,1.31478483941066,6.09193013952837E-06,1.64348104926332,56.5393875483468,15.0001556435738,15.000056825602,""
106468.774542809,14.9999999801798,4.87239754542669E-06,1.31486011231588,6.09049693178336E-06,1.64357514039485,56.5392296365557,15.0001651011986,15.0000662901671,""
106484.219042778,14.9999999608813,4.86935643946924E-06,1.31493532274531,6.08669554933655E-06,1.64366915343164,56.5392375195994,15.0001757661093,15.0000769658173,""
106499.665412426,14.9999998447516,4.86542518917371E-06,1.31501051721858,6.08178148646714E-06,1.64376314652323,56.5392804667209,15.0001864323111,15.0000876427598,""
106515.109912634,14.9999997601198,4.86398387911025E-06,1.31508565842266,6.07997984888781E-06,1.64385707302832,56.5393036941127,15.0001944751454,15.0000956900405,""
106530.556281805,14.999999688576,4.86371188679373E-06,1.31516078797033,6.07963985849216E-06,1.64395098496291,56.5393227580091,15.000202518953,15.000103738295,""
106546.000781775,14.9999997737329,4.86482748950497E-06,1.31523592414298,6.08103436188121E-06,1.64404490517873,56.5392278404554,15.000205540177,15.0001067554488,""
106561.447151423,14.999999924115,4.86659529099385E-06,1.31531107679724,6.08324411374232E-06,1.64413884599655,56.5391088442415,15.0002085617667,15.0001097729678,""
106576.891651392,14.9999999146805,4.86716954903168E-06,1.31538623906749,6.0839619362896E-06,1.64423279883436,56.5390531487058,15.0002091334179,15.0001103425557,""
106592.33802104,14.99999983871,4.86718290080346E-06,1.31546141923343,6.08397862600432E-06,1.64432677404179,56.53901079835,15.0002097051384,15.0001109122126,""
106607.782521009,15.0000000911829,4.86519709518851E-06,1.31553655970089,6.08149636898563E-06,1.64442069962611,56.5390482261378,15.0002037398647,15.0001049594771,""
106623.228890657,15.0000004804904,4.86227094386458E-06,1.31561169487574,6.07783867983072E-06,1.64451461859467,56.5391024745347,15.0001977738688,15.000099006021,""
106638.673390627,15.0000003165937,4.85843060828451E-06,1.31568674535923,6.07303826035563E-06,1.64460843169904,56.5390998999432,15.0001892519656,15.0000904904822,""
106654.119760275,14.9999999221755,4.85415960030327E-06,1.31576176936675,6.06769950037909E-06,1.64470221170844,56.5390853582724,15.0001807290308,15.0000819739126,""
106669.564260244,14.9999997436756,4.85530295108943E-06,1.31583677820227,6.06912868886179E-06,1.64479597275284,56.53910956473,15.0001796922803,15.0000809264958,""
106685.010629892,14.9999996551439,4.85899401926026E-06,1.31591179325205,6.07374252407532E-06,1.64488974156506,56.5391419280673,15.0001786554042,15.0000798789522,""
106700.455129862,14.9999999746171,4.85885961413274E-06,1.3159868176634,6.07357451766593E-06,1.64498352207925,56.5391455715292,15.0001797267366,15.0000809590673,""
106715.90149951,15.0000004642778,4.85692465338889E-06,1.31606185983801,6.07115581673611E-06,1.64507732479751,56.5391431774176,15.0001807981987,15.0000820393133,""
106731.345999479,15.000000596077,4.85521458275554E-06,1.31613685576396,6.06901822844442E-06,1.64517106970495,56.539280174479,15.0001781242318,15.0000793673649,""
106746.792368889,15.0000005786151,4.85361009206578E-06,1.31621184326705,6.06701261508222E-06,1.64526480408381,56.5394464726945,15.0001754499413,15.0000766950932,""
106762.236868858,15.0000004430707,4.85343761358851E-06,1.31628681011877,6.06679701698563E-06,1.64535851264847,56.5395192258478,15.000170552546,15.0000717958095,""
106777.683238506,15.0000002582246,4.85393956166828E-06,1.31636178059314,6.06742445208535E-06,1.64545222574143,56.5395723557698,15.0001656545579,15.0000668959328,""
106793.127738476,15.0000002346852,4.85265080772617E-06,1.31643672487354,6.06581350965771E-06,1.64554590609192,56.5397027436717,15.000163143979,15.00006439309,""
106808.574108124,15.0000002784859,4.85051814562756E-06,1.3165116701599,6.06314768203445E-06,1.64563958769987,56.5398493524204,15.0001606330961,15.0000618899442,""
106824.018608093,15.0000001478381,4.84677081600667E-06,1.31658653665777,6.05846352000834E-06,1.64573317082221,56.5399274383961,15.0001579146569,15.0000591815207,""
106839.464977741,14.999999944308,4.84226182207155E-06,1.31666137935711,6.05282727758944E-06,1.64582672419639,56.5399911780488,15.0001551958887,15.0000564727694,""
106854.909477949,14.9999998088418,4.83932627920518E-06,1.31673614264268,6.04915784900648E-06,1.64592017830335,56.5401562505773,15.0001546956414,15.000055979769,""
106870.355847359,14.9999997017912,4.8371320342675E-06,1.31681088180264,6.04641504283437E-06,1.6460136022533,56.5403425618685,15.0001541953336,15.000055486709,""
106885.800347328,14.9999998080899,4.83540182175314E-06,1.31688557302476,6.04425227719143E-06,1.64610696628095,56.5403754573767,15.0001585658749,15.0000598655942,""
106901.246716976,15.0000000035857,4.83389014773032E-06,1.31696025494425,6.0423626846629E-06,1.64620031868031,56.5403762664094,15.0001629369452,15.0000642450095,""
106916.691216946,15.0000000220234,4.83113534958791E-06,1.31703487689431,6.03891918698489E-06,1.64629359611789,56.5404205674143,15.0001624797708,15.0000637983066,""
106932.137586594,14.9999999664249,4.82779358205693E-06,1.31710948384754,6.03474197757116E-06,1.64638685480943,56.5404739647937,15.0001620225411,15.0000633515496,""
106947.582086563,14.9999999079458,4.82629454069444E-06,1.31718404010036,6.03286817586805E-06,1.64648005012544,56.5404507108348,15.0001576138782,15.0000589514983,""
106963.028456211,14.9999998482515,4.82566488198237E-06,1.31725858571093,6.03208110247796E-06,1.64657323213867,56.5404114467842,15.0001532046816,15.0000545509144,""
106978.472956419,14.9999997858366,4.82534590491736E-06,1.31733311388521,6.0316823811467E-06,1.64666639235651,56.5405462940449,15.0001486389757,15.0000499858236,""
106993.91932559,14.9999997222724,4.82517354229987E-06,1.31740764710547,6.03146692787483E-06,1.64675955888183,56.5407174889695,15.0001440727172,15.0000454201804,""
107009.36382556,14.999999852827,4.82352421131844E-06,1.31748214487649,6.02940526414805E-06,1.64685268109562,56.5408616072233,15.0001430530843,15.0000444168157,""
107024.810195208,15.0000000646751,4.82117708248366E-06,1.31755663918299,6.02647135310458E-06,1.64694579897873,56.5410001018589,15.000142033328,15.0000434133294,""
107040.254695177,14.9999997952456,4.8190878805545E-06,1.31763107921394,6.02385985069312E-06,1.64703884901743,56.541049875046,15.0001436064288,15.0000449907335,""
107055.701064825,14.9999993241936,4.81712015410918E-06,1.31770550687318,6.02140019263648E-06,1.64713188359148,56.5410811753472,15.0001451797202,15.0000465683286,""
107071.145564795,14.9999993785457,4.81586020546255E-06,1.3177798951776,6.01982525682819E-06,1.64722486897201,56.5410548794928,15.000149338204,15.0000507372807,""
107086.591934443,14.9999996530534,4.81493450755967E-06,1.31785427814501,6.01866813444959E-06,1.64731784768126,56.5410165930235,15.0001534971912,15.0000549067375,""
107102.036434412,14.9999995286239,4.81077818204919E-06,1.31792858279176,6.01347272756149E-06,1.6474107284897,56.5409914426509,15.0001585032972,15.0000599284833,""
107117.48280406,14.9999992369495,4.80509390143485E-06,1.31800286366143,6.00636737679356E-06,1.64750357957679,56.540969020132,15.0001635100092,15.000064950837,""
107132.927304029,14.9999994684179,4.80356886608005E-06,1.31807708056673,6.00446108260007E-06,1.64759635070841,56.5409201652263,15.0001675707418,15.0000690162229,""
107148.373673677,14.9999999193012,4.80401041847838E-06,1.31815128045723,6.00501302309798E-06,1.64768910057153,56.5408658114722,15.0001716319659,15.0000730821009,""
107163.818173647,14.9999999786099,4.80515431418201E-06,1.31822549147444,6.00644289272751E-06,1.64778186434305,56.5407283903468,15.0001706934636,15.0000721457003,""
107179.264543295,14.9999998736597,4.80663065553814E-06,1.31829972098873,6.00828831942267E-06,1.64787465123591,56.5405737053671,15.0001697548477,15.0000712091864,""
107194.709043264,14.9999997865786,4.80581323305354E-06,1.31837393704531,6.00726654131692E-06,1.64796742130664,56.540648485621,15.0001698791726,15.0000713402039,""
107210.155412674,14.9999997069817,4.8039102414333E-06,1.31844815996841,6.00488780179162E-06,1.64806019996051,56.5407708704622,15.0001700035126,15.0000714712373,""
107225.599912882,14.9999998047542,4.80183705492083E-06,1.31852233138209,6.00229631865104E-06,1.64815291422762,56.540700657249,15.0001707741074,15.0000722493031,""
107241.046282291,14.9999999770113,4.7996829343967E-06,1.31859649163904,5.99960366799588E-06,1.6482456145488,56.5405905207616,15.0001715447955,15.000073027463,""
107256.490782261,14.9999999915867,4.79997246820319E-06,1.31867063550615,5.99996558525399E-06,1.64833829438268,56.540500112765,15.0001702669114,15.0000717475756,""
107271.937151909,14.999999939936,4.80141918272827E-06,1.31874478483764,6.00177397841034E-06,1.64843098104705,56.5404137765073,15.0001689888725,15.0000704675333,""
107287.381651878,15.0000000071744,4.7989250666758E-06,1.31881889464951,5.99865633334475E-06,1.64852361831188,56.5403670703618,15.0001662209265,15.0000677165716,""
107302.828021526,15.0000001243796,4.79456380137585E-06,1.31889299896285,5.99320475171982E-06,1.64861624870356,56.5403285561503,15.0001634526454,15.0000649652768,""
107318.272521496,14.9999999614799,4.79544973078809E-06,1.31896708394452,5.99431216348511E-06,1.64870885493065,56.5404068283048,15.0001614624867,15.0000629605393,""
107333.718891144,14.9999996808094,4.79882215909405E-06,1.31904117298429,5.99852769886757E-06,1.64880146623036,56.5405092523034,15.0001594720869,15.0000609555592,""
107349.163391352,14.9999996229943,4.80116974365633E-06,1.31911530790434,6.00146217957041E-06,1.64889413488042,56.5404023804513,15.0001591453864,15.0000606307025,""
107364.609760761,14.9999996588844,4.80303197017462E-06,1.31918947779744,6.00378996271828E-06,1.6489868472468,56.5402522672289,15.0001588186462,15.0000603058066,""
107380.054260731,14.9999997999332,4.80274369369169E-06,1.3192636445202,6.00342961711461E-06,1.64907955565025,56.5401508279132,15.0001551439294,15.000056629897,""
107395.500630379,14.9999999852455,4.80143568328835E-06,1.31933782297487,6.00179460411044E-06,1.64917227871859,56.5400594178049,15.0001514687678,15.0000529535425,""
107410.945130348,14.9999999254036,4.79891403815897E-06,1.31941194629855,5.99864254769872E-06,1.64926493287318,56.5399419674228,15.0001498392477,15.0000513289419,""
107426.391499758,14.9999997623764,4.79581629295545E-06,1.31948605670077,5.99477036619431E-06,1.64935757087596,56.5398191309834,15.0001482095304,15.0000497041447,""
107441.835999727,14.9999997953761,4.79202210402894E-06,1.31956008247707,5.99002763003618E-06,1.64945010309634,56.5398307393059,15.0001506053269,15.0000521102674,""
107457.282369375,14.999999910914,4.78789679052508E-06,1.31963408131308,5.98487098815635E-06,1.64954260164135,56.5398700450883,15.0001530014134,15.0000545166815,""
107472.726869345,15.0000000478089,4.78537019499521E-06,1.31970800946787,5.98171274374401E-06,1.64963501183484,56.5398732112042,15.0001556627671,15.0000571854316,""
107488.173238993,15.0000001937226,4.78360195962438E-06,1.31978191727212,5.97950244953048E-06,1.64972739659015,56.5398689393337,15.0001583244429,15.0000598545048,""
107503.617738962,15.0000002580993,4.78360855981818E-06,1.31985580650706,5.97951069977273E-06,1.64981975813383,56.5398090825796,15.0001595447768,15.0000610688515,""
107519.06410861,15.0000002881303,4.78445784686328E-06,1.31992970011723,5.9805723085791E-06,1.64991212514654,56.5397377861106,15.0001607652584,15.0000622833452,""
107534.50860858,15.0000002321496,4.78452517077523E-06,1.32000359049209,5.98065646346904E-06,1.65000448811511,56.5398427747764,15.0001596667812,15.0000611904174,""
107549.954978228,15.0000001399025,4.78422110887789E-06,1.32007749252381,5.98027638609736E-06,1.65009686565476,56.5399840006182,15.0001585681711,15.0000600973574,""
107565.399478197,15.0000002049921,4.78272479719689E-06,1.3201513608272,5.97840599649611E-06,1.650189201034,56.5399464410798,15.0001561442129,15.0000576802772,""
107580.845847845,15.000000336442,4.78066176261934E-06,1.32022522629675,5.97582720327418E-06,1.65028153287094,56.53987217192,15.0001537199614,15.0000552629044,""
107596.290347815,15.0000002620291,4.77913853289136E-06,1.32029904796497,5.9739231661142E-06,1.65037380995622,56.5399162492678,15.0001525296182,15.0000540767729,""
107611.736717463,15.0000001007558,4.77787158645215E-06,1.32037286199964,5.97233948306519E-06,1.65046607749954,56.5399846084475,15.000151339131,15.0000528904978,""
107627.181217432,15.0000001109653,4.77558953658186E-06,1.32044662489437,5.96948692072732E-06,1.65055828111797,56.5399059621846,15.0001543003225,15.0000558531797,""
107642.62758708,15.0000001935493,4.77282446490783E-06,1.32052037665048,5.96603058113479E-06,1.6506504708131,56.5397971763295,15.0001572618726,15.0000588162202,""
107658.072087049,15.0000002071976,4.76938707813605E-06,1.32059405120906,5.96173384767007E-06,1.65074256401132,56.5396511194383,15.0001611035799,15.0000626782642,""
107673.518456459,15.0000001917429,4.76562932913302E-06,1.32066770221254,5.95703666141628E-06,1.65083462776567,56.5394974092622,15.0001649457522,15.0000665407758,""
107688.962956429,15.0000003097709,4.7633408966479E-06,1.3207412883386,5.95417612080988E-06,1.65092661042325,56.5395589402384,15.0001665376747,15.0000681364978,""
107704.409326077,15.0000004841996,4.761751086026E-06,1.32081485674482,5.9521888575325E-06,1.65101857093102,56.5396645172815,15.0001681297899,15.0000697324129,""
107719.853826284,15.0000001948512,4.76284652234314E-06,1.32088842444859,5.95355815292893E-06,1.65111053056074,56.5397023662221,15.0001716652404,15.0000732652293,""
107735.300195694,14.9999997094852,4.76522009466605E-06,1.32096200495965,5.95652511833256E-06,1.65120250619957,56.5397263757966,15.0001752011188,15.0000767984732,""
107750.744695663,14.9999996771944,4.76511390185012E-06,1.32103558793678,5.95639237731265E-06,1.65129448492097,56.5396469679717,15.0001809433267,15.0000825472469,""
107766.191065311,14.9999998364204,4.76382714539211E-06,1.32110918523594,5.95478393174014E-06,1.65138648154492,56.5395464262891,15.0001866862297,15.0000882967166,""
107781.635565281,14.9999999372221,4.76490177331844E-06,1.32118278317442,5.95612721664805E-06,1.65147847896803,56.5396238857188,15.0001857147839,15.0000873194715,""
107797.081934929,15.0000000133342,4.76710115686378E-06,1.32125639457001,5.95887644607973E-06,1.65157049321252,56.5397376806777,15.0001847432206,15.0000863421081,""
107812.526434898,15.0000000307337,4.76392284643661E-06,1.32132996001005,5.95490355804577E-06,1.65166245001256,56.5396196581299,15.0001810022283,15.000082616242,""
107827.972804546,15.0000000232975,4.75818208756284E-06,1.32140351670556,5.94772760945355E-06,1.65175439588195,56.5394543526464,15.0001772607831,15.0000788899249,""
107843.417304754,15.0000000678593,4.7573584135404E-06,1.32147702034505,5.9466980169255E-06,1.65184627543131,56.5394778037609,15.0001726204039,15.0000742397201,""
107858.863674164,15.0000001344356,4.75887782747718E-06,1.32155051183653,5.94859728434648E-06,1.65193813979567,56.5395397111412,15.0001679794632,15.0000695889526,""
107874.308174133,14.9999999027983,4.7610218306767E-06,1.32162403586526,5.95127728834588E-06,1.65203004483158,56.5394973858779,15.0001639706377,15.0000655780684,""
107889.754543543,14.9999995448592,4.76346396459488E-06,1.32169758854681,5.9543299557436E-06,1.65212198568352,56.5394338388101,15.000159961327,15.0000615666988,""
107905.199043512,14.9999996291426,4.76350179414583E-06,1.32177114627061,5.95437724268229E-06,1.65221393283826,56.5393239352252,15.0001611820767,15.0000627925585,""
107920.64541316,14.9999999007497,4.76239309242521E-06,1.32184471954949,5.95299136553151E-06,1.65230589943686,56.539204588295,15.0001624029742,15.0000640185667,""
107936.08991313,14.999999960768,4.75879192359051E-06,1.32191822223645,5.94848990448814E-06,1.65239777779556,56.5391485359696,15.0001653160476,15.0000669356718,""
107951.536282778,14.9999999311397,4.75400113275026E-06,1.32199170439177,5.94250141593782E-06,1.65248963048971,56.5391053363504,15.0001682294736,15.0000698531302,""
107966.980782747,15.0000001099215,4.75001407114522E-06,1.32206508988175,5.93751758893153E-06,1.65258136235219,56.539285688633,15.0001677680854,15.0000694014916,""
107982.427152395,15.0000003770797,4.74640982672625E-06,1.32213844236736,5.93301228340781E-06,1.6526730529592,56.5395114516656,15.0001673066413,15.0000689497984,""
107997.871652365,15.0000003110937,4.74770504386208E-06,1.32221178628726,5.9346313048276E-06,1.65276473285908,56.5395505459461,15.0001623924273,15.0000640300115,""
108013.318022013,15.0000001038195,4.75133924081996E-06,1.32228513923551,5.93917405102496E-06,1.65285642404439,56.5395517819829,15.0001574776184,15.000059109629,""
108028.762521982,15.0000000341789,4.74809888772632E-06,1.32235845310263,5.9351236096579E-06,1.65294806637829,56.5395796602482,15.0001555105665,15.000057163473,""
108044.20889163,15.000000022916,4.74157530409566E-06,1.32243176142141,5.92696913011957E-06,1.65303970177677,56.5396129420229,15.0001535432766,15.0000552170813,""
108059.6533916,15.0000000162127,4.74090301968126E-06,1.32250501486868,5.92612877460158E-06,1.65313126858585,56.539727329852,15.0001558979635,15.000057558651,""
108075.099761248,15.0000000114435,4.74302559071721E-06,1.32257825520943,5.92878198839651E-06,1.65322281901178,56.5398581575036,15.0001582529355,15.0000599005041,""
108090.544261217,15.0000000775884,4.74206684801719E-06,1.32265148345905,5.92758356002149E-06,1.65331435432381,56.5398598361697,15.0001606369475,15.0000623006587,""
108105.990630865,15.0000001738535,4.73963559767323E-06,1.32272471903193,5.92454449709154E-06,1.65340589878992,56.5398353862962,15.000163021248,15.0000647011039,""
108121.435130835,15.0000003461216,4.73717155338402E-06,1.32279789441868,5.92146444173002E-06,1.65349736802336,56.5399177892604,15.0001662988851,15.0000679855737,""
108136.881500244,15.0000005507016,4.7346913931735E-06,1.32287105412879,5.91836424146687E-06,1.65358881766099,56.5400218034563,15.000169576919,15.0000712704412,""
108152.326000214,15.0000002589508,4.73427707003843E-06,1.32294418506189,5.91784633754804E-06,1.65368023132736,56.5401245612434,15.0001748653202,15.0000765533904,""
108167.772369862,14.9999997562489,4.73485044695142E-06,1.32301731532095,5.91856305868928E-06,1.65377164415119,56.5402270802314,15.0001801543617,15.0000818369792,""
108183.21687007,14.9999998030182,4.73477485836491E-06,1.3230904386867,5.91846857295613E-06,1.65386304835838,56.5401563767679,15.0001842120082,15.0000859040607,""
108198.663239479,15.0000000833699,4.73438885145677E-06,1.32316357183875,5.91798606432096E-06,1.65395446479844,56.5400507084048,15.0001882701458,15.0000899716345,""
108214.107739449,15.0000002081987,4.7340562673564E-06,1.32323668889961,5.9175703341955E-06,1.65404586112451,56.540079924809,15.0001858634076,15.000087560953,""
108229.554109097,15.0000002669116,4.73374918478698E-06,1.32330981134733,5.91718648098372E-06,1.65413726418416,56.5401363403259,15.0001834563781,15.0000851499797,""
108244.998609066,15.0000001644471,4.73446189429701E-06,1.3233829342803,5.91807736787127E-06,1.65422866785038,56.5402136455808,15.0001773460725,15.0000790353666,""
108260.444978714,14.9999999933953,4.73566283146642E-06,1.3234560705345,5.91957853933303E-06,1.65432008816812,56.5402951701237,15.0001712350273,15.0000729200132,""
108275.889478683,14.9999999543671,4.73295369811575E-06,1.32352916262799,5.91619212264469E-06,1.65441145328499,56.5404287239852,15.0001642133218,15.0000659115745,""
108291.335848331,14.9999999715212,4.72837198836263E-06,1.32360224666277,5.91046498545329E-06,1.65450280832847,56.5405727690032,15.0001571907663,15.0000589022873,""
108306.780348539,14.999999795909,4.72408808457925E-06,1.3236752307533,5.90511010572407E-06,1.65459403844163,56.5406233153929,15.0001519827288,15.0000537047776,""
108322.226717949,14.9999995381925,4.71994604730356E-06,1.32374818003996,5.89993255912946E-06,1.65468522504995,56.5406550673619,15.0001467740609,15.0000485066388,""
108337.671217918,14.9999996016415,4.71951820010111E-06,1.32382109136102,5.89939775012639E-06,1.65477636420128,56.5407433279608,15.0001464071642,15.0000481382364,""
108353.117587328,14.9999998018981,4.72086977182729E-06,1.32389399754615,5.90108721478412E-06,1.65486749693269,56.5408429549212,15.0001460402231,15.0000477697895,""
108368.562087297,14.9999998844727,4.7211266601982E-06,1.32396690622352,5.90140832524775E-06,1.65495863277941,56.5408481953867,15.0001467017496,15.0000484312765,""
108384.008456945,14.9999999169161,4.72085894845719E-06,1.32403982915108,5.90107368557148E-06,1.65504978643885,56.5408344892578,15.0001473633562,15.0000490928436,""
108399.452956915,14.9999998464331,4.7211491765282E-06,1.32411274627982,5.90143647066025E-06,1.65514093284977,56.5407885477338,15.0001505408087,15.0000522681772,""
108414.899326563,14.9999997320626,4.72170694833554E-06,1.32418567368764,5.90213368541943E-06,1.65523209210955,56.5407361341531,15.0001537186458,15.0000554438953,""
108430.343826532,14.9999998542459,4.72091535881269E-06,1.32425858307109,5.90114419851586E-06,1.65532322883887,56.5407949008099,15.0001567150889,15.0000584511648,""
108445.79019618,15.0000000773284,4.71947649023762E-06,1.3243314968695,5.89934561279702E-06,1.65541437108687,56.5408759557788,15.0001597118948,15.0000614587983,""
108461.23469615,14.9999999345051,4.71708815972499E-06,1.32440435713915,5.89636019965624E-06,1.65550544642394,56.5408950369355,15.0001622911581,15.0000640372411,""
108476.681065798,14.9999996355547,4.71424389882072E-06,1.32447720478034,5.8928048735259E-06,1.65559650597542,56.5409017125381,15.0001648707336,15.000066615996,""
108492.125565767,14.9999997218244,4.71326220115293E-06,1.32455001300297,5.89157775144116E-06,1.65568751625371,56.5408984132111,15.0001665865635,15.0000683375017,""
108507.571935415,14.9999999725165,4.71317418729514E-06,1.32462281535224,5.89146773411893E-06,1.6557785191903,56.540893117975,15.0001683026011,15.0000700592159,""
108523.016435385,14.9999998856377,4.71353529450613E-06,1.32469561398943,5.89191911813266E-06,1.65586951748679,56.5409873731517,15.0001703448045,15.0000720944001,""
108538.462805033,14.9999996546149,4.71411207537521E-06,1.3247684238882,5.89264009421901E-06,1.65596052986024,56.5411015391796,15.0001723872551,15.0000741298306,""
108553.907305002,14.9999996845334,4.71230475260917E-06,1.32484120018584,5.89038094076146E-06,1.6560515002323,56.5411538698939,15.000173366128,15.0000751223678,""
108569.353674412,14.9999998259128,4.70935219027997E-06,1.32491397338716,5.88669023784996E-06,1.65614246673395,56.5411938599457,15.0001743451193,15.0000761150251,""
108584.798174381,14.999999723348,4.70638818810789E-06,1.32498667599359,5.88298523513486E-06,1.65623334499199,56.5412811987023,15.0001754351699,15.0000772066617,""
108600.244544029,14.9999995165283,4.70341815919094E-06,1.32505935771569,5.87927269898868E-06,1.65632419714461,56.5413779972388,15.0001765253523,15.0000782984305,""
108615.689043999,14.9999996935515,4.70407960825711E-06,1.3251320247636,5.88009951032139E-06,1.6564150309545,56.5413896175145,15.0001796068487,15.00008137033,""
108631.135413647,15.0000000346867,4.70648628204089E-06,1.32520469778412,5.88310785255111E-06,1.65650587223015,56.5413842593947,15.0001826887181,15.0000844426015,""
108646.579913616,14.9999999838249,4.70732720344391E-06,1.3252773880322,5.88415900430489E-06,1.65659673504025,56.5413558550214,15.0001807490653,15.0000825119362,""
108662.026283264,14.9999997653207,4.70741560225513E-06,1.32535009959161,5.88426950281891E-06,1.65668762448951,56.5413228563215,15.0001788091776,15.0000805810371,""
108677.470783472,14.9999999742331,4.70663552346503E-06,1.32542279078039,5.88329440433129E-06,1.65677848847549,56.541199179216,15.0001755050247,15.0000772741433,""
108692.917152882,15.0000003660348,4.70543767935529E-06,1.32549548520218,5.88179709919411E-06,1.65686935650273,56.5410574392095,15.0001722004718,15.0000739668493,""
108708.361652851,15.0000002281692,4.70367690055659E-06,1.32556813714647,5.87959612569574E-06,1.65696017143308,56.541007429707,15.0001698609078,15.0000716283443,""
108723.808022499,14.999999863592,4.70164501686108E-06,1.325640781683,5.87705627107635E-06,1.65705097710375,56.5409756513065,15.0001675210605,15.0000692895562,""
108739.252522469,14.9999997698808,4.6997902138021E-06,1.3257133777856,5.87473776725263E-06,1.657141722232,56.5408809642148,15.0001691771715,15.0000709532037,""
108754.698892117,14.999999792125,4.69802028792066E-06,1.32578596359939,5.87252535990082E-06,1.65723245449924,56.5407737664774,15.000170833483,15.0000726170525,""
108770.143392086,14.9999998265275,4.6945892718078E-06,1.32585847806123,5.86823658975975E-06,1.65732309757654,56.540659155679,15.0001707834035,15.0000725746804,""
108785.589761734,14.9999998661435,4.69035807055568E-06,1.32593097118161,5.8629475881946E-06,1.65741371397701,56.5405430569256,15.0001707333181,15.0000725323031,""
108801.034261942,15.0000000215115,4.68709607040017E-06,1.3260033822738,5.85887008800021E-06,1.65750422784225,56.54059814284,15.0001729017931,15.0000747158233,""
108816.480631113,15.0000002265052,4.68430016835733E-06,1.3260757668513,5.85537521044667E-06,1.65759470856413,56.5406871833042,15.0001750705306,15.0000768996076,""
108831.925131083,15.0000001860977,4.68300967642584E-06,1.32614810763091,5.8537620955323E-06,1.65768513453863,56.5407051161172,15.0001768365955,15.0000786645731,""
108847.371500731,15.0000000404888,4.6824440696651E-06,1.32622044028878,5.85305508708137E-06,1.65777555036097,56.5407089629735,15.0001786028741,15.0000804297522,""
108862.8160007,14.9999999942899,4.68303771554802E-06,1.32629277030618,5.85379714443503E-06,1.65786596288272,56.5407454372503,15.0001787793551,15.0000806095232,""
108878.262370348,14.9999999907135,4.68419003582503E-06,1.32636511202643,5.85523754478129E-06,1.65795639003303,56.5407883756175,15.0001789558574,15.0000807893159,""
108893.706870317,15.0000001022279,4.68307299934536E-06,1.32643743395693,5.8538412491817E-06,1.65804679244616,56.5408220484763,15.0001769799854,15.0000788235016,""
108909.153239965,15.000000263136,4.68086194337397E-06,1.32650975932395,5.85107742921746E-06,1.65813719915493,56.5408538936622,15.0001750038743,15.0000768574494,""
108924.597739935,15.0000002838147,4.67958860932539E-06,1.32658204433779,5.84948576165674E-06,1.65822755542223,56.5408061131636,15.0001704285247,15.0000722772911,""
108940.044109583,15.0000002443139,4.67876717502998E-06,1.32665432286496,5.84845896878748E-06,1.6583179035812,56.5407425909951,15.0001658526212,15.0000676965784,""
108955.488609552,14.9999999953145,4.67873109533625E-06,1.32672658765545,5.84841386917032E-06,1.65840823456931,56.5408394264883,15.0001612805638,15.0000631327282,""
108970.9349792,14.9999996563248,4.67907379885859E-06,1.32679885878815,5.84884224857324E-06,1.65849857348518,56.5409679362786,15.0001567079529,15.0000585683256,""
108986.37947917,14.9999998300673,4.67911055674367E-06,1.32687112358834,5.84888819592959E-06,1.65858890448542,56.5408791525707,15.0001572228029,15.0000590802975,""
109001.825848818,15.000000224067,4.67899970931063E-06,1.32694339830228,5.84874963663829E-06,1.65867924787785,56.5407474923043,15.0001577377154,15.0000595923313,""
109017.270348787,15.000000252647,4.67673092832059E-06,1.3270156286269,5.84591366040073E-06,1.65876953578362,56.5406441135008,15.0001582527482,15.0000601158704,""
109032.716718197,15.0000001242156,4.6734202383715E-06,1.32708785049066,5.84177529796437E-06,1.65885981311333,56.5405462936607,15.0001587678433,15.0000606394729,""
109048.161218405,15.0000000207775,4.67422719145785E-06,1.32716005824448,5.84278398932231E-06,1.6589500728056,56.5405504281455,15.0001610461791,15.0000629118839,""
109063.607587814,14.9999999280649,4.67702228500397E-06,1.32723227214434,5.84627785625496E-06,1.65904034018043,56.5405746395456,15.0001633247905,15.0000651845699,""
109079.052087784,14.9999999671732,4.67472398739618E-06,1.32730445685542,5.84340498424522E-06,1.65913057106928,56.5405401146838,15.0001660309712,15.0000679016079,""
109094.498457432,15.0000000629751,4.66996537114625E-06,1.32737664042783,5.83745671393281E-06,1.65922080053478,56.5404940289652,15.0001687374794,15.0000706189747,""
109109.942957401,15.0000000820242,4.66769157356688E-06,1.32744875452908,5.8346144669586E-06,1.65931094316135,56.5406280980789,15.0001677742416,15.0000696574861,""
109125.389327049,15.0000000680575,4.66661783663866E-06,1.32752084801496,5.83327229579832E-06,1.6594010600187,56.5407975992985,15.0001668108872,15.0000686958812,""
109140.833827019,15.0000000445881,4.66640571361363E-06,1.32759292372111,5.83300714201704E-06,1.65949115465139,56.5407799841496,15.0001648795953,15.0000667676418,""
109156.280196667,15.000000017025,4.66660995527588E-06,1.32766500377676,5.83326244409485E-06,1.65958125472096,56.5407256177762,15.0001629480695,15.000064839169,""
109171.724696875,15.0000000074841,4.66406045557213E-06,1.32773703682754,5.83007556946516E-06,1.65967129603443,56.5406230279655,15.0001635465408,15.0000654499181,""
109187.171066284,15.0000000057009,4.66017922016186E-06,1.32780906008724,5.82522402520232E-06,1.65976132510905,56.5405109608259,15.0001641450844,15.0000660607411,""
109202.615566254,15.0000000399211,4.65869453584226E-06,1.32788103083367,5.82336816980283E-06,1.65985128854209,56.5404358503336,15.0001643005131,15.000066211071,""
109218.061935902,15.0000000896543,4.65836856774154E-06,1.32795298911002,5.82296070967692E-06,1.65994123638752,56.5403679742549,15.0001644559605,15.000066361419,""
109233.506435871,15.0000001094011,4.65911845698458E-06,1.32802494850754,5.82389807123072E-06,1.66003118563443,56.5404237518015,15.0001596947042,15.0000616020794,""
109248.952805519,15.0000001162306,4.66038894368458E-06,1.32809692137292,5.82548617960572E-06,1.66012115171615,56.5405037580978,15.0001549328716,15.0000568421636,""
109264.397305489,15.0000000747365,4.65986566982225E-06,1.32816888426787,5.82483208727782E-06,1.66021110533484,56.5406146191295,15.0001480593247,15.0000499710063,""
109279.843674898,15.000000012405,4.65847425329283E-06,1.32824085526426,5.82309281661604E-06,1.66030106908032,56.540731534542,15.0001411849458,15.0000430990172,""
109295.288174868,14.9999998782907,4.65517037765378E-06,1.32831275904821,5.81896297206723E-06,1.66039094881026,56.5406836285005,15.0001441824923,15.0000461086375,""
109310.734544516,14.9999997131985,4.65094011004864E-06,1.32838464321317,5.8136751375608E-06,1.66048080401646,56.5406034881411,15.0001471804017,15.0000491186221,""
109326.179044485,14.9999998178355,4.64976383161183E-06,1.32845647780622,5.81220478951478E-06,1.66057059725778,56.5405368702732,15.0001552136283,15.0000571502058,""
109341.625414133,15.0000000388513,4.65006623350762E-06,1.32852830130137,5.81258279188453E-06,1.66066037662671,56.5404728844657,15.0001632478273,15.0000651827617,""
109357.069914103,15.0000002442884,4.64995363837399E-06,1.3286001159858,5.81244204796749E-06,1.66075014498225,56.5404761038797,15.0001671613911,15.0000691005678,""
109372.516283751,15.0000004430379,4.64963999412673E-06,1.3286719393073,5.81204999265841E-06,1.66083992413412,56.5404924410836,15.0001710754287,15.0000730188481,""
109387.96078372,15.0000001630047,4.64553347499694E-06,1.328743688824,5.80691684374617E-06,1.66092961103,56.5404956610722,15.0001720647585,15.0000740253774,""
109403.407153368,14.9999996762129,4.63958829791864E-06,1.32881541547174,5.7994853723983E-06,1.66101926933967,56.5404963235356,15.0001730542081,15.0000750320286,""
109418.851653337,14.9999997326128,4.63942474195505E-06,1.3288870990463,5.79928092744382E-06,1.66110887380787,56.5405340675124,15.0001715327004,15.0000735028684,""
109434.298022985,15.0000000236337,4.64206369940293E-06,1.32895877462617,5.80257962425366E-06,1.66119846828272,56.5405790418135,15.0001700110085,15.0000719735231,""
109449.742522955,15.0000001168798,4.64316125207606E-06,1.32903047262128,5.80395156509507E-06,1.6612880907766,56.5405654101212,15.0001668226137,15.0000687941493,""
109465.188892603,15.0000001246869,4.64351158350093E-06,1.32910219437371,5.80438947937616E-06,1.66137774296714,56.5405403679467,15.0001636338329,15.0000656143906,""
109480.633392572,15.0000000836751,4.64007868666203E-06,1.3291738562963,5.80009835832753E-06,1.66146732037038,56.540526521439,15.0001637991451,15.0000657908905,""
109496.079761982,15.0000000215539,4.63481009597748E-06,1.32924550208019,5.79351261997185E-06,1.66155687760024,56.540514850395,15.0001639644774,15.0000659674117,""
109511.52426219,15.0000001478769,4.63535090475678E-06,1.32931711934461,5.79418863094597E-06,1.66164639918076,56.5404008607862,15.0001616792168,15.0000636696769,""
109526.970631599,15.0000003557101,4.63871063149646E-06,1.32938873564419,5.79838828937057E-06,1.66173591955523,56.5402669722432,15.0001593936796,15.000061371664,""
109542.415131569,15.0000003441435,4.64014850400556E-06,1.32946038346261,5.80018563000695E-06,1.66182547932826,56.5403177109628,15.0001547257844,15.0000567060623,""
109557.861501217,15.0000002376629,4.64065380792301E-06,1.32953205946256,5.80081725990376E-06,1.6619150743282,56.5404043017568,15.000150057324,15.0000520398958,""
109573.306001186,15.0000000545395,4.6389506664655E-06,1.3296037031825,5.79868833308188E-06,1.66200462897812,56.5403718133482,15.0001461320139,15.000048119852,""
109588.752370834,14.9999998382157,4.63617492963515E-06,1.32967534411334,5.79521866204394E-06,1.66209418014167,56.540316221985,15.0001422062286,15.0000441993337,""
109604.196870804,15.0000000372653,4.63199770077377E-06,1.32974689701135,5.78999712596721E-06,1.66218362126419,56.5403724613411,15.000139742443,15.0000417484497,""
109619.643240452,15.0000004161817,4.62713901346061E-06,1.32981842002088,5.78392376682577E-06,1.6622730250261,56.5404503817702,15.0001372783593,15.0000392972689,""
109635.08774066,15.0000002796324,4.62567631670819E-06,1.32988988581669,5.78209539588523E-06,1.66236235727086,56.5405006724048,15.0001345358608,15.0000365529325,""
109650.534110069,14.9999999198046,4.62586334412549E-06,1.32996133666665,5.78232918015687E-06,1.66245167083331,56.5405456203786,15.0001317930305,15.0000338082639,""
109665.978610039,14.9999998247895,4.62581926909326E-06,1.33003277918734,5.78227408636658E-06,1.66254097398417,56.5406288360895,15.0001308660424,15.0000328852458,""
109681.424979687,14.9999998444972,4.62566286457906E-06,1.33010423051141,5.78207858072382E-06,1.66263028813926,56.5407194669626,15.0001299389421,15.000031962116,""
109696.869479656,14.9999998486973,4.62376481584346E-06,1.3301756430344,5.77970601980433E-06,1.662719553793,56.5407765112061,15.0001350080468,15.0000370390269,""
109712.315849304,14.9999998461763,4.62101966160091E-06,1.330247049541,5.77627457700113E-06,1.66280881192624,56.5408270719311,15.0001400777651,15.0000421165524,""
109727.760349274,14.999999816015,4.62087244946266E-06,1.3303184304791,5.77609056182832E-06,1.66289803809887,56.5408514297249,15.0001486976774,15.0000507335492,""
109743.206718683,14.9999997738627,4.62198871537465E-06,1.33038981182478,5.77748589421832E-06,1.66298726478098,56.5408707309447,15.000157318633,15.0000593515889,""
109758.651218653,14.9999997390745,4.62076324693795E-06,1.33046117155794,5.77595405867243E-06,1.66307646444742,56.5407403716349,15.0001632420668,15.0000652848141,""
109774.097588301,14.9999997074747,4.61839828076797E-06,1.33053253361729,5.77299785095996E-06,1.66316566702162,56.5405811180845,15.0001691662176,15.0000712187576,""
109789.54208827,14.9999998248443,4.61698616187967E-06,1.33060385261562,5.77123270234958E-06,1.66325481576953,56.5406819070325,15.0001689778507,15.0000710294745,""
109804.988457918,15.0000000068827,4.61603751270059E-06,1.33067516349288,5.77004689087573E-06,1.6633439543661,56.5408328381876,15.000168789461,15.0000708401685,""
109820.432957888,14.9999998752572,4.61430507458009E-06,1.33074643392252,5.76788134322511E-06,1.66343304240315,56.5409567965041,15.0001694480491,15.0000715084832,""
109835.879327536,14.9999996074338,4.61219074990004E-06,1.33081769748909,5.76523843737504E-06,1.66352212186136,56.5410755778841,15.0001701067169,15.0000721768788,""
109851.323827505,14.9999997493444,4.61088150079841E-06,1.33088892094161,5.76360187599801E-06,1.66361115117701,56.5409807973933,15.000175284002,15.0000773569659,""
109866.770197153,15.0000000692337,4.60996408406717E-06,1.33096013767989,5.76245510508396E-06,1.66370017209987,56.5408449090471,15.0001804619138,15.0000825376801,""
109882.214697123,15.0000001171205,4.61098275463104E-06,1.33103135664622,5.7637284432888E-06,1.66378919580777,56.5408160056567,15.0001840063159,15.0000860737514,""
109897.661066771,15.0000000468339,4.61294478741907E-06,1.33110258951964,5.76618098427384E-06,1.66387823689955,56.5408076660295,15.000187551147,15.0000896102507,""
109913.10556674,14.9999999954983,4.61044803799486E-06,1.33117378565112,5.76306004749357E-06,1.6639672320639,56.5408872952956,15.0001870430438,15.0000891239477,""
109928.551936388,14.999999952391,4.60577798945471E-06,1.33124497669653,5.75722248681839E-06,1.66405622087067,56.5409838330008,15.0001865348791,15.0000886375858,""
109943.996436357,15.0000001168523,4.60276176854442E-06,1.33131608768523,5.75345221068053E-06,1.66414510960654,56.5408904943357,15.0001812441316,15.0000833441816,""
109959.442805767,15.0000003715995,4.60055121410404E-06,1.33138717245175,5.75068901763005E-06,1.66423396556469,56.5407607036644,15.0001759527436,15.0000780501366,""
109974.887305737,15.0000003683051,4.60047710424736E-06,1.3314582357122,5.75059638030919E-06,1.66432279464025,56.5407642961692,15.0001669511352,15.0000690514139,""
109990.333675385,15.0000002527611,4.60144480330812E-06,1.33152930128267,5.75180600413515E-06,1.66441162660334,56.5407934633797,15.0001579484369,15.0000600516018,""
110005.778175592,15.0000001975123,4.60239150653505E-06,1.33160037802011,5.75298938316881E-06,1.66450047252513,56.5409598182795,15.0001508117562,15.000052913187,""
110021.224545002,15.0000001684928,4.60332813836476E-06,1.33167147300378,5.75416017295594E-06,1.66458934125472,56.5411524772331,15.0001436742118,15.0000457739083,""
110036.669044971,15.0000000616247,4.60101055415787E-06,1.33174252856337,5.75126319269734E-06,1.66467816070421,56.5412280930963,15.0001407020319,15.0000428090925,""
110052.115414619,14.9999999208466,4.59710460240656E-06,1.33181357768402,5.7463807530082E-06,1.66476697210503,56.5412813188718,15.0001377294923,15.0000398439179,""
110067.559914589,15.0000000206549,4.59698147202439E-06,1.33188459555317,5.74622684003049E-06,1.66485574444146,56.5412358600558,15.0001369497815,15.0000390612918,""
110083.006284237,15.0000002252608,4.59870482453069E-06,1.33195561096139,5.74838103066336E-06,1.66494451370174,56.5411715242973,15.0001361699764,15.0000382785709,""
110098.450784206,15.0000001810025,4.59820063282623E-06,1.33202661913702,5.74775079103278E-06,1.66503327392128,56.5411149797074,15.0001383815227,15.0000404921729,""
110113.897153854,15.0000000283083,4.59660866013204E-06,1.33209763657454,5.74576082516505E-06,1.66512204571818,56.5410599154473,15.0001405933367,15.0000427060428,""
110129.341654062,15.0000000754123,4.59446098539557E-06,1.33216860379414,5.74307623174447E-06,1.66521075474268,56.5410024868735,15.0001444805724,15.000046601988,""
110144.788023472,15.0000002096096,4.5920414892549E-06,1.33223955926941,5.74005186156862E-06,1.66529944908677,56.5409445987324,15.0001483682785,15.0000504984047,""
110160.232523441,15.0000003043499,4.59012561278953E-06,1.33231046372777,5.73765701598691E-06,1.66538807965972,56.5410297166817,15.0001524566455,15.0000545925225,""
110175.678892851,15.000000381902,4.58845546748407E-06,1.33238135603445,5.73556933435509E-06,1.66547669504306,56.5411421187441,15.0001565455075,15.0000586871359,""
110191.12339282,15.0000001771365,4.58868893341442E-06,1.33245223451007,5.73586116676803E-06,1.66556529313759,56.5412113838061,15.0001609793787,15.00006311467,""
110206.569762468,14.9999998491856,4.58985288419661E-06,1.33252311899916,5.73731610524577E-06,1.66565389874895,56.5412724398502,15.0001654137867,15.0000675427402,""
110222.014262438,14.9999999519212,4.58862046208901E-06,1.33259398204227,5.73577557761126E-06,1.66574247755284,56.5412954896619,15.0001677521776,15.0000698932089,""
110237.460632086,15.0000002426185,4.58621613538503E-06,1.33266484737251,5.73277016923128E-06,1.66583105921564,56.5413113078932,15.0001700908516,15.0000722439622,""
110252.905132055,15.0000002716496,4.58283435793851E-06,1.33273563915014,5.72854294742314E-06,1.66591954893767,56.5413688628909,15.0001708567351,15.0000730160496,""
110268.351501703,15.0000001864541,4.57897389753353E-06,1.33280640771448,5.72371737191692E-06,1.66600800964309,56.5414343640739,15.0001716227114,15.0000737882305,""
110283.796001673,15.0000001327312,4.57591156833567E-06,1.33287709996516,5.71988946041958E-06,1.66609637495644,56.541589932102,15.000170624663,15.0000728019199,""
110299.242371321,15.0000000927441,4.57323918432967E-06,1.33294776762318,5.71654898041209E-06,1.66618470952897,56.5417626368624,15.0001696264938,15.0000718154899,""
110314.68687129,15.0000001137437,4.57285098891169E-06,1.3330184065831,5.71606373613961E-06,1.66627300822887,56.5419339734747,15.0001694990442,15.0000716884257,""
110330.133240938,15.0000001613921,4.57358066685233E-06,1.33308904423408,5.71697583356541E-06,1.6663613052926,56.5421050750283,15.0001693715792,15.0000715613461,""
110345.577740908,15.0000002167543,4.57244074580223E-06,1.33315965958907,5.71555093225279E-06,1.66644957448633,56.5422148036818,15.00017093079,15.0000731308566,""
110361.024110556,15.0000002754976,4.57038528356692E-06,1.33323027676199,5.71298160445865E-06,1.66653784595248,56.5423129072203,15.0001724901896,15.0000747005571,""
110376.468610525,15.0000002069176,4.56937813769612E-06,1.33330085895802,5.71172267212015E-06,1.66662607369752,56.5424985264845,15.0001694300254,15.0000716371178,""
110391.914980173,15.0000000826542,4.56888422490501E-06,1.33337143675329,5.71110528113127E-06,1.66671429594162,56.5427007570515,15.0001663694907,15.0000685733076,""
110407.359480143,14.9999999257741,4.57064212828326E-06,1.33344203054664,5.71330266035407E-06,1.66680253818331,56.5428301560812,15.0001669851496,15.0000691852109,""
110422.805849552,14.9999997545997,4.57350354526546E-06,1.3335126449093,5.71687943158182E-06,1.66689080613662,56.5429457843505,15.000167600883,15.0000697971882,""
110438.250349522,14.9999996208183,4.5735136625132E-06,1.33358326600503,5.7168920781415E-06,1.66697908250628,56.5429979727802,15.0001729084789,15.0000751079249,""
110453.69671917,14.9999995033766,4.57212642612313E-06,1.33365390313897,5.71515803265391E-06,1.66706737892371,56.5430381683487,15.0001782167174,15.0000804193045,""
110469.141219139,14.9999995892213,4.57025604592385E-06,1.33372449550421,5.71282005740481E-06,1.66715561938026,56.5431351883073,15.0001857251176,15.0000879310325,""
110484.587588787,14.9999997640723,4.56814847227607E-06,1.33379507865731,5.71018559034508E-06,1.66724384832164,56.5432429614898,15.0001932344267,15.0000954436699,""
110500.032088995,14.9999998126482,4.56664655274354E-06,1.33386561893986,5.70830819092943E-06,1.66733202367483,56.5433573448036,15.0001985022765,15.0001007129887,""
110515.478458405,14.9999998059322,4.56544137611895E-06,1.33393615092314,5.70680172014869E-06,1.66742018865392,56.543472992695,15.0002037707639,15.0001059829451,""
110530.922958374,14.9999999094901,4.56323767924508E-06,1.33400663397038,5.70404709905635E-06,1.66750829246297,56.5435375018715,15.0002009192543,15.0001031373113,""
110546.369328022,15.000000061378,4.56054374629753E-06,1.33407710572909,5.70067968287192E-06,1.66759638216136,56.5435923731062,15.0001980673995,15.000100291333,""
110561.813827991,14.9999999626851,4.56007658766381E-06,1.33414754752839,5.70009573457977E-06,1.66768443441048,56.5435281535418,15.0001910162535,15.0000932420677,""
110577.260197639,14.9999997541498,4.56070208294719E-06,1.33421798733801,5.70087760368398E-06,1.66777248417252,56.5434414788451,15.0001839642538,15.000086191949,""
110592.704697847,14.9999996744556,4.55861442847788E-06,1.33428838967534,5.69826803559735E-06,1.66786048709417,56.5435968845302,15.0001795739586,15.0000818102077,""
110608.151067257,14.9999996512384,4.55519454026175E-06,1.33435878632168,5.69399317532719E-06,1.6679484829021,56.543797897799,15.0001751831319,15.000077427936,""
110623.595567226,14.9999997408768,4.55418131270448E-06,1.33442914076943,5.69272664088059E-06,1.66803642596179,56.5438516953996,15.000173507759,15.0000757553076,""
110639.041936636,14.9999998800325,4.55434969860223E-06,1.33449948719307,5.69293712325279E-06,1.66812435899134,56.5438778042772,15.0001718321833,15.0000740824767,""
110654.486436605,14.9999998910589,4.55561778328128E-06,1.33456984557696,5.6945222291016E-06,1.6682123069712,56.5437957818545,15.0001740462423,15.0000762906285,""
110669.932806253,14.999999845864,4.55742628551875E-06,1.3346402225367,5.69678285689844E-06,1.66830027817088,56.543693422798,15.0001762605692,15.0000784990476,""
110685.377306223,14.9999999058195,4.55655273397426E-06,1.33471058701046,5.69569091746783E-06,1.66838823376308,56.5436235267278,15.0001778812815,15.0000801234571,""
110700.823675871,15.0000000119437,4.55436112277432E-06,1.3347809580527,5.6929514034679E-06,1.66847619756588,56.5435597169484,15.00017950219,15.0000817480634,""
110716.26817584,15.0000000393572,4.55232354101249E-06,1.33485127756605,5.69040442626561E-06,1.66856409695756,56.5435491454961,15.0001776685838,15.0000799227782,""
110731.714545488,15.0000000322101,4.55036130307661E-06,1.33492158444794,5.68795162884576E-06,1.66865198055992,56.543548561251,15.0001758347555,15.0000780972721,""
110747.159045458,15.0000000561104,4.54845940499815E-06,1.33499184311652,5.68557425624768E-06,1.66873980389565,56.5433772978723,15.0001727081129,15.000074971339,""
110762.605415106,15.0000000936547,4.54658683279136E-06,1.33506209076593,5.6832335409892E-06,1.66882761345741,56.543174015706,15.0001695810918,15.0000718450274,""
110778.049915075,15.0000000360581,4.54511612356008E-06,1.33513229734545,5.6813951544501E-06,1.66891537168181,56.5430221967653,15.0001669344,15.0000692010369,""
110793.496284723,14.9999999366378,4.54384281161332E-06,1.33520249640353,5.67980351451664E-06,1.66900312050441,56.542879994112,15.0001642873878,15.0000665567264,""
110808.940784693,15.000000012954,4.54550072536436E-06,1.33527270587749,5.68187590670545E-06,1.66909088234686,56.5427869549961,15.0001610090501,15.0000632720484,""
110824.387154341,15.0000001665491,4.54860118754401E-06,1.33534293315774,5.68575148443001E-06,1.66917866644717,56.5427031015404,15.0001577303156,15.0000599869727,""
110839.83165431,15.000000095084,4.54722883425854E-06,1.33541314703545,5.68403604282318E-06,1.66926643379432,56.542710370826,15.0001551887609,15.0000574574412,""
110855.278023958,14.9999999246159,4.54365474791981E-06,1.3354833670001,5.67956843489977E-06,1.66935420875012,56.5427346756677,15.0001526468985,15.0000549276035,""
110870.722523928,14.9999999031228,4.53961899382817E-06,1.33555349735227,5.67452374228521E-06,1.66944187169034,56.5427088991676,15.0001521270959,15.0000544160268,""
110886.168893337,14.9999999471769,4.53535520614483E-06,1.33562359625203,5.66919400768103E-06,1.66952949531504,56.5426737652843,15.0001516072304,15.0000539043882,""
110901.613393307,15.0000000069305,4.53531021969702E-06,1.33569366358273,5.66913777462128E-06,1.66961707947841,56.5426167892518,15.0001530537377,15.0000553462541,""
110917.059762955,15.0000000736054,4.53734306206226E-06,1.33576372802439,5.67167882757783E-06,1.66970466003048,56.542555729305,15.00015450042,15.0000567882946,""
110932.504262924,14.9999999124842,4.53731684785238E-06,1.33583379425072,5.67164605981547E-06,1.6697922428134,56.5425103551137,15.0001579784177,15.0000602695816,""
110947.950632572,14.9999996510226,4.53627617008373E-06,1.33590387401735,5.67034521260466E-06,1.66987984252169,56.5424678986834,15.0001614568364,15.00006375129,""
110963.39513278,14.9999997221151,4.53387465255898E-06,1.33597390274838,5.66734331569872E-06,1.66996737843547,56.5423986993158,15.0001655191434,15.0000678169723,""
110978.84150219,14.999999939721,4.53080201881394E-06,1.33604391897972,5.66350252351742E-06,1.67005489872465,56.5423245089131,15.0001695819419,15.0000718831465,""
110994.286002159,15.0000000931524,4.52898330517189E-06,1.33611388253092,5.66122913146486E-06,1.67014235316365,56.5423317138248,15.0001730317304,15.0000753363778,""
111009.732371807,15.0000002183285,4.52778245495651E-06,1.33618383275511,5.65972806869564E-06,1.67022979094389,56.5423540664784,15.0001764819365,15.000078790027,""
111025.176871777,15.0000000767644,4.52875779531464E-06,1.33625378328228,5.6609472441433E-06,1.67031722910285,56.5422609862686,15.0001771194912,15.0000794283489,""
111040.623241425,14.9999998175751,4.53080654549071E-06,1.33632374660313,5.66350818186339E-06,1.67040468325392,56.5421464316583,15.0001777571232,15.000080066748,""
111056.067741394,14.9999997998694,4.52958956180406E-06,1.33639369339325,5.66198695225508E-06,1.67049211674156,56.5420190302456,15.0001798124398,15.0000821277593,""
111071.514111042,14.9999998886679,4.52676126066718E-06,1.33646364467316,5.65845157583398E-06,1.67057955584145,56.5418892242813,15.0001818680053,15.0000841890201,""
111086.95861125,14.9999999235898,4.52430591237609E-06,1.3365335347479,5.65538239047011E-06,1.67066691843488,56.5418117562338,15.0001829561472,15.0000852824591,""
111102.404980421,14.999999934746,4.52203417146543E-06,1.33660340725041,5.65254271433179E-06,1.67075425906301,56.5417439898122,15.0001840444207,15.0000863760305,""
111117.849480391,15.0000000472225,4.52164045954292E-06,1.33667325332263,5.65205057442865E-06,1.67084156665329,56.5416233767697,15.0001832229821,15.0000855559414,""
111133.295850039,15.0000002044415,4.52217378518617E-06,1.33674309897573,5.65271723148271E-06,1.67092887371966,56.5414929482642,15.000182401444,15.000084735753,""
111148.740350008,15.000000155041,4.52106125933368E-06,1.33681292178139,5.6513265741671E-06,1.67101615222674,56.541416884908,15.0001789909097,15.0000813275847,""
111164.186719656,15.0000000143939,4.51913577165882E-06,1.33688274593116,5.64891971457353E-06,1.67110343241394,56.5413508810931,15.0001755799626,15.0000779190037,""
111179.631219625,15.0000001169451,4.51805654045792E-06,1.3369525348873,5.6475706755724E-06,1.67119066860912,56.5413647568921,15.0001727441307,15.0000750870318,""
111195.077589273,15.0000003269466,4.51739515387754E-06,1.3370223190802,5.64674394234693E-06,1.67127789885025,56.5413934177855,15.0001699079555,15.000072254717,""
111210.522089243,15.000000130021,4.5173340976209E-06,1.33709209042496,5.64666762202613E-06,1.67136511303119,56.5413024972463,15.0001647660921,15.0000671119804,""
111225.968458891,14.9999997532308,4.51756968385292E-06,1.33716186804094,5.64696210481615E-06,1.67145233505118,56.5411894533785,15.0001596236062,15.0000619686212,""
111241.41295886,14.9999996271328,4.51600740822493E-06,1.33723161431118,5.64500926028117E-06,1.67153951788898,56.5410077322914,15.0001547015884,15.0000570539658,""
111256.859328508,14.999999611843,4.5135561417919E-06,1.33730135770378,5.64194517723988E-06,1.67162669712972,56.5408132985784,15.0001497789748,15.0000521387153,""
111272.303828478,14.9999996932934,4.5125047233069E-06,1.33737106360844,5.64063090413363E-06,1.67171382951055,56.5408454989882,15.0001455518171,15.000047911108,""
111287.750198126,14.9999998175434,4.51214530776106E-06,1.33744076358724,5.64018163470132E-06,1.67180095448405,56.5409195310416,15.0001413241477,15.0000436829888,""
111303.194698095,14.9999998774338,4.50892505553959E-06,1.33751040351249,5.63615631942449E-06,1.67188800439061,56.5409602207315,15.0001404975395,15.0000428673296,""
111318.641067505,14.9999999088592,4.50428913398326E-06,1.33758002633224,5.63036141747907E-06,1.67197503291529,56.5409947683347,15.0001396708313,15.0000420515717,""
111334.085567713,14.9999998420406,4.50012325195693E-06,1.33764955218281,5.62515406494616E-06,1.67206194022851,56.54090040803,15.0001421773555,15.000044571697,""
111349.531937122,14.9999997317258,4.49618919390484E-06,1.33771904263065,5.62023649238104E-06,1.67214880328832,56.5407822870571,15.000144684183,15.0000470921273,""
111364.976437092,14.9999997087916,4.49744406335906E-06,1.33778852352555,5.62180507919883E-06,1.67223565440694,56.5408040641326,15.0001523471006,15.0000547494356,""
111380.42280674,14.9999997245449,4.50126751285822E-06,1.337858012266,5.62658439107277E-06,1.6723225153325,56.5408515923085,15.0001600109458,15.000062407671,""
111395.867306709,14.9999998450217,4.50153288039731E-06,1.33792751663384,5.62691610049663E-06,1.6724093957923,56.5408544879052,15.000170001071,15.0000724042511,""
111411.313676357,15.0000000119085,4.50003657731005E-06,1.33799704131939,5.62504572163757E-06,1.67249630164924,56.5408491769465,15.0001799924056,15.0000824020414,""
111426.758176327,15.0000001993112,4.49863019114106E-06,1.33806652806644,5.62328773892633E-06,1.67258316008305,56.5407431925514,15.0001873087173,15.0000897186514,""
111442.204545975,15.000000395838,4.49726808581104E-06,1.33813600860102,5.62158510726381E-06,1.67267001075127,56.5406186983709,15.0001946259147,15.0000970361471,""
111457.649046183,15.0000002915282,4.49630318956199E-06,1.33820545872539,5.62037898695249E-06,1.67275682340673,56.5405289167429,15.0001947802573,15.0000971961506,""
111473.095415592,15.000000053835,4.49553491942332E-06,1.33827490635311,5.61941864927915E-06,1.67284363294139,56.5404454933697,15.0001949346185,15.0000973561734,""
111488.539915562,15.0000000079902,4.49423939621366E-06,1.33834432156371,5.61779924526708E-06,1.67293040195463,56.5405262142941,15.00018862534,15.0000910515528,""
111503.98628521,15.0000000472198,4.49268231992706E-06,1.33841373327521,5.61585289990883E-06,1.67301716659401,56.5406370458723,15.0001823152978,15.000084746169,""
111519.430785179,14.9999998602843,4.49176908421774E-06,1.33848311437283,5.61471135527217E-06,1.67310389296604,56.5405578844094,15.0001751774615,15.0000776088269,""
111534.877154827,14.9999995729752,4.49117489047689E-06,1.33855249285581,5.61396861309611E-06,1.67319061606977,56.5404439048459,15.0001680387611,15.0000704706207,""
111550.321654797,14.9999998378473,4.49100061171401E-06,1.33862185715703,5.61375076464251E-06,1.67327732144629,56.5404158742501,15.0001631425194,15.0000655748846,""
111565.768024206,15.000000347844,4.49103455824801E-06,1.33869122698536,5.61379319781002E-06,1.6733640337317,56.5404035709434,15.000158245685,15.000060678556,""
111581.212524176,15.0000002558158,4.48748641208563E-06,1.33876053378993,5.60935801510704E-06,1.67345066723741,56.5403578706799,15.0001550142292,15.0000574666482,""
111596.658893824,14.999999896466,4.48216049733044E-06,1.33882982187959,5.60270062166305E-06,1.67353727734949,56.5403060568588,15.0001517823822,15.0000542543517,""
111612.103393793,14.9999998731138,4.48192243095394E-06,1.33889907021436,5.60240303869243E-06,1.67362383776795,56.5403524217952,15.0001535298048,15.0000559869553,""
111627.549763441,14.9999999990029,4.48420930749457E-06,1.33896831136304,5.60526163436821E-06,1.6737103892038,56.5404167298459,15.0001552774389,15.0000577197687,""
111642.994263411,14.9999999739158,4.48362902282445E-06,1.33903754705238,5.60453627853056E-06,1.67379693381548,56.5404553793545,15.000156578817,15.0000590341842,""
111658.440633059,14.9999998817366,4.48162525481361E-06,1.33910679257396,5.60203156851701E-06,1.67388349071745,56.5404893511291,15.0001578803527,15.0000603487588,""
111673.885133028,14.9999999121571,4.47976481205616E-06,1.33917599056836,5.5997060150702E-06,1.67396998821045,56.5405368955494,15.0001569910849,15.0000594641752,""
111689.331502676,14.9999999970826,4.47797520834773E-06,1.33924517749751,5.59746901043466E-06,1.67405647187189,56.5405869217939,15.0001561017096,15.0000585794844,""
111704.776002645,15.000000006463,4.47647547687999E-06,1.33931432359471,5.59559434609998E-06,1.67414290449339,56.5406531998867,15.0001567557856,15.0000592367011,""
111720.222372293,14.9999999822496,4.47511947335421E-06,1.33938346193681,5.59389934169276E-06,1.67422932742102,56.5407224482958,15.0001574099408,15.0000598939973,""
111735.666872263,14.9999999006506,4.47454781264715E-06,1.33945257604235,5.59318476580893E-06,1.67431572005294,56.5407687353922,15.0001584220339,15.0000609087928,""
111751.113241911,14.9999997935076,4.47436581455039E-06,1.33952169062848,5.59295726818799E-06,1.6744021132856,56.5408108498059,15.0001594342496,15.0000619237111,""
111766.55774188,14.999999998194,4.47192628842562E-06,1.33959075822364,5.58990786053202E-06,1.67448844777955,56.5407655710998,15.0001585637731,15.0000610633607,""
111782.00411129,15.0000003416983,4.46836410870169E-06,1.33965981497613,5.58545513587711E-06,1.67457476872016,56.5407043938273,15.0001576931912,15.000060202906,""
111797.448611259,15.0000002492332,4.46721613135812E-06,1.33972882716677,5.58402016419765E-06,1.67466103395846,56.5406957066373,15.0001580990617,15.000060606386,""
111812.894980907,14.9999999626445,4.46726843614238E-06,1.3397978297068,5.58408554517798E-06,1.67474728713349,56.5406965544431,15.0001585049814,15.0000610099148,""
111828.339481115,15.0000000173092,4.4648679883323E-06,1.3398667870894,5.58108498541537E-06,1.67483348386175,56.5407085667846,15.0001617995291,15.0000643239407,""
111843.785850525,15.0000002239801,4.46124704333153E-06,1.33993573450715,5.57655880416441E-06,1.67491966813394,56.5407226072958,15.0001650944755,15.0000676383676,""
111859.230350494,15.0000001664469,4.45953687709142E-06,1.34000462840433,5.57442109636427E-06,1.67500578550542,56.5405479459475,15.000167414039,15.0000699570212,""
111874.676720142,14.9999999911793,4.458777184913E-06,1.34007350815982,5.57347148114125E-06,1.67509188519978,56.5403390406158,15.0001697338833,15.0000722759554,""
111890.121220112,14.9999999167886,4.46021168844002E-06,1.34014239780084,5.57526461055002E-06,1.67517799725105,56.5403803867506,15.0001724710187,15.0000750067247,""
111905.56758976,14.9999998873512,4.46273862173287E-06,1.34021130485313,5.57842327716609E-06,1.67526413106642,56.5404670768738,15.0001752084856,15.0000777378246,""
111921.012089968,14.999999934724,4.46321593814794E-06,1.34028022401947,5.57901992268493E-06,1.67535028002434,56.5405677158898,15.0001762433081,15.000078774281,""
111936.458459377,15.000000016357,4.46267279961694E-06,1.3403491617124,5.57834099952118E-06,1.6754364521405,56.5406708940571,15.000177278256,15.0000798108627,""
111951.902959347,15.000000095058,4.46235331661634E-06,1.34041808331679,5.57794164577043E-06,1.67552260414599,56.5405706717684,15.0001770518939,15.0000795854563,""
111967.349328995,15.0000001724648,4.46214517457586E-06,1.3404870094065,5.57768146821982E-06,1.67560876175813,56.54043365376,15.0001768255044,15.0000793600227,""
111982.793828964,15.0000001472299,4.46038241228303E-06,1.34055589884901,5.57547801535379E-06,1.67569487356126,56.540503800178,15.0001766855476,15.0000792276587,""
111998.240198612,15.0000000761837,4.4578447458222E-06,1.34062478252696,5.57230593227776E-06,1.6757809781587,56.5406113836981,15.0001765455738,15.0000790952788,""
112013.684698582,15.0000001155106,4.45659149424144E-06,1.34069362538985,5.5707393678018E-06,1.67586703173732,56.5406993668808,15.0001748002712,15.0000773513555,""
112029.131067991,15.000000204121,4.45597818187909E-06,1.34076246039672,5.56997272734886E-06,1.6759530754959,56.540783824875,15.0001730547573,15.0000756072212,""
112044.575567961,15.0000001333025,4.45309674105897E-06,1.34083123939654,5.56637092632371E-06,1.67603904924568,56.5407400966855,15.0001743573915,15.0000769177446,""
112060.021937609,14.9999999912657,4.44908394444561E-06,1.3409000029496,5.56135493055701E-06,1.676125003687,56.5406732469121,15.0001756601834,15.0000782284267,""
112075.466437578,14.9999998816362,4.44789200412392E-06,1.34096871904105,5.5598650051549E-06,1.67621089880131,56.5405899274257,15.0001820996191,15.0000846678895,""
112090.912807226,14.9999997864673,4.44810672079382E-06,1.34103742392896,5.56013340099228E-06,1.67629677991119,56.5405036288912,15.0001885398344,15.000091108132,""
112106.357307196,14.9999997859234,4.44751778316017E-06,1.34110611251248,5.55939722895022E-06,1.6763826406406,56.5404987392024,15.0001924704209,15.0000950455618,""
112121.803676844,14.9999998276749,4.44652779215836E-06,1.3411748054255,5.55815974019794E-06,1.67646850678187,56.5405085015161,15.0001964014833,15.0000989834683,""
112137.248176813,14.9999999362222,4.44493351062929E-06,1.34124346028926,5.55616688828662E-06,1.67655432536157,56.540576612462,15.0001908253069,15.0000934052191,""
112152.694546461,15.0000000746567,4.44303735730469E-06,1.34131210862289,5.55379669663086E-06,1.67664013577862,56.5406552254172,15.0001852484554,15.0000878262946,""
112168.139046431,14.9999999116444,4.44213550388926E-06,1.34138072493564,5.55266937986157E-06,1.67672590616954,56.5406825558805,15.0001760146574,15.0000785998259,""
112183.585416079,14.9999996137574,4.44172987428203E-06,1.34144933771593,5.55216234285254E-06,1.67681167214492,56.5407006772417,15.0001667797415,15.0000693722402,""
112199.029916048,14.9999997529712,4.44109186575985E-06,1.34151793024489,5.55136483219981E-06,1.67689741280611,56.5406758595156,15.0001570015128,15.0000595988643,""
112214.476285696,15.0000000878143,4.4403376919381E-06,1.34158652511086,5.55042211492263E-06,1.67698315638858,56.5406433313833,15.0001472221004,15.0000498243051,""
112229.920785666,15.0000001703029,4.43890356795701E-06,1.34165508563536,5.54862945994626E-06,1.6770688570442,56.5406499122787,15.0001404037849,15.000043009541,""
112245.367155075,15.0000001398318,4.43712950623499E-06,1.34172364144915,5.54641188279373E-06,1.67715455181144,56.5406635069576,15.0001335846442,15.0000361939521,""
112260.811655045,15.0000002284641,4.43701438387737E-06,1.341792178048,5.54626797984671E-06,1.67724022256,56.5406444899263,15.0001294995234,15.0000321082095,""
112276.258024693,15.000000370453,4.43772825720968E-06,1.34186071748718,5.5471603215121E-06,1.67732589685897,56.5406196278935,15.000125413908,15.0000280219723,""
112291.7025249,15.0000002567268,4.43637405937856E-06,1.34192923139035,5.5454675742232E-06,1.67741153923794,56.540587727068,15.0001259254846,15.0000285371569,""
112307.14889431,15.0000000284124,4.43398580455621E-06,1.34199774496598,5.54248225569526E-06,1.67749718120747,56.5405545618971,15.0001264371232,15.0000290524038,""
112322.593394279,15.0000000047298,4.43309936110141E-06,1.34206622426455,5.54137420137676E-06,1.67758278033069,56.5406228311685,15.0001319047648,15.0000345202127,""
112338.039763927,15.0000000727602,4.43296374677954E-06,1.34213469885755,5.54120468347442E-06,1.67766837357193,56.5407092477145,15.0001373730684,15.0000399886835,""
112353.484263897,15.000000030418,4.43237836726218E-06,1.34220315542265,5.54047295907772E-06,1.67775394427831,56.5408703263106,15.0001425587778,15.0000451786584,""
112368.930633545,14.9999999385793,4.43156789947975E-06,1.34227161540246,5.53945987434969E-06,1.67783951925307,56.5410447656823,15.0001477451149,15.0000503692616,""
112384.375133514,14.9999998144347,4.42868757257872E-06,1.34234001843809,5.5358594657234E-06,1.67792502304762,56.5410913424898,15.0001509325052,15.0000535678887,""
112399.821503162,14.9999996757773,4.42477099473162E-06,1.34240840540396,5.53096374341453E-06,1.67801050675495,56.5411151057934,15.0001541202815,15.0000567669031,""
112415.26600337,14.9999998312152,4.42325006299256E-06,1.34247674046766,5.5290625787407E-06,1.67809592558457,56.541084912334,15.0001554752979,15.0000581167772,""
112430.71237278,15.0000001186504,4.42292799663828E-06,1.34254506196237,5.52865999579784E-06,1.67818132745296,56.5410450937565,15.0001568304783,15.0000594668146,""
112446.156872749,15.0000000121044,4.42094910428546E-06,1.34261334296746,5.52618638035682E-06,1.67826667870933,56.5411008558519,15.0001576113716,15.0000602629603,""
112461.603242159,14.9999997286785,4.41814025446187E-06,1.34268161610205,5.52267531807733E-06,1.67835202012756,56.5411736524404,15.0001583923593,15.0000610592023,""
112477.047742128,14.9999997233527,4.41755353852719E-06,1.3427498574851,5.52194192315899E-06,1.67843732185638,56.5411680531281,15.0001616026188,15.0000642687853,""
112492.494111776,14.9999998429161,4.41807973867339E-06,1.34281809536293,5.52259967334174E-06,1.67852261920366,56.5411485009046,15.0001648132669,15.0000674787569,""
112507.938611746,14.9999999315523,4.41879581539833E-06,1.3428863387429,5.52349476924791E-06,1.67860792342863,56.5412380966327,15.0001668511157,15.0000695174797,""
112523.384981394,15.0000000063099,4.41960715895919E-06,1.34295459728043,5.52450894869898E-06,1.67869324660054,56.5413471118562,15.0001688892112,15.0000715564492,""
112538.829481363,15.0000000868894,4.41765207255123E-06,1.34302282152083,5.52206509068904E-06,1.67877852690103,56.5412742289102,15.0001653040982,15.0000679753537,""
112554.275851011,15.0000001700996,4.41431006862724E-06,1.34309104096978,5.51788758578405E-06,1.67886380121222,56.5411690242601,15.0001617185511,15.0000643938246,""
112569.720350981,14.999999998625,4.41243965925114E-06,1.34315920612912,5.51554957406392E-06,1.6789490076614,56.541135934604,15.0001595069812,15.0000621906102,""
112585.166720629,14.9999997126115,4.4113067304916E-06,1.34322735645826,5.51413341311451E-06,1.67903419557282,56.5411156382065,15.0001572951436,15.000059987129,""
112600.611220598,14.9999997582661,4.40995537026141E-06,1.34329547185671,5.51244421282676E-06,1.67911933982089,56.5410430798438,15.0001583190327,15.0000610109402,""
112616.057590246,14.9999999531084,4.40849421229389E-06,1.34336358211758,5.51061776536736E-06,1.67920447764698,56.5409612451771,15.0001593430458,15.0000620348752,""
112631.502090216,15.000000002393,4.40784879168215E-06,1.34343166667706,5.50981098960269E-06,1.67928958334633,56.5409393331555,15.0001604413295,15.0000631368853,""
112646.948459864,14.999999986191,4.40761251318213E-06,1.34349975071933,5.50951564147766E-06,1.67937468839917,56.5409280321476,15.0001615397462,15.0000642390288,""
112662.392959833,15.0000000430652,4.40566478129041E-06,1.34356779522551,5.50708097661301E-06,1.67945974403189,56.5409951889433,15.0001597819385,15.0000624900305,""
112677.839329481,15.0000001328436,4.40285776818855E-06,1.3436358322611,5.50357221023568E-06,1.67954479032637,56.541076239431,15.000158023918,15.0000607408205,""
112693.283829451,15.0000002089887,4.40046788999836E-06,1.3437038097749,5.50058486249795E-06,1.67962976221862,56.541035944667,15.0001550360996,15.0000577626395,""
112708.73019886,15.0000002790079,4.39828699365796E-06,1.34377176976619,5.49785874207245E-06,1.67971471220774,56.5409741908971,15.0001520479195,15.0000547840979,""
112724.17469883,15.0000000875421,4.39910866546097E-06,1.3438397230624,5.49888583182621E-06,1.679799653828,56.5410352255742,15.0001511780917,15.0000539064742,""
112739.621068478,14.9999997782467,4.40143837730114E-06,1.34390768535335,5.50179797162643E-06,1.67988460669168,56.5411179567823,15.0001503081586,15.0000530287443,""
112755.065568447,14.9999999007996,4.40221722037968E-06,1.34397566336585,5.5027715254746E-06,1.67996957920731,56.5411042005025,15.0001527678738,15.0000554925158,""
112770.511938095,15.0000002179928,4.40221710220287E-06,1.34404366163969,5.50277137775359E-06,1.68005457704961,56.5410734160724,15.0001552278867,15.0000579565855,""
112785.956438303,15.0000002085097,4.39833933300213E-06,1.34411159178723,5.49792416625266E-06,1.68013948973404,56.5411389692987,15.0001610400816,15.0000637809284,""
112801.402807713,15.0000000517461,4.3925122201034E-06,1.34417950005262,5.49064027512925E-06,1.68022437506577,56.5412215154715,15.0001668529799,15.0000696059762,""
112816.847307682,14.9999999231635,4.38987655214647E-06,1.34424732960573,5.48734569018308E-06,1.68030916200716,56.541326378581,15.0001741948105,15.0000769498494,""
112832.29367733,14.9999998072685,4.38884473112332E-06,1.34431513192907,5.48605591390415E-06,1.68039391491134,56.5414351871935,15.0001815375299,15.0000842946116,""
112847.7381773,14.999999877688,4.38940223785717E-06,1.34438292938524,5.48675279732146E-06,1.68047866173155,56.5414599569398,15.0001833506241,15.0000861092338,""
112863.184546947,15.0000000321835,4.39075905728672E-06,1.3444507367285,5.4884488216084E-06,1.68056342091063,56.5414699429288,15.0001851639378,15.0000879240756,""
112878.629046917,15.000000064276,4.38912963360763E-06,1.34451851762477,5.48641204200954E-06,1.68064814703096,56.5414914598019,15.0001823605568,15.0000851307601,""
112894.075416565,15.0000000411251,4.38599775386401E-06,1.34458629755046,5.48249719233001E-06,1.68073287193807,56.5415150067552,15.0001795568364,15.0000823371065,""
112909.519916773,15.0000000214301,4.38322108657363E-06,1.34465401039837,5.47902635821704E-06,1.68081751299796,56.5415915793544,15.0001743349672,15.0000771223325,""
112924.966285944,15.000000003292,4.38062265417771E-06,1.34472170181156,5.47577831772214E-06,1.68090212726445,56.5416774753689,15.000169112466,15.0000719069275,""
112940.410785913,15.0000001542925,4.37998619533216E-06,1.34478936194516,5.4749827441652E-06,1.68098670243145,56.541652729583,15.0001591035316,15.0000618967027,""
112955.857155561,15.0000003817229,4.38033719447736E-06,1.34485701864659,5.4754214930967E-06,1.68107127330824,56.54160856754,15.0001490933856,15.0000518852661,""
112971.301655531,15.0000001386055,4.38196512532542E-06,1.34492469409367,5.47745640665678E-06,1.68115586761709,56.5415847397304,15.0001424480434,15.0000452402894,""
112986.748025179,14.9999996828061,4.38423631665999E-06,1.34499239129745,5.48029539582498E-06,1.68124048912181,56.5415644728872,15.0001358018968,15.0000385945082,""
113002.192525148,14.9999997549757,4.38249807215726E-06,1.3450600650355,5.47812259019658E-06,1.68132508129437,56.5415003935609,15.000134928946,15.0000377316498,""
113017.638894796,15.0000000658389,4.37874000560007E-06,1.345127739273,5.47342500700008E-06,1.68140967409125,56.541428632621,15.0001340558896,15.0000368686869,""
113033.083394766,14.9999999792438,4.37535732700981E-06,1.34519533392176,5.46919665876226E-06,1.6814941674022,56.5414833271436,15.0001380662168,15.0000408844474,""
113048.529764414,14.9999997128832,4.37216317321875E-06,1.34526290077527,5.46520396652344E-06,1.68157862596909,56.5415601533535,15.0001420770295,15.0000449006941,""
113063.974264383,14.9999996358479,4.36999229471657E-06,1.34533040965101,5.46249036839572E-06,1.68166301206377,56.541510498543,15.0001533728146,15.0000562067593,""
113079.420634031,14.9999996444546,4.36833677145157E-06,1.34539790159641,5.46042096431446E-06,1.68174737699551,56.5414387294262,15.0001646699672,15.0000675141932,""
113094.865134001,14.9999998371196,4.36630423081863E-06,1.34546534554988,5.45788028852329E-06,1.68183168193735,56.5413085419722,15.0001725255431,15.0000753730032,""
113110.311503649,15.0000001131236,4.36408123361885E-06,1.34553277758765,5.45510154202356E-06,1.68191597198457,56.541168134996,15.0001803820701,15.0000832327646,""
113125.756003618,15.0000002016682,4.36522698296304E-06,1.34560020784877,5.4565337287038E-06,1.68200025981097,56.5411280662723,15.0001810924866,15.0000839421066,""
113141.202373266,15.0000002053509,4.36807196991695E-06,1.3456676494938,5.46008996239618E-06,1.68208456186725,56.5411054961603,15.0001818029891,15.0000846515345,""
113156.646873236,15.0000001419052,4.36831556372195E-06,1.34573510120828,5.46039445465244E-06,1.68216887651035,56.5411915095973,15.0001820204898,15.0000848697387,""
113172.093242645,15.0000000480421,4.36724675710225E-06,1.34580257028714,5.45905844637781E-06,1.68225321285893,56.5412964598589,15.0001822380169,15.0000850879693,""
113187.537742615,15.0000001763103,4.36533017206563E-06,1.34586999616302,5.45666271508204E-06,1.68233749520377,56.5412920712471,15.0001808137858,15.000083669901,""
113202.984112263,15.0000004052557,4.36298537954523E-06,1.34593741251647,5.45373172443153E-06,1.68242176564559,56.5412686440171,15.0001793893822,15.0000822516611,""
113218.428612232,15.0000004564346,4.36091268882877E-06,1.34600477677929,5.45114086103596E-06,1.68250597097412,56.5414127114499,15.0001736634955,15.0000765335341,""
113233.87498188,15.0000004270394,4.3589769904568E-06,1.34607212701628,5.448721238071E-06,1.68259015877035,56.5415859354406,15.0001679369155,15.0000708147149,""
113249.319482088,15.0000003975374,4.35813455095848E-06,1.34613944625742,5.44766818869809E-06,1.68267430782178,56.5416399740192,15.000162776047,15.0000656510648,""
113264.765851498,15.0000003679818,4.35784406832087E-06,1.34620676210778,5.44730508540108E-06,1.68275845263473,56.5416733075768,15.0001576145538,15.0000604867897,""
113280.210351467,15.0000004247449,4.35733112719294E-06,1.34627406041333,5.44666390899117E-06,1.68284257551666,56.5417329760419,15.0001569632505,15.0000598433654,""
113295.656721115,15.0000005206774,4.35670571121081E-06,1.34634136211775,5.44588213901351E-06,1.68292670264719,56.5417972252181,15.0001563118684,15.0000591998633,""
113311.101221085,15.0000004256742,4.35754904702242E-06,1.34640866552799,5.44693630877802E-06,1.68301083190999,56.5419423544599,15.0001606856315,15.0000635686567,""
113326.547590733,15.0000002440003,4.35913476286572E-06,1.34647598206521,5.44891845358215E-06,1.68309497758151,56.54210153313,15.0001650599242,15.0000679379791,""
113341.992090702,15.0000003042834,4.35764458884467E-06,1.3465432754808,5.44705573605584E-06,1.683179094351,56.5422147432741,15.0001694239839,15.0000723090587,""
113357.43846035,15.0000004744292,4.35459924754428E-06,1.34661056947264,5.44324905943035E-06,1.6832632118408,56.5423200038256,15.000173788572,15.0000766806675,""
113372.882960558,15.0000001957349,4.35238662088217E-06,1.3466778057027,5.44048327610272E-06,1.68334725712837,56.5422971927377,15.0001789019505,15.0000817960688,""
113388.329329729,14.9999997131322,4.35059467544345E-06,1.34674502497573,5.43824334430431E-06,1.68343128121967,56.5422522068094,15.0001840159479,15.0000869120892,""
113403.773829699,14.9999997879446,4.34736975519943E-06,1.34681217722045,5.43421219399929E-06,1.68351522152556,56.542301606937,15.000182904583,15.0000858131303,""
113419.220199347,15.0000001160418,4.34341938722287E-06,1.34687930779979,5.42927423402859E-06,1.68359913474974,56.5423673383555,15.0001817930836,15.0000847140384,""
113434.664699316,15.0000001771451,4.34242624018149E-06,1.34694639490117,5.42803280022686E-06,1.68368299362646,56.5425414605134,15.0001767667344,15.0000796886132,""
113450.111068964,15.0000001168984,4.34292929169248E-06,1.34701347223326,5.4286616146156E-06,1.68376684029157,56.542734335759,15.0001717397768,15.0000746625795,""
113465.555568933,14.999999956602,4.34231020971658E-06,1.34708053443101,5.42788776214572E-06,1.68385066803877,56.5429029443558,15.000168794931,15.0000717175658,""
113481.001938581,14.9999997507826,4.34112301922991E-06,1.34714760119589,5.42640377403739E-06,1.68393450149486,56.5430673879981,15.0001658497287,15.0000687721955,""
113496.446438551,14.9999998616345,4.34052603521301E-06,1.34721464461297,5.42565754401626E-06,1.68401830576622,56.54302687718,15.000162428432,15.0000653602802,""
113511.892808199,15.0000001165593,4.34022778794525E-06,1.34728168843378,5.42528473493157E-06,1.68410211054222,56.5429510156464,15.000159006721,15.0000619479519,""
113527.337308168,15.0000002136432,4.33878919250899E-06,1.34734870040998,5.42348649063623E-06,1.68418587551247,56.54314053759,15.0001536124077,15.0000565567023,""
113542.783677816,15.0000002389147,4.33677274051903E-06,1.34741570847794,5.42096592564879E-06,1.68426963559742,56.54337580839,15.0001482174413,15.0000511648001,""
113558.228177786,14.9999999387137,4.33381376682499E-06,1.34748265253384,5.41726720853124E-06,1.6843533156673,56.5434087991851,15.0001461513407,15.0000491092662,""
113573.674547434,14.9999994902876,4.33037670313104E-06,1.3475495763668,5.4129708789138E-06,1.6844369704585,56.5434069782176,15.00014408499,15.0000470534835,""
113589.119047403,14.9999997452644,4.33118197744788E-06,1.34761648716443,5.41397747180985E-06,1.68452060895554,56.5434231228492,15.0001458542901,15.0000488137771,""
113604.565416813,15.0000003206368,4.33413758163781E-06,1.34768340355973,5.41767197704726E-06,1.68460425444967,56.5434423590232,15.0001476238044,15.0000505742837,""
113620.009917021,15.0000001758321,4.33404385889252E-06,1.34775032534234,5.41755482361565E-06,1.68468790667793,56.5434349887469,15.0001490128961,15.0000519709016,""
113635.45628643,14.9999997028841,4.33240409379673E-06,1.34781726206209,5.41550511724591E-06,1.68477157757762,56.5434230467686,15.0001504021559,15.0000533676886,""
113650.9007864,14.9999995656874,4.33211216693588E-06,1.34788417789063,5.41514020866985E-06,1.68485522236329,56.5435657760676,15.0001528064504,15.0000557670356,""
113666.347156048,14.9999995814967,4.33250377217212E-06,1.34795109533234,5.41562971521515E-06,1.68493886916543,56.5437350705039,15.0001552110359,15.000058166673,""
113681.791656017,14.9999997785649,4.33385130802638E-06,1.34801802746493,5.41731413503298E-06,1.68502253433116,56.543693169643,15.0001573247726,15.000060278221,""
113697.238025665,15.0000000583147,4.33568406962667E-06,1.34808497926421,5.41960508703334E-06,1.68510622408026,56.5436150523086,15.0001594387652,15.0000623900247,""
113712.682525635,15.0000002829555,4.33226957881937E-06,1.34815187946647,5.41533697352422E-06,1.68518984933309,56.5436891341725,15.0001552391444,15.0000582042879,""
113728.128895283,15.0000004824984,4.32619146210157E-06,1.348218765692,5.40773932762696E-06,1.68527345711499,56.5437892966031,15.0001510390151,15.0000540180444,""
113743.573395491,15.0000003787297,4.32253554505064E-06,1.34828555669951,5.4031694313133E-06,1.68535694587438,56.543846064327,15.0001395649051,15.0000425473558,""
113759.0197649,15.0000001365367,4.32010864031725E-06,1.34835231155544,5.40013580039657E-06,1.6854403894443,56.5438954142626,15.0001280894065,15.0000310752789,""
113774.46426487,14.9999998667592,4.32012392696037E-06,1.34841904633423,5.40015490870046E-06,1.68552380791779,56.5438898522106,15.0001235449811,15.0000265297875,""
113789.910634518,14.9999995843419,4.32137945142826E-06,1.34848578309805,5.40172431428533E-06,1.68560722887257,56.543874901779,15.0001190000055,15.0000219837458,""
113805.355134487,14.9999996486353,4.32240308626834E-06,1.34855253392119,5.40300385783542E-06,1.68569066740148,56.5437994683709,15.0001215828857,15.0000245654915,""
113820.801504135,14.9999998712725,4.3233091072598E-06,1.34861930407224,5.40413638407475E-06,1.6857741300903,56.5437136943183,15.0001241660785,15.0000271475498,""
113836.246004105,15.0000000747114,4.32212147262674E-06,1.34868605236019,5.40265184078343E-06,1.68585756545023,56.5436434289586,15.000122491518,15.0000254739907,""
113851.692373514,15.0000002694154,4.31986968852973E-06,1.34875280172355,5.39983711066217E-06,1.68594100215444,56.5435757998155,15.0001208167547,15.0000238002289,""
113867.136873484,15.0000002069198,4.31705372041325E-06,1.34881948817694,5.39631715051656E-06,1.68602436022117,56.5435539781298,15.0001198800101,15.0000228781421,""
113882.583243132,15.0000000268664,4.31395044287112E-06,1.34888615482705,5.39243805358889E-06,1.68610769353382,56.5435399616611,15.0001189431522,15.0000219559436,""
113898.027743101,14.9999999089586,4.31302724623047E-06,1.34895278353232,5.39128405778808E-06,1.6861909794154,56.5434403200458,15.0001221625297,15.0000251696757,""
113913.474112749,14.9999998194433,4.31321245845874E-06,1.34901940511,5.39151557307343E-06,1.68627425638749,56.5433260829069,15.000125382297,15.0000283837968,""
113928.918612719,14.9999997790013,4.3101957611541E-06,1.34908597295924,5.38774470144263E-06,1.68635746619905,56.5432308592337,15.0001354930375,15.0000385085138,""
113944.364982367,14.9999997609974,4.3055497992924E-06,1.34915252563618,5.38193724911549E-06,1.68644065704522,56.5431388567897,15.000145605002,15.0000486344566,""
113959.809482336,14.9999996568152,4.30569428480402E-06,1.34921904913174,5.38211785600502E-06,1.68652381141468,56.5432299054812,15.0001516962474,15.0000547219158,""
113975.255851984,14.9999995131829,4.30827634907723E-06,1.34928556992972,5.38534543634654E-06,1.68660696241215,56.543352078807,15.0001577882303,15.000060810112,""
113990.700351954,14.9999997699025,4.30800141729986E-06,1.34935209140457,5.38500177162482E-06,1.68669011425572,56.5432434033668,15.0001584546357,15.0000614832484,""
114006.146721601,15.0000002099225,4.30627221650487E-06,1.34941862537588,5.38284027063108E-06,1.68677328171985,56.5430955152593,15.0001591211218,15.0000621564663,""
114021.591221571,15.0000002012942,4.30336188672212E-06,1.34948509765509,5.37920235840265E-06,1.68685637206886,56.5429467650293,15.0001576890411,15.0000607320725,""
114037.037591219,14.9999999872225,4.29984963048826E-06,1.34955155066685,5.37481203811033E-06,1.68693943833356,56.5427978474948,15.000156256787,15.0000593075062,""
114052.482091188,14.9999998227102,4.30085742586054E-06,1.34961799356746,5.37607178232568E-06,1.68702249195932,56.5427212184413,15.0001610328388,15.0000640735079,""
114067.928460598,14.9999996808715,4.30416763084169E-06,1.34968444345731,5.38020953855211E-06,1.68710555432164,56.5426568289165,15.0001658094686,15.0000688400866,""
114083.372960567,14.999999895314,4.30321014573801E-06,1.34975088712752,5.37901268217251E-06,1.6871886089094,56.542514984003,15.0001714003694,15.0000744446921,""
114098.819330215,15.0000002730667,4.30007808518657E-06,1.34981733977002,5.37509760648321E-06,1.68727167471253,56.5423600058443,15.000176991947,15.0000800499761,""
114114.263830423,15.0000002706021,4.29636664692679E-06,1.34988371133215,5.37045830865848E-06,1.68735463916519,56.5424471629612,15.0001738596888,15.000076927305,""
114129.710199833,15.0000000938278,4.2923592392792E-06,1.3499500536974,5.365449049099E-06,1.68743756712175,56.5425752857489,15.0001707270515,15.0000738042559,""
114145.154699802,15.0000000041134,4.29160369208265E-06,1.3500163562705,5.36450461510331E-06,1.68752044533813,56.5424040256313,15.0001675135582,15.0000705862727,""
114160.60106945,14.9999999543111,4.29250592396543E-06,1.35008265067423,5.36563240495678E-06,1.68760331334279,56.5421821549424,15.0001642996758,15.0000673678998,""
114176.04556942,14.9999999024462,4.29458890157141E-06,1.35014897374879,5.36823612696426E-06,1.68768621718598,56.542108397788,15.0001640417168,15.0000671048582,""
114191.491939068,14.9999998496259,4.29727444426298E-06,1.35021532356928,5.37159305532872E-06,1.6877691544616,56.5420596322486,15.0001637837266,15.0000668417846,""
114206.936439037,14.9999999674414,4.29684178974318E-06,1.35028167212866,5.37105223717898E-06,1.68785209016082,56.5420273906148,15.0001624527003,15.0000655170271,""
114222.382808685,15.0000001635961,4.29481824456959E-06,1.35034803217436,5.36852280571198E-06,1.68793504021795,56.5419979309769,15.0001611215128,15.0000641921091,""
114237.827308893,15.0000001014463,4.2919101614529E-06,1.3504143291383,5.36488770181613E-06,1.68801791142288,56.5419720167326,15.0001604933115,15.0000635702393,""
114253.273678303,14.999999920683,4.28855013412758E-06,1.35048060602832,5.36068766765948E-06,1.68810075753541,56.5419466961253,15.0001598650342,15.0000629482942,""
114268.718178272,14.9999998281196,4.28604196045043E-06,1.35054681933934,5.35755245056304E-06,1.68818352417417,56.5419771456427,15.0001599818079,15.0000630687853,""
114284.16454792,14.9999997760531,4.28396820300898E-06,1.35061301230014,5.35496025376122E-06,1.68826626537518,56.5420169859904,15.0001600985957,15.0000631892911,""
114299.60904789,14.999999721746,4.28418854778954E-06,1.35067919027804,5.35523568473692E-06,1.68834898784755,56.5419595368795,15.0001622961826,15.000065383082,""
114315.055417299,14.9999996663995,4.28558046474886E-06,1.35074537270611,5.35697558093607E-06,1.68843171588264,56.5418857211849,15.0001644940356,15.0000675771384,""
114330.499917269,14.9999998035657,4.28570257229772E-06,1.35081155597038,5.35712821537214E-06,1.68851444496297,56.5417339317688,15.0001668844434,15.0000699720281,""
114345.946286917,15.0000000292525,4.28517603493506E-06,1.35087775176613,5.35647004366882E-06,1.68859718970766,56.5415690230973,15.0001692751406,15.0000723672076,""
114361.390786886,15.0000000390943,4.28249626922412E-06,1.350943895526,5.35312033653015E-06,1.6886798694075,56.5415708135818,15.0001704675379,15.0000735663987,""
114376.837156534,14.9999999496773,4.27871570206932E-06,1.35101002479421,5.34839462758665E-06,1.68876253099276,56.5416005784257,15.0001716600796,15.000074765735,""
114392.281656504,14.9999999818749,4.27778195556129E-06,1.35107611274832,5.34722744445162E-06,1.6888451409354,56.5416230558537,15.0001711835561,15.0000742897188,""
114407.728026152,15.0000000700269,4.27830325463898E-06,1.35114219167388,5.34787906829872E-06,1.68892773959235,56.5416443147467,15.0001707069749,15.000073813645,""
114423.172526121,15.0000000570793,4.27870573474789E-06,1.35120827142086,5.34838216843486E-06,1.68901033927608,56.5417387488734,15.0001686358209,15.0000717426479,""
114438.618895769,14.9999999976009,4.27904753164514E-06,1.3512743636778,5.34880941455643E-06,1.68909295459725,56.5418454518684,15.0001665644163,15.0000696714002,""
114454.063395739,14.999999976365,4.27691945836763E-06,1.35134041677051,5.34614932295953E-06,1.68917552096313,56.5418432726693,15.0001637830477,15.0000668957153,""
114469.509765387,14.9999999727325,4.27352764022294E-06,1.35140646191682,5.34190955027867E-06,1.68925807739602,56.5418228753351,15.0001610013424,15.0000641196944,""
114484.954265356,14.9999999469242,4.27197978755822E-06,1.35147245823883,5.33997473444778E-06,1.68934057279854,56.5417285120979,15.0001624603686,15.000065577742,""
114500.400635004,14.9999999108975,4.27137516093991E-06,1.35153844165606,5.33921895117489E-06,1.68942305207007,56.5416217719844,15.0001639195714,15.0000670359662,""
114515.845134974,14.9999998738493,4.27149277987512E-06,1.35160441588805,5.3393659748439E-06,1.68950551986007,56.5415798771911,15.0001646709709,15.000067787266,""
114531.291504383,14.9999998363238,4.27198009544926E-06,1.35167039749228,5.33997511931157E-06,1.68958799686534,56.541548804808,15.0001654224613,15.0000685386567,""
114546.736004353,14.9999999816971,4.27264450996281E-06,1.35173638380246,5.34080563745351E-06,1.68967047975307,56.5416037565904,15.000162773996,15.00006589333,""
114562.182374001,15.0000002114013,4.27339972228402E-06,1.35180238459978,5.34174965285502E-06,1.68975298074973,56.5416730668778,15.0001601252101,15.0000632476831,""
114577.626874208,15.0000002257983,4.27025565223586E-06,1.35186833260852,5.33781956529482E-06,1.68983541576064,56.5415426762955,15.0001561569507,15.0000592912576,""
114593.073243618,15.0000001409156,4.26511388786172E-06,1.35193426565014,5.33139235982716E-06,1.68991783206267,56.5413789856653,15.0001521882111,15.0000553343533,""
114608.517743587,15.0000000899986,4.26267755822726E-06,1.35200012747463,5.32834694778408E-06,1.69000015934328,56.541464811981,15.0001527657614,15.0000559085008,""
114623.964113235,15.0000000547407,4.26162689423622E-06,1.35206596486902,5.32703361779527E-06,1.69008245608627,56.541592193168,15.0001533433816,15.0000564827178,""
114639.408613205,15.0000000651968,4.26138345589808E-06,1.35213178530418,5.3267293198726E-06,1.69016473163023,56.5415380029276,15.0001559720713,15.0000591163593,""
114654.854982853,15.0000000967506,4.2615536848651E-06,1.35219760909938,5.32694210608137E-06,1.69024701137422,56.5414536046229,15.0001586010793,15.0000617503197,""
114670.299482822,14.9999998910165,4.25969111439329E-06,1.35226339700475,5.32461389299162E-06,1.69032924625593,56.541290708211,15.0001647537741,15.0000679116311,""
114685.74585247,14.9999995757012,4.25678603075372E-06,1.35232917855737,5.32098253844214E-06,1.69041147319672,56.541114745294,15.0001709072138,15.0000740736884,""
114701.190352678,14.9999997082945,4.25500309844325E-06,1.35239491016189,5.31875387305406E-06,1.69049363770236,56.5411403353551,15.00017529418,15.0000784635493,""
114716.636722088,15.00000004777,4.25379533019144E-06,1.35246062818639,5.31724416273929E-06,1.69057578523299,56.5411993865713,15.0001796816771,15.0000828539416,""
114732.081222057,15.0000000796086,4.25240076809006E-06,1.35252631071304,5.31550096011257E-06,1.6906578883913,56.5412962832331,15.0001772285113,15.0000804074979,""
114747.527591467,14.9999999693212,4.25091012285928E-06,1.35259198705785,5.3136376535741E-06,1.69073998382231,56.5413994696378,15.0001747750485,15.0000779607582,""
114762.972091436,14.9999999875518,4.25114743987625E-06,1.35265765171307,5.31393429984531E-06,1.69082206464133,56.5414051579361,15.0001696038309,15.0000727832268,""
114778.418461084,15.0000000651855,4.25227155760647E-06,1.3527233223975,5.31533944700808E-06,1.69090415299688,56.5413946945541,15.0001644319872,15.0000676050687,""
114793.862961054,15.0000001877547,4.25202114766068E-06,1.35278898684795,5.31502643457585E-06,1.69098623355993,56.5414504893732,15.0001602106137,15.0000633872849,""
114809.309330702,15.0000003311224,4.25106508011658E-06,1.35285466012809,5.31383135014572E-06,1.69106832516011,56.541517258144,15.0001559887292,15.0000591689906,""
114824.753830671,15.0000001925778,4.25073957370162E-06,1.35292031568509,5.31342446712703E-06,1.69115039460636,56.5415425203178,15.0001542096424,15.0000573958324,""
114840.200200319,14.9999999236109,4.25073781096053E-06,1.35298597417058,5.31342226370066E-06,1.69123246771322,56.5415609233199,15.0001524303402,15.0000556224595,""
114855.644700289,14.9999999141665,4.25019306336511E-06,1.35305161628564,5.31274132920639E-06,1.69131452035705,56.5415526357361,15.0001533396909,15.0000565274768,""
114871.091069937,15.0000000248081,4.24936929342144E-06,1.35311726201995,5.31171161677679E-06,1.69139657752494,56.5415399383268,15.0001542491517,15.0000574326037,""
114886.535569906,15.0000000664043,4.24710793875356E-06,1.35318286079382,5.30888492344195E-06,1.69147857599228,56.5415636588876,15.0001520677326,15.0000552607099,""
114901.981939554,15.0000000760464,4.24410746457324E-06,1.35324844745886,5.30513433071655E-06,1.69156055932357,56.5415933922009,15.0001498860495,15.0000530885531,""
114917.426439524,15.0000000121343,4.24394103545144E-06,1.35331400873996,5.30492629431429E-06,1.69164251092495,56.5415585079017,15.0001475288937,15.0000507242726,""
114932.872809172,14.9999999141491,4.24523132967099E-06,1.35337956898956,5.30653916208874E-06,1.69172446123695,56.541512966609,15.0001451714526,15.0000483597058,""
114948.317309141,14.999999954817,4.24445031648824E-06,1.35344511563355,5.3055628956103E-06,1.69180639454194,56.5414782939527,15.0001461513292,15.0000493473279,""
114963.763678789,15.0000000597247,4.24260412064065E-06,1.3535106672967,5.30325515080081E-06,1.69188833412087,56.5414454062943,15.0001471313245,15.0000503350695,""
114979.208178759,15.0000000418371,4.24143611894112E-06,1.35357618384038,5.3017951486764E-06,1.69197022980047,56.5413070041606,15.0001484230151,15.0000516310626,""
114994.654548168,14.9999999670379,4.24061673561287E-06,1.35364169432997,5.30077091951608E-06,1.69205211791247,56.5411512233356,15.0001497148621,15.0000529272126,""
115010.099048138,14.9999999530911,4.23768813422181E-06,1.35370714759938,5.29711016777727E-06,1.69213393449922,56.5411991216766,15.0001485511828,15.0000517677177,""
115025.545417786,14.9999999673545,4.23367375512894E-06,1.35377258342769,5.29209219391117E-06,1.69221572928461,56.5412805025238,15.0001473873627,15.0000506080825,""
115040.989917755,14.9999999157653,4.23367567239408E-06,1.35383799150061,5.2920945904926E-06,1.69229748937576,56.5411259092052,15.0001448335873,15.0000480500695,""
115056.436287403,14.9999998336246,4.23574474033498E-06,1.35390339728164,5.29468092541873E-06,1.69237924660205,56.5409325492123,15.0001422795028,15.0000454917469,""
115071.880787611,14.9999997703475,4.23557279633072E-06,1.35396880272466,5.2944659954134E-06,1.69246100340582,56.5409674495753,15.0001431957161,15.000046413769,""
115087.327157021,14.9999997158115,4.23424701653586E-06,1.35403421998551,5.29280877066982E-06,1.69254277498189,56.5410397957589,15.0001441120402,15.0000473359027,""
115102.77165699,14.9999997978994,4.23055903248066E-06,1.35409956581007,5.28819879060083E-06,1.69262445726258,56.5409499412591,15.000146162552,15.0000493969497,""
115118.218026638,14.999999943417,4.22565377395989E-06,1.35416488682731,5.28206721744987E-06,1.69270610853414,56.5408334953785,15.0001482133119,15.0000514582461,""
115133.662526608,14.999999702347,4.22506776001317E-06,1.35423016664678,5.28133470001646E-06,1.69278770830848,56.5408228131775,15.0001499278695,15.0000531686364,""
115149.108896255,14.9999992817273,4.22670689017295E-06,1.35429543721541,5.28338361271618E-06,1.69286929651926,56.5408294429042,15.0001516426346,15.0000548792336,""
115164.553396225,14.9999994399852,4.22783431517285E-06,1.35436072539381,5.28479289396606E-06,1.69295090674226,56.5408531102111,15.00015390436,15.0000571407404,""
115179.999765873,14.9999998671694,4.22869823325748E-06,1.35442603462452,5.28587279157185E-06,1.69303254328065,56.5408795670976,15.0001561663592,15.000059402521,""
115195.444266081,14.9999999281362,4.22705817598262E-06,1.35449131488386,5.28382271997827E-06,1.69311414360482,56.5407785256225,15.0001582197192,15.0000614644604,""
115210.890635252,14.9999998189341,4.22412694167348E-06,1.35455659218079,5.28015867709185E-06,1.69319574022598,56.5406566403288,15.0001602733276,15.0000635266493,""
115226.335135221,14.9999998221666,4.22305982904946E-06,1.3546218306308,5.27882478631183E-06,1.6932772882885,56.5406871423891,15.0001614246278,15.000064673638,""
115241.781504869,14.9999998776676,4.22295384618065E-06,1.35468706101688,5.27869230772582E-06,1.6933588262711,56.5407425195299,15.0001625760673,15.0000658207656,""
115257.226004839,15.0000001912497,4.22132170950439E-06,1.35475225777453,5.27665213688048E-06,1.69344032221816,56.5408126505196,15.0001624936583,15.000065748703,""
115272.672374487,15.0000006249093,4.21890198084184E-06,1.35481744914848,5.2736274760523E-06,1.69352181143559,56.5408851969084,15.0001624112393,15.0000656766317,""
115288.116874456,15.0000004771423,4.21688621339904E-06,1.35488258956607,5.2711077667488E-06,1.69360323695758,56.5408761875817,15.0001617631841,15.0000650287252,""
115303.563244104,15.0000000588496,4.21507853425051E-06,1.35494771564347,5.26884816781314E-06,1.69368464455434,56.5408538931784,15.0001611150506,15.0000643807404,""
115319.007744074,14.9999999493278,4.21432149573825E-06,1.35501281323638,5.26790186967281E-06,1.69376601654548,56.540875942986,15.0001595679401,15.0000628411635,""
115334.454113722,14.9999999834928,4.21410666266443E-06,1.35507790807407,5.26763332833054E-06,1.69384738509258,56.5409052114321,15.0001580206424,15.0000613014002,""
115349.898613691,15.0000001192478,4.21275808883295E-06,1.35514297314418,5.26594761104119E-06,1.69392871643022,56.5409841923928,15.0001518885541,15.0000551685863,""
115365.344983339,15.0000003023264,4.2108238357075E-06,1.35520803478707,5.26352979463437E-06,1.69401004348384,56.5410712653807,15.0001457557235,15.0000490350299,""
115380.789483309,15.0000002198362,4.21031880005782E-06,1.35527307123071,5.26289850007227E-06,1.69409133903838,56.5410585344131,15.0001427133731,15.0000459933258,""
115396.235852957,15.0000000136368,4.21055191981094E-06,1.3553381065979,5.26318989976368E-06,1.69417263324737,56.5410295945618,15.0001396706544,15.0000429512535,""
115411.680352926,14.9999999538789,4.20916991086502E-06,1.35540311389371,5.26146238858127E-06,1.69425389236714,56.5410159107286,15.0001384843215,15.0000417746421,""
115427.126722574,14.9999999623453,4.20695309755365E-06,1.35546811862077,5.25869137194207E-06,1.69433514827596,56.5410046998888,15.000137297845,15.0000405978883,""
115442.571222544,15.000000003582,4.20577050040131E-06,1.35553308630869,5.25721312550164E-06,1.69441635788586,56.5411408574364,15.0001356633312,15.0000389672603,""
115458.017591953,15.0000000601012,4.20512224844786E-06,1.35559804678095,5.25640281055982E-06,1.69449755847619,56.5413009169889,15.0001340286195,15.0000373364349,""
115473.462091923,15.0000001778099,4.20434939150142E-06,1.35566298426639,5.25543673937678E-06,1.69457873033299,56.5412371750759,15.0001312068613,15.0000345161252,""
115488.908461571,15.0000003240728,4.20351196619906E-06,1.35572792179188,5.25438995774883E-06,1.69465990223985,56.5411371910027,15.0001283847616,15.000031695474,""
115504.35296154,15.0000002722044,4.20306876189152E-06,1.35579284049594,5.2538359523644E-06,1.69474105061992,56.5411963365053,15.0001259735604,15.0000292828853,""
115519.799331188,15.0000001279003,4.20282937270008E-06,1.35585776138895,5.2535367158751E-06,1.69482220173619,56.5412812272144,15.0001235620672,15.0000268700046,""
115535.243831158,15.0000001292555,4.20245787370717E-06,1.35592266750964,5.25307234213396E-06,1.69490333438705,56.5413423676891,15.0001215713991,15.0000248831061,""
115550.690200806,15.0000001985859,4.20201795520776E-06,1.35598757791006,5.25252244400969E-06,1.69498447238758,56.541399679387,15.0001195804899,15.0000228959672,""
115566.134701014,15.0000003351506,4.20114400469919E-06,1.35605246479553,5.25143000587399E-06,1.69506558099442,56.5414759201689,15.000119997939,15.0000233104749,""
115581.581070423,15.0000005031279,4.2000452600771E-06,1.35611735142877,5.25005657509638E-06,1.69514668928596,56.5415552269874,15.0001204154387,15.0000237250328,""
115597.025570393,15.000000240037,4.19691461689431E-06,1.35618217646077,5.24614327111789E-06,1.69522772057596,56.5415470631628,15.0001223382148,15.000025661826,""
115612.471940041,14.9999997755771,4.19273144534256E-06,1.35624698151053,5.2409143066782E-06,1.69530872688816,56.5415247939431,15.0001242612237,15.0000275988536,""
115627.91644001,14.9999998194223,4.19034271432586E-06,1.35631172129973,5.23792839290732E-06,1.69538965162466,56.5413202154945,15.0001282631463,15.0000316072509,""
115643.362809658,15.0000001007607,4.18888286349062E-06,1.35637643918736,5.23610357936327E-06,1.6954705489842,56.5410862415057,15.0001322655532,15.0000356161335,""
115658.807309628,15.0000000984914,4.18651615395539E-06,1.35644110552733,5.23314519244424E-06,1.69555138190916,56.5410550726905,15.0001365686886,15.0000399255213,""
115674.253679037,14.9999999636659,4.18367920537513E-06,1.3565057570456,5.22959900671891E-06,1.695632196307,56.54105653472,15.0001408723448,15.0000442354307,""
115689.698179007,15.0000000529602,4.18434176689807E-06,1.35657039706972,5.23042720862258E-06,1.69571299633715,56.5410960263484,15.000140751588,15.0000441084009,""
115705.144548655,15.0000002470621,4.18681798500825E-06,1.35663504301714,5.23352248126031E-06,1.69579380377143,56.5411416370126,15.0001406308165,15.0000439813557,""
115720.589048624,15.0000001271371,4.18797318491651E-06,1.3566997111128,5.23496648114564E-06,1.695874638891,56.5409915531049,15.0001322105873,15.0000355639923,""
115736.035418272,14.9999998603043,4.18844378919071E-06,1.35676440257684,5.23555473648839E-06,1.69595550322106,56.5408100209473,15.0001237893389,15.00002714561,""
115751.479918242,14.9999998005739,4.18913097507795E-06,1.35682909912893,5.23641371884743E-06,1.69603637391116,56.5407865253664,15.0001201323565,15.0000234871107,""
115766.926287889,14.9999998377424,4.18993059846176E-06,1.35689381021291,5.2374132480772E-06,1.69611726276614,56.5407883802743,15.0001164749315,15.0000198281684,""
115782.370787859,14.9999998849093,4.1862574319985E-06,1.35695846064173,5.23282178999812E-06,1.69619807580217,56.5408289782335,15.0001187241483,15.0000220891318,""
115797.817157507,14.9999999367649,4.18026341279684E-06,1.35702309149307,5.22532926599605E-06,1.69627886436634,56.5408757911242,15.0001209736374,15.0000243503689,""
115813.261657476,14.9999999425259,4.17611402699197E-06,1.35708762110831,5.22014253373997E-06,1.69635952638538,56.540989136813,15.0001250833638,15.0000284719368,""
115828.708027124,14.9999999267023,4.17292105933594E-06,1.35715211005745,5.21615132416992E-06,1.69644013757181,56.5411131505847,15.0001291935878,15.0000325940036,""
115844.152527094,14.9999998417212,4.17219937146271E-06,1.3572165644413,5.21524921432838E-06,1.69652070555162,56.541145371354,15.0001342097781,15.0000376083894,""
115859.598896742,14.9999997243267,4.17276031640453E-06,1.35728101273622,5.21595039550566E-06,1.69660126592027,56.5411629151777,15.0001392265757,15.0000426233822,""
115875.043396711,14.9999998274278,4.17212320951838E-06,1.35734544613085,5.21515401189798E-06,1.69668180766356,56.5412308078647,15.0001449030253,15.0000483060258,""
115890.489766359,15.0000000338829,4.17086391114832E-06,1.357409883639,5.2135798889354E-06,1.69676235454875,56.5413067547348,15.0001505801621,15.0000539893572,""
115905.934266329,15.0000000224701,4.16917362815376E-06,1.35747428108762,5.2114670351922E-06,1.69684285135952,56.5412779911469,15.0001533650532,15.000056780662,""
115921.380635738,14.9999999089118,4.16725917777998E-06,1.35753866957305,5.20907397222498E-06,1.69692333696632,56.5412325101186,15.0001561502813,15.0000595723046,""
115936.825135708,14.9999999942984,4.16680483879901E-06,1.35760303390017,5.20850604849876E-06,1.69700379237521,56.5413092379206,15.0001572569404,15.0000606799692,""
115952.271505356,15.0000001730079,4.16710905536271E-06,1.35766739751493,5.20888631920338E-06,1.69708424689366,56.5414054630166,15.0001583637334,15.0000617877679,""
115967.716005325,15.0000000589186,4.16800740776039E-06,1.35773176869958,5.21000925970048E-06,1.69716471087448,56.5414759722064,15.0001570133014,15.0000604348165,""
115983.162374973,14.9999998074298,4.16921472468356E-06,1.35779615566149,5.21151840585444E-06,1.69724519457686,56.5415423950061,15.000155662706,15.0000590817014,""
115998.606874943,14.9999997879109,4.16945563967196E-06,1.35786054444054,5.21181954958995E-06,1.69732568055067,56.5416195836922,15.0001521257175,15.0000555440355,""
116014.053244591,14.9999998772689,4.16919415281033E-06,1.35792494601174,5.21149269101292E-06,1.69740618251467,56.5416984963557,15.0001485883009,15.0000520059413,""
116029.497744799,15.0000000295822,4.1683649659311E-06,1.35798932570592,5.21045620741388E-06,1.69748665713241,56.5416775912142,15.0001443154537,15.0000477321303,""
116044.944114208,15.0000002114835,4.16724037516401E-06,1.35805370586677,5.20905046895501E-06,1.69756713233346,56.5416408156362,15.0001400420894,15.000043457802,""
116060.388614178,15.0000000336281,4.16608774188442E-06,1.35811805495132,5.20760967735552E-06,1.69764756868914,56.5415900091761,15.0001414071471,15.000044827415,""
116075.834983826,14.999999686751,4.16492030729728E-06,1.35818239971053,5.2061503841216E-06,1.69772799963816,56.5415369674555,15.0001427723701,15.0000461971939,""
116091.279483795,14.9999998116577,4.16207385699733E-06,1.35824668702787,5.20259232124667E-06,1.69780835878484,56.5413694118774,15.0001460445208,15.0000494769989,""
116106.725853443,15.0000001582848,4.15835308660347E-06,1.35831095628387,5.19794135825434E-06,1.69788869535484,56.5411836663703,15.0001493170676,15.000052757201,""
116122.170353413,15.0000003744064,4.15873759348613E-06,1.35837520558244,5.19842199185766E-06,1.69796900697806,56.5411659013412,15.0001513092272,15.0000547433093,""
116137.616722822,15.0000005292163,4.16125934104185E-06,1.35843945631735,5.20157417630231E-06,1.69804932039669,56.5411747548733,15.000153301628,15.000056729658,""
116153.061222792,15.0000004296456,4.15911158464055E-06,1.35850367837507,5.19888948080069E-06,1.69812959796883,56.5412444027545,15.0001540384915,15.0000574779018,""
116168.50759244,15.0000002104281,4.15453174117273E-06,1.35856789732161,5.19316467646591E-06,1.69820987165202,56.5413236850386,15.0001547754443,15.0000582262362,""
116183.952092409,14.9999999591201,4.15151500136786E-06,1.35863203961888,5.18939375170982E-06,1.6982900495236,56.541357510771,15.0001562519439,15.0000597084961,""
116199.398462057,14.9999996926703,4.14931197289669E-06,1.35869615379718,5.18663996612086E-06,1.69837019224648,56.5413841521895,15.0001577286223,15.0000611909354,""
116214.842962027,14.9999997142545,4.14777493759985E-06,1.35876022576182,5.18471867199982E-06,1.69845028220227,56.5412990318495,15.0001591664597,15.0000626306022,""
116230.289331675,14.9999998714021,4.14658466751389E-06,1.35882428752723,5.18323083439236E-06,1.69853035940904,56.5411962423475,15.0001606044712,15.0000640704432,""
116245.733831644,15.0000000598819,4.14659230011054E-06,1.35888833587141,5.18324037513817E-06,1.69861041983926,56.5412297478779,15.0001616882175,15.0000651603061,""
116261.180201292,15.0000002631469,4.14722436263135E-06,1.35895238901475,5.18403045328918E-06,1.69869048626843,56.5412847692221,15.0001627720949,15.0000662503008,""
116276.624701262,15.0000003354258,4.14604335789464E-06,1.35901641923358,5.1825541973683E-06,1.69877052404198,56.5413534905266,15.0001610634794,15.0000645460187,""
116292.07107091,15.0000003460233,4.14391673429662E-06,1.35908044929194,5.17989591787078E-06,1.69885056161492,56.5414243814711,15.000159354657,15.0000628415304,""
116307.515570879,15.0000001453592,4.14242672362906E-06,1.35914443825908,5.17803340453632E-06,1.69893054782385,56.5413666698596,15.0001532640206,15.0000567553552,""
116322.961940527,14.9999998451172,4.14126850024393E-06,1.35920841757968,5.17658562530492E-06,1.6990105219746,56.5412886948555,15.0001471726469,15.0000506684432,""
116338.406440496,14.9999999146973,4.14076967144579E-06,1.35927237582983,5.17596208930723E-06,1.69909046978728,56.5413554661426,15.0001469970952,15.0000504917365,""
116353.852809906,15.0000001586095,4.14061480731818E-06,1.35933633486749,5.17576850914772E-06,1.69917041858437,56.5414450213043,15.0001468215222,15.0000503150083,""
116369.297309875,15.0000001852531,4.14039155656458E-06,1.35940028196475,5.17548944570572E-06,1.69925035245593,56.5413364308583,15.0001450245086,15.0000485244398,""
116384.743679523,15.0000001094501,4.14013257055219E-06,1.35946423461107,5.17516571319024E-06,1.69933029326384,56.5411966808999,15.0001432272774,15.0000467336545,""
116400.188179731,15.000000076762,4.13957133605008E-06,1.35952816959274,5.1744641700626E-06,1.69941021199093,56.5412709372036,15.0001425951256,15.0000460979254,""
116415.634549141,15.0000000644065,4.13885218951872E-06,1.35959210712985,5.1735652368984E-06,1.69949013391231,56.5413788064823,15.0001419628974,15.0000454621194,""
116431.07904911,15.0000000793399,4.13532443149785E-06,1.35965597895357,5.16915553937231E-06,1.69956997369197,56.5414393154764,15.0001444339846,15.0000479471713,""
116446.525418758,15.0000001071538,4.13032912729821E-06,1.35971982822626,5.16291140912276E-06,1.69964978528282,56.5414924042581,15.000146905371,15.000050432524,""
116461.969918728,14.9999999659831,4.12968907183813E-06,1.35978363568523,5.16211133979766E-06,1.69972954460654,56.5416015902413,15.0001497428662,15.0000532671528,""
116477.416288376,14.999999745012,4.13132431889015E-06,1.35984743305847,5.16415539861269E-06,1.69980929132309,56.5417195815392,15.0001525807049,15.0000561021248,""
116492.860788345,14.9999997741911,4.13004506324918E-06,1.35991121086807,5.16255632906147E-06,1.69988901358509,56.5419248865047,15.0001557349629,15.0000592644249,""
116508.307157993,14.999999921513,4.12724238150738E-06,1.35997499020912,5.15905297688422E-06,1.6999687377614,56.5421438874948,15.0001588896027,15.0000624271079,""
116523.751658201,14.9999999153532,4.12826832378904E-06,1.36003876411335,5.1603354047363E-06,1.70004845514169,56.5422378821718,15.0001620808754,15.0000656096063,""
116539.198027611,14.9999998366803,4.13129603721953E-06,1.36010254692926,5.16412004652441E-06,1.70012818366157,56.542312342899,15.0001652725343,15.0000687924899,""
116554.64252758,14.9999998812229,4.13126071417304E-06,1.36016633612677,5.1640758927163E-06,1.70020792015846,56.5423384386383,15.0001663163727,15.0000698413576,""
116570.088897228,14.9999999840087,4.12962352711254E-06,1.36023014042173,5.16202940889067E-06,1.70028767552716,56.5423569830759,15.0001673603375,15.0000708903523,""
116585.533397198,14.9999999329816,4.12825113626851E-06,1.36029390787939,5.16031392033564E-06,1.70036738484924,56.5423934752081,15.0001719299335,15.0000754600777,""
116600.979766607,14.9999998092212,4.12701701620672E-06,1.36035766782316,5.1587712702584E-06,1.70044708477895,56.5424327730997,15.0001765000827,15.0000800303562,""
116616.424266577,14.9999999042137,4.12643408506542E-06,1.36042140508171,5.15804260633177E-06,1.70052675635214,56.5425293995161,15.0001817227058,15.00008525671,""
116631.870636225,15.0000001026915,4.12619181588335E-06,1.36048514222215,5.15773976985419E-06,1.70060642777769,56.5426349760266,15.0001869459612,15.0000904836966,""
116647.315136194,15.0000000224903,4.12268621433491E-06,1.36054881632977,5.15335776791864E-06,1.70068602041222,56.5426634921729,15.0001904674194,15.0000940154394,""
116662.761505842,14.9999998104114,4.11747169871239E-06,1.36061246918471,5.14683962339048E-06,1.70076558648089,56.5426800123271,15.0001939893039,15.0000975476098,""
116678.206005812,14.9999998910233,4.11636773931508E-06,1.36067607210485,5.14545967414385E-06,1.70084509013106,56.5427399024596,15.0001944320129,15.0000979830419,""
116693.65237546,15.0000001101962,4.11741604127126E-06,1.36073966060845,5.14677005158907E-06,1.70092457576057,56.5428065476111,15.0001948747754,15.0000984185267,""
116709.096875429,15.0000001022389,4.11762799332795E-06,1.36080324974827,5.14703499165993E-06,1.70100406218534,56.5428216191538,15.0001914544715,15.0000950069134,""
116724.543245077,14.9999999867259,4.11740189339789E-06,1.36086685095161,5.14675236674737E-06,1.70108356368951,56.5428286783413,15.0001880337535,15.0000915948872,""
116739.987745047,14.9999999166454,4.1158039363862E-06,1.36093041868371,5.14475492048275E-06,1.70116302335463,56.5428231438433,15.0001840120007,15.0000875770676,""
116755.434114695,14.9999998680747,4.11348685456054E-06,1.36099398060506,5.14185856820067E-06,1.70124247575632,56.5428156535659,15.000179989761,15.0000835587617,""
116770.878614664,14.9999998789715,4.11335358776598E-06,1.36105752160191,5.14169198470748E-06,1.70132190200239,56.5429267130901,15.0001739715698,15.0000775359393,""
116786.324984312,14.9999999180518,4.11436494992495E-06,1.36112106335512,5.14295618740619E-06,1.7014013291939,56.5430561723063,15.0001679526501,15.0000715123878,""
116801.769484282,15.0000000931424,4.11322841515553E-06,1.36118458473633,5.14153551894442E-06,1.70148073092041,56.543014535323,15.0001589228091,15.0000624890147,""
116817.215853691,15.0000003327441,4.11096547851839E-06,1.36124810715674,5.13870684814798E-06,1.70156013394592,56.5429463873322,15.0001498918751,15.0000534645493,""
116832.660353661,15.0000001272983,4.10888658386739E-06,1.36131157887754,5.13610822983423E-06,1.70163947359693,56.5430411804819,15.0001420870928,15.000045663126,""
116848.106723309,14.9999997107467,4.10690383435998E-06,1.36137503572006,5.13362979294998E-06,1.70171879465007,56.5431612024349,15.0001342813657,15.0000378607583,""
116863.551223278,14.9999998436632,4.10619547474694E-06,1.36143846439342,5.13274434343368E-06,1.70179808049177,56.5430937753294,15.0001315751717,15.0000351578502,""
116878.997592926,15.0000002372953,4.10615561014522E-06,1.36150188999464,5.13269451268153E-06,1.7018773624933,56.5429973608403,15.0001288686501,15.0000324546149,""
116894.442093134,15.0000002275558,4.10640574178692E-06,1.36156531159128,5.13300717723365E-06,1.70195663948909,56.5429247569825,15.0001292677339,15.0000328516142,""
116909.888462543,15.000000026364,4.10680811934809E-06,1.36162874279089,5.13351014918511E-06,1.70203592848862,56.5428558200508,15.000129666866,15.0000332486614,""
116925.332962513,15.0000001332801,4.1048552972833E-06,1.36169213808588,5.13106912160412E-06,1.70211517260736,56.5428901628409,15.0001328188452,15.0000364085857,""
116940.779332161,15.0000003865073,4.10166562596714E-06,1.36175552623394,5.12708203245892E-06,1.70219440779243,56.5429404432342,15.000135971206,15.0000395688925,""
116956.22383213,15.0000003534564,4.10040536041252E-06,1.36181887190679,5.12550670051565E-06,1.70227358988349,56.5430434835295,15.000136594709,15.0000401896692,""
116971.670201778,15.0000001844205,4.10015813594275E-06,1.36188220696856,5.12519766992844E-06,1.7023527587107,56.5431546689017,15.0001372182874,15.0000408105211,""
116987.114701748,15.0000001347471,4.10022117997005E-06,1.36194553414969,5.12527647496256E-06,1.70243191768711,56.5432255231178,15.0001332763601,15.000036871232,""
117002.561071396,15.0000001417824,4.10044723341915E-06,1.36200886888444,5.12555904177394E-06,1.70251108610555,56.5432901784127,15.0001293339556,15.0000329314659,""
117018.005571604,15.0000000383418,4.10087758769434E-06,1.36207220368707,5.12609698461792E-06,1.70259025460883,56.5431335940707,15.0001251587399,15.0000287504709,""
117033.451941013,14.9999998823675,4.10141538448789E-06,1.36213555021928,5.12676923060987E-06,1.7026694377741,56.5429429645663,15.0001209830189,15.0000245689699,""
117048.896440983,14.9999998070099,4.09963316810018E-06,1.36219886413884,5.12454146012522E-06,1.70274858017356,56.5429545141767,15.0001187409355,15.0000223365445,""
117064.342810392,14.9999997699748,4.09663102663465E-06,1.36226217260679,5.12078878329332E-06,1.70282771575848,56.5429971249011,15.0001164985808,15.0000201038489,""
117079.787310362,14.9999997429946,4.09398495349548E-06,1.36232541813378,5.11748119186936E-06,1.70290677266723,56.5429169951198,15.0001202163217,15.0000238227924,""
117095.23368001,14.9999997207927,4.09152563203642E-06,1.36238864224495,5.11440704004553E-06,1.70298580280618,56.5428180180695,15.0001239345126,15.0000275421861,""
117110.678179979,14.9999996840678,4.09047152760953E-06,1.36245183062456,5.11308940951191E-06,1.7030647882807,56.5428529695126,15.0001278034247,15.0000314115351,""
117126.124549627,14.9999996404247,4.09015640884945E-06,1.36251501188172,5.11269551106181E-06,1.70314376485215,56.542908457288,15.0001316728052,15.0000352813525,""
117141.569049597,14.9999998984055,4.08886501249881E-06,1.36257816403344,5.11108126562351E-06,1.7032227050418,56.5430020916594,15.000131946509,15.0000355628678,""
117157.015419245,15.0000003000301,4.08705966395058E-06,1.36264131253786,5.10882457993822E-06,1.70330164067233,56.5431015808947,15.000132220246,15.0000358444171,""
117172.459919214,15.0000001861532,4.08642206244467E-06,1.36270443489836,5.10802757805584E-06,1.70338054362295,56.5429695101259,15.0001327378224,15.0000363639776,""
117187.906288862,14.9999998267414,4.08639900632388E-06,1.36276755516124,5.10799875790485E-06,1.70345944395156,56.5428019969544,15.0001332554615,15.0000368836009,""
117203.350788832,14.9999996705125,4.08421158747068E-06,1.36283063388653,5.10526448433835E-06,1.70353829235817,56.5428252771682,15.0001352703512,15.0000389035446,""
117218.79715848,14.9999996110611,4.08088414674448E-06,1.36289370239764,5.1011051834306E-06,1.70361712799705,56.5428777174364,15.0001372854848,15.0000409237329,""
117234.241658449,14.9999997815485,4.07891457507917E-06,1.36295671692158,5.09864321884896E-06,1.70369589615197,56.5427723920292,15.000138976233,15.0000426215352,""
117249.688028097,15.0000000616614,4.07765983967283E-06,1.36301971465639,5.09707479959104E-06,1.70377464332049,56.542642967748,15.0001406671859,15.000044319543,""
117265.132528067,15.0000001633202,4.07746787574166E-06,1.36308269579609,5.09683484467707E-06,1.70385336974511,56.5425951555348,15.0001426598451,15.0000463105504,""
117280.578897476,15.0000001799083,4.07783582770254E-06,1.36314567983267,5.09729478462817E-06,1.70393209979084,56.5425597822538,15.0001446527456,15.0000483017988,""
117296.023397446,15.0000000514614,4.07712390937669E-06,1.36320864701017,5.09640488672086E-06,1.70401080876271,56.5425583641108,15.0001484614522,15.0000521103666,""
117311.469767094,14.9999998538107,4.07584271471371E-06,1.36327161694178,5.09480339339214E-06,1.70408952117723,56.5425621183713,15.0001522706198,15.0000559193954,""
117326.914267063,14.9999998339063,4.07475288704749E-06,1.36333455629241,5.09344110880936E-06,1.70416819536551,56.542470572618,15.0001549132727,15.0000585732184,""
117342.360636711,14.9999998988145,4.07376375036983E-06,1.36339749115648,5.09220468796229E-06,1.7042468639456,56.5423645117587,15.0001575562456,15.0000612273627,""
117357.805136919,15.0000000018139,4.07045908637016E-06,1.36346036263299,5.08807385796271E-06,1.70432545329124,56.5423379867703,15.0001591252678,15.0000628081347,""
117373.251506329,15.000000123015,4.06593262424339E-06,1.36352321230216,5.08241578030423E-06,1.7044040153777,56.542323548724,15.00016069448,15.0000643890981,""
117388.696006298,15.0000000800152,4.0629848907205E-06,1.3635859872134,5.07873111340062E-06,1.70448248401675,56.5422958399569,15.000160228697,15.0000639287661,""
117404.142375946,14.9999999585953,4.06086948828299E-06,1.36364873429329,5.07608686035373E-06,1.70456091786662,56.54226611211,15.0001597628576,15.0000634683785,""
117419.586875916,14.9999999025148,4.06438521745256E-06,1.36371151798258,5.0804815218157E-06,1.70463939747823,56.5423159655559,15.0001565175134,15.0000602099763,""
117435.033245564,14.9999998776383,4.07087332586859E-06,1.36377433260329,5.08859165733574E-06,1.70471791575411,56.542377897934,15.0001532717764,15.0000569511797,""
117450.477745533,14.9999998297898,4.07233266227918E-06,1.36383719312278,5.09041582784898E-06,1.70479649140347,56.5423824987246,15.0001522336839,15.0000559155205,""
117465.924115181,14.9999997709542,4.07113756499816E-06,1.36390008949933,5.08892195624769E-06,1.70487511187417,56.5423784125199,15.0001511954657,15.0000548797358,""
117481.368615389,14.9999998414822,4.06878051989848E-06,1.36396293615648,5.0859756498731E-06,1.7049536701956,56.5424025000681,15.0001487252759,15.0000524128986,""
117496.81498456,14.9999999738698,4.06580944466236E-06,1.3640257681804,5.08226180582795E-06,1.7050322102255,56.5424308557089,15.0001462547872,15.0000499457629,""
117512.259484529,14.9999999874287,4.06565585458886E-06,1.36408857606402,5.08206981823608E-06,1.70511072008003,56.542366324953,15.0001416133853,15.0000452998373,""
117527.705854177,14.9999999441578,4.06699055808199E-06,1.36415138281448,5.08373819760248E-06,1.7051892285181,56.5422877396437,15.0001369714215,15.0000406533492,""
117543.150354147,14.9999999336389,4.06372450753031E-06,1.36421413787532,5.07965563441288E-06,1.70526767234415,56.542266913164,15.0001362979765,15.0000399955366,""
117558.596723795,14.9999999387885,4.05802674169306E-06,1.36427687723392,5.07253342711633E-06,1.7053460965424,56.5422548083589,15.0001356244499,15.0000393376444,""
117574.041223764,14.9999998780327,4.05692120285751E-06,1.36433956478407,5.07115150357188E-06,1.70542445598009,56.54231524771,15.0001404278055,15.0000441353074,""
117589.487593412,14.9999997857213,4.05824284981912E-06,1.36440223654913,5.07280356227391E-06,1.70550279568642,56.542386641775,15.0001452317426,15.0000489335511,""
117604.932093382,14.9999998794182,4.05836939198547E-06,1.36446490897471,5.07296173998183E-06,1.70558113621839,56.5422386135328,15.0001494012533,15.0000531045668,""
117620.37846303,15.0000000621962,4.05786403660841E-06,1.36452759334822,5.07233004576051E-06,1.70565949168527,56.5420574908926,15.0001535712688,15.0000572760875,""
117635.822962999,14.99999993358,4.05647459470078E-06,1.36459024626819,5.07059324337597E-06,1.70573780783524,56.5421199169447,15.0001555029191,15.0000592133385,""
117651.269332647,14.9999996557825,4.05461727675215E-06,1.36465289414784,5.06827159594019E-06,1.7058161176848,56.5422190230305,15.0001574348033,15.0000611508241,""
117666.713832617,14.9999998423232,4.05340672781519E-06,1.36471550691256,5.06675840976899E-06,1.70589438364069,56.5421876556644,15.0001591672364,15.0000628834232,""
117682.160202265,15.0000002514008,4.05253816027059E-06,1.36477811268818,5.06567270033823E-06,1.70597264086022,56.5421366593352,15.0001608998792,15.0000646162321,""
117697.604702234,15.0000002263463,4.05204039382844E-06,1.36484069906822,5.06505049228555E-06,1.70605087383527,56.5421431937787,15.0001569225133,15.0000606386679,""
117713.051071882,14.9999999931788,4.05173878955329E-06,1.36490328676937,5.06467348694161E-06,1.70612910846171,56.5421583731564,15.0001529446659,15.0000566606221,""
117728.495571852,14.9999998846364,4.05165432336804E-06,1.36496586415692,5.06456790421005E-06,1.70620733019615,56.5420463971548,15.0001501772488,15.0000538945927,""
117743.941941261,14.9999998358385,4.05168480363539E-06,1.36502844766933,5.06460600454423E-06,1.70628555958666,56.541915320774,15.0001474094967,15.0000511282285,""
117759.386441231,14.9999998544339,4.04777138117739E-06,1.36509096330542,5.05971422647174E-06,1.70636370413178,56.5419869439397,15.0001479033042,15.0000516348755,""
117774.832810879,14.9999999053633,4.04176848967949E-06,1.36515345456893,5.05221061209936E-06,1.70644181821116,56.5420889678672,15.0001483971715,15.0000521415837,""
117790.277310848,14.9999999206749,4.03981239224148E-06,1.36521587955799,5.04976549030185E-06,1.70651984944749,56.5420115293336,15.0001423050804,15.0000460536635,""
117805.723680496,14.9999999188957,4.03999986262139E-06,1.3652782809965,5.04999982827673E-06,1.70659785124563,56.5419072018965,15.0001362122519,15.0000399650062,""
117821.168180466,15.0000001231811,4.04120534103636E-06,1.36534069439108,5.05150667629545E-06,1.70667586798885,56.5418443160668,15.0001305937141,15.0000343408593,""
117836.614550114,15.0000004264344,4.04295054230805E-06,1.36540312568164,5.05368817788506E-06,1.70675390710205,56.5417876215711,15.0001249744961,15.0000287160315,""
117852.059050322,15.0000001990001,4.04314294516553E-06,1.36546556066491,5.05392868145691E-06,1.70683195083114,56.5417956572304,15.0001217421785,15.000025481857,""
117867.505419731,14.9999997166451,4.0425122025651E-06,1.36552800916843,5.05314025320637E-06,1.70691001146054,56.5418133679431,15.0001185094698,15.000022247291,""
117882.949919701,14.9999998794716,4.04140752657056E-06,1.36559043006119,5.0517594082132E-06,1.70698803757649,56.541750915905,15.0001203521142,15.0000240972595,""
117898.396289349,15.0000003523145,4.04005131959625E-06,1.36565284787526,5.05006414949532E-06,1.70706605984407,56.5416764876572,15.0001221949817,15.000025947452,""
117913.840789318,15.000000288211,4.03641701077269E-06,1.36571519557273,5.04552126346586E-06,1.70714399446591,56.5415960492089,15.0001245633248,15.0000283281677,""
117929.287158966,14.9999999660133,4.03157356329731E-06,1.36577751762693,5.03946695412164E-06,1.70722189703366,56.541514703267,15.0001269319545,15.0000307091716,""
117944.731658936,15.0000000214474,4.03010372247563E-06,1.36583978649665,5.03762965309453E-06,1.70729973312081,56.541569957146,15.0001304995718,15.0000342708422,""
117960.178028345,15.0000002584689,4.03042378572711E-06,1.3659020386817,5.03802973215888E-06,1.70737754835212,56.5416455680638,15.0001340676208,15.0000378329439,""
117975.622528315,15.0000001994519,4.03069128789682E-06,1.36596428897937,5.03836410987103E-06,1.70745536122422,56.5416662845788,15.0001336272109,15.0000373954689,""
117991.068897963,14.9999999980253,4.03093093951838E-06,1.36602654981074,5.03866367439798E-06,1.70753318726342,56.5416788350931,15.0001331867477,15.0000369579409,""
118006.513397932,14.9999999577481,4.02762857073934E-06,1.36608875323132,5.03453571342417E-06,1.70761094153915,56.5417455918969,15.0001330823869,15.0000368721593,""
118021.95976758,14.9999999950084,4.02244483102507E-06,1.3661509376963,5.02805603878133E-06,1.70768867212038,56.5418204158073,15.0001329780136,15.0000367863674,""
118037.40426755,15.0000000405403,4.02109139585264E-06,1.36621306921506,5.0263642448158E-06,1.70776633651882,56.541790688966,15.0001329436112,15.0000367440054,""
118052.850637197,15.0000000900621,4.02177220046055E-06,1.3662751841277,5.02721525057569E-06,1.70784398015962,56.541745433106,15.0001329092047,15.0000367016383,""
118068.295137167,14.9999999492341,4.02109036484337E-06,1.36633728420812,5.02636295605421E-06,1.70792160526016,56.5416889458356,15.000132447158,15.0000362537973,""
118083.741506815,14.999999716715,4.01968439396161E-06,1.36639938791985,5.02460549245202E-06,1.70799923489981,56.5416307847381,15.0001319850553,15.0000358059021,""
118099.186006784,14.9999997467121,4.01718756841962E-06,1.36646143890585,5.02148446052452E-06,1.70807679863232,56.5416142944985,15.0001335195689,15.0000373471518,""
118114.632376432,14.9999999031814,4.01411049113685E-06,1.36652347337241,5.01763811392106E-06,1.70815434171552,56.5416039764268,15.0001350542683,15.0000388885881,""
118130.076876402,15.0000000126376,4.01350553512202E-06,1.36658547645526,5.01688191890253E-06,1.70823184556907,56.5416911962119,15.0001364702319,15.0000403067928,""
118145.52324605,15.0000000994562,4.01421482284408E-06,1.36664747434894,5.0177685285551E-06,1.70830934293618,56.541792864947,15.0001378863668,15.0000417251692,""
118160.967746019,15.0000000419908,4.01430736243722E-06,1.3667094695154,5.01788420304653E-06,1.70838683689424,56.5417345354595,15.0001388029112,15.0000426408087,""
118176.414115667,14.9999999149533,4.01407190600975E-06,1.36677147472788,5.01758988251219E-06,1.70846434340985,56.541652541643,15.0001397195666,15.000043556559,""
118191.858615637,14.9999999663878,4.01401847446063E-06,1.36683347049893,5.01752309307579E-06,1.70854183812366,56.5417300439586,15.0001396632167,15.0000434989708,""
118207.304985046,15.0000001039084,4.01406187292446E-06,1.36689547274393,5.01757734115557E-06,1.70861934092991,56.5418311135925,15.00013960686,15.0000434413757,""
118222.749485254,14.9999999166977,4.01541059397541E-06,1.36695748852288,5.01926324246927E-06,1.7086968606536,56.5418548398636,15.0001428299047,15.0000466613967,""
118238.195854664,14.999999572776,4.01745424034552E-06,1.36701952300437,5.0218178004319E-06,1.70877440375546,56.5418671586414,15.0001460533395,15.0000498818074,""
118253.640354633,14.999999756164,4.01501804210851E-06,1.36708152198057,5.01877255263564E-06,1.70885190247571,56.5419059761515,15.00015157255,15.0000554100545,""
118269.086724281,15.0000001941002,4.0101965087187E-06,1.36714351355578,5.01274563589837E-06,1.70892939194472,56.5419487042981,15.0001570924287,15.0000609389708,""
118284.531224251,15.0000002834952,4.00685335390069E-06,1.36720542327499,5.00856669237587E-06,1.70900677909374,56.5419639031148,15.0001575621613,15.000061414274,""
118299.977593899,15.0000002046128,4.0042968602879E-06,1.36726730088919,5.00537107535987E-06,1.70908412611149,56.5419750513002,15.0001580319509,15.0000618896347,""
118315.422094107,15.0000001419921,4.00263012575357E-06,1.36732913323239,5.00328765719196E-06,1.70916141654048,56.5419183691839,15.0001551133669,15.0000589756637,""
118330.868463516,15.0000000872152,4.00143705867427E-06,1.36739095292992,5.00179632334284E-06,1.7092386911624,56.541851704336,15.0001521944297,15.00005606134,""
118346.312963486,15.0000000290468,3.99938018046252E-06,1.36745272775994,4.99922522557815E-06,1.70931590969992,56.5418199280089,15.0001489997984,15.0000528781198,""
118361.759333134,14.9999999692291,3.99686261790657E-06,1.36751449014404,4.99607827238321E-06,1.70939311268005,56.5417932722854,15.0001458047804,15.0000496945142,""
118377.203833103,14.9999998950058,3.99568973272163E-06,1.36757621509282,4.99461216590203E-06,1.70947026886603,56.5417219952969,15.0001422611914,15.0000461501822,""
118392.650202751,14.9999998138055,3.9952334050109E-06,1.36763793154222,4.99404175626362E-06,1.70954741442777,56.541644160793,15.0001387171735,15.0000426054211,""
118408.094702721,14.9999998948263,3.99372268362782E-06,1.36769961504104,4.99215335453477E-06,1.7096245188013,56.5417055859252,15.0001359103158,15.0000398106896,""
118423.54107213,15.0000000543097,3.99164945992479E-06,1.36776129241803,4.98956182490598E-06,1.70970161552254,56.5417874320513,15.0001331031184,15.0000370156198,""
118438.9855721,15.0000000090439,3.99155038412862E-06,1.36782295105662,4.98943798016078E-06,1.70977868882077,56.5417535623753,15.0001297781543,15.0000336887691,""
118454.431941748,14.9999998647185,3.99250428140582E-06,1.36788461114545,4.99063035175727E-06,1.70985576393181,56.5417027449579,15.0001264527876,15.0000303615157,""
118469.876441717,14.999999864821,3.99278036205996E-06,1.36794627251589,4.99097545257495E-06,1.70993284064487,56.5417016061534,15.0001235185885,15.0000274260762,""
118485.322811365,14.99999993482,3.99269483646622E-06,1.36800794601759,4.99086854558278E-06,1.71000993252199,56.5417077332016,15.0001205840343,15.0000244902813,""
118500.767311335,15.0000000396501,3.99363095297574E-06,1.36806962611183,4.99203869121968E-06,1.71008703263978,56.5417713533641,15.0001171966072,15.0000211010033,""
118516.213680983,15.0000001613622,3.99511252903246E-06,1.36813132117692,4.99389066129058E-06,1.71016415147115,56.5418433821724,15.00011380877,15.0000177113151,""
118531.658180952,15.0000000406714,3.99534163687649E-06,1.36819301926586,4.99417704609562E-06,1.71024127408233,56.5416163967037,15.0001164322126,15.0000203324021,""
118547.1045506,14.9999998025578,3.99490208599392E-06,1.36825473042607,4.99362760749241E-06,1.71031841303259,56.5413457409128,15.0001190559728,15.0000229538065,""
118562.54905057,14.9999997436305,3.99280899280656E-06,1.36831639972489,4.9910112410082E-06,1.71039549965611,56.5413676168424,15.0001278688659,15.0000317755474,""
118577.995420218,14.9999997715097,3.98983238868644E-06,1.36837805811917,4.98729048585805E-06,1.71047257264897,56.5414321420689,15.0001366828258,15.0000405983563,""
118593.439920187,14.9999999808685,3.98813212671783E-06,1.36843966883256,4.98516515839728E-06,1.7105495860407,56.5415436943142,15.0001408026282,15.0000447109174,""
118608.886289835,15.0000002782266,3.98711343640019E-06,1.36850126551552,4.98389179550024E-06,1.7106265818944,56.5416621103151,15.0001449229293,15.0000488239763,""
118624.330789804,15.0000001003885,3.98565330184787E-06,1.36856282741573,4.98206662730983E-06,1.71070353426966,56.5416213444223,15.0001448357152,15.0000487469216,""
118639.777159214,14.9999996921075,3.98395697788258E-06,1.36862438216163,4.97994622235323E-06,1.71078047770204,56.5415574173859,15.0001447484905,15.0000486698576,""
118655.221659184,14.9999996672745,3.98276299635467E-06,1.36868590307019,4.97845374544333E-06,1.71085737883774,56.5415736568208,15.0001462894099,15.0000502091281,""
118670.668028831,14.9999998284323,3.98183734326812E-06,1.36874741731798,4.97729667908515E-06,1.71093427164748,56.541601547242,15.0001478305158,15.0000517485849,""
118686.112529039,14.9999997610394,3.97927248762353E-06,1.36880888017059,4.97409060952941E-06,1.71101110021324,56.5415034587185,15.0001494454026,15.0000533790597,""
118701.558898449,14.9999995827314,3.97583056194685E-06,1.36887032695581,4.96978820243356E-06,1.71108790869477,56.5413870710011,15.0001510604848,15.0000550097318,""
118717.003398418,14.9999996609646,3.97368471188496E-06,1.36893171705369,4.9671058898562E-06,1.71116464631712,56.5414557552262,15.0001541325884,15.0000580801945,""
118732.449768066,14.9999998637443,3.9722317867796E-06,1.368993088234,4.96528973347451E-06,1.7112413602925,56.5415512824295,15.0001572050638,15.000061151029,""
118747.894268036,15.0000001374922,3.97092098170989E-06,1.36905442494367,4.96365122713736E-06,1.71131803117958,56.5416501714397,15.0001579445244,15.00006190214,""
118763.340637684,15.0000004457524,3.96968598335086E-06,1.36911575460631,4.96210747918858E-06,1.71139469325788,56.5417495610476,15.0001586840744,15.0000626533419,""
118778.785137653,15.0000002985048,3.97014398383912E-06,1.36917707814635,4.9626799797989E-06,1.71147134768294,56.5417974507354,15.0001576602852,15.0000616250021,""
118794.231507301,14.9999999299462,3.97150830757486E-06,1.36923840980655,4.96438538446858E-06,1.71154801225819,56.5418378964625,15.0001566363719,15.0000605965379,""
118809.676007509,14.9999998957466,3.9713008807232E-06,1.36929973721481,4.964126100904E-06,1.71162467151852,56.5419092019336,15.0001589156568,15.0000628768322,""
118825.122376919,15.0000000240333,3.97025180852194E-06,1.36936107374344,4.96281476065243E-06,1.7117013421793,56.5419849769293,15.0001611952175,15.0000651574026,""
118840.566876888,15.0000000649031,3.96883051494981E-06,1.36942237599591,4.96103814368726E-06,1.71177796999489,56.542074894606,15.0001620592717,15.0000660269976,""
118856.013246536,15.0000000632809,3.96720958392646E-06,1.36948367128462,4.95901197990807E-06,1.71185458910577,56.542166866304,15.0001629234306,15.000066896698,""
118871.457746506,15.000000073054,3.96587179751726E-06,1.36954493092401,4.95733974689657E-06,1.71193116365501,56.542177223402,15.0001634240362,15.0000673984087,""
118886.904115915,15.000000088371,3.96468547226054E-06,1.36960618285088,4.95585684032567E-06,1.71200772856361,56.5421758134056,15.0001639247024,15.0000679001802,""
118902.348615885,15.0000001338595,3.96305005746431E-06,1.36966739656889,4.95381257183039E-06,1.71208424571111,56.542223167671,15.0001635207216,15.0000675032757,""
118917.794985533,15.0000001940358,3.96117363731778E-06,1.36972860118955,4.95146704664722E-06,1.71216075148694,56.5422775523977,15.0001631166919,15.0000671063231,""
118933.239485502,15.0000003364323,3.9592302519106E-06,1.36978975963365,4.94903781488825E-06,1.71223719954206,56.5423231250477,15.0001600279916,15.0000640247219,""
118948.68585515,15.0000005188726,3.95725060176151E-06,1.36985090469344,4.94656325220189E-06,1.7123136308668,56.542367436131,15.0001569389174,15.0000609427478,""
118964.13035512,15.0000002319263,3.95513017957864E-06,1.36991200037245,4.9439127244733E-06,1.71239000046556,56.5423191546307,15.0001580218412,15.0000620315836,""
118979.576724768,14.9999997163813,3.95293386395444E-06,1.36997308093028,4.94116732994305E-06,1.71246635116284,56.5422575589335,15.000159104896,15.0000631205513,""
118995.021224737,14.9999997489661,3.95392926765841E-06,1.37003415923721,4.94241158457301E-06,1.71254269904651,56.5423142377856,15.0001618230491,15.0000658315555,""
119010.467594385,15.0000000485455,3.95663719581758E-06,1.3700952476974,4.94579649477198E-06,1.71261905962175,56.5423879043111,15.0001645415311,15.0000685428879,""
119025.912094355,15.0000001241387,3.95698103840254E-06,1.37015634668421,4.94622629800317E-06,1.71269543335527,56.5424263634017,15.0001647417598,15.000068750044,""
119041.358464003,15.0000000906025,3.95605621794049E-06,1.37021746268629,4.94507027242562E-06,1.71277182835786,56.5424597789104,15.0001649420128,15.0000689572251,""
119056.802963972,15.0000000040004,3.95464174205551E-06,1.37027854513819,4.94330217756939E-06,1.71284818142273,56.5425362541859,15.0001648966363,15.0000689084942,""
119072.24933362,14.9999998915153,3.95296413641147E-06,1.37033962094319,4.94120517051434E-06,1.71292452617899,56.5426189081976,15.0001648512544,15.0000688597573,""
119087.69383359,14.9999998490191,3.95128030641839E-06,1.37040065554245,4.93910038302299E-06,1.71300081942806,56.542649689556,15.0001640381712,15.0000680570209,""
119103.140202999,14.999999840645,3.94959282058991E-06,1.37046167936931,4.93699102573738E-06,1.71307709921163,56.5426730528145,15.0001632249897,15.0000672541875,""
119118.584702969,14.9999999904158,3.94693155232946E-06,1.37052264685799,4.93366444041182E-06,1.71315330857249,56.542720980568,15.0001600153114,15.0000640507619,""
119134.031072617,15.0000002173614,3.9437466867574E-06,1.37058359542745,4.92968335844675E-06,1.71322949428432,56.542772425955,15.0001568052446,15.0000608469485,""
119149.475572586,15.0000001287648,3.94135247794203E-06,1.37064448483644,4.92669059742754E-06,1.71330560604555,56.5428082851141,15.0001528953055,15.0000569428099,""
119164.921942234,14.9999998861628,3.93938268990224E-06,1.37070535378712,4.9242283623778E-06,1.7133816922339,56.5428419239595,15.0001489848931,15.0000530381987,""
119180.366442442,14.9999998268705,3.94036113457962E-06,1.37076622133361,4.92545141822452E-06,1.71345777666701,56.5428540607573,15.000146011391,15.0000500595576,""
119195.812811852,14.9999998570595,3.94292453008069E-06,1.37082709945221,4.92865566260086E-06,1.71353387431526,56.542863132745,15.000143037529,15.0000470805561,""
119211.257311821,15.000000013343,3.94228660548271E-06,1.37088797225164,4.92785825685339E-06,1.71360996531454,56.5428929050849,15.0001402596182,15.0000443137689,""
119226.703681469,15.0000002312374,3.93992719685449E-06,1.37094885352196,4.92490899606811E-06,1.71368606690245,56.5429256304268,15.0001374813712,15.0000415466468,""
119242.148181438,15.0000001568226,3.93919486572516E-06,1.37100970516175,4.92399358215645E-06,1.71376213145218,56.542948220877,15.0001366613051,15.0000407186289,""
119257.594551086,14.9999999395806,3.93933756727959E-06,1.37107055219281,4.92417195909948E-06,1.71383819024102,56.5429693722786,15.0001358411397,15.0000398905108,""
119273.039051056,14.9999998831199,3.93965099719795E-06,1.37113139736193,4.92456374649743E-06,1.71391424670241,56.542880218028,15.0001403080571,15.0000443585319,""
119288.485420704,14.9999999052319,3.94005634604343E-06,1.37119225285818,4.92507043255429E-06,1.71399031607273,56.5427753726229,15.0001447755153,15.0000488270939,""
119303.929920912,14.9999999869405,3.93936132791912E-06,1.37125309213331,4.92420165989889E-06,1.71406636516664,56.5428386208219,15.0001486994463,15.0000527560671,""
119319.376290321,15.000000097803,3.93807393633353E-06,1.37131393400459,4.92259242041691E-06,1.71414241750574,56.5429257440218,15.0001526238523,15.0000566855158,""
119334.820790291,15.0000001479673,3.93560938322534E-06,1.37137472447896,4.91951172903168E-06,1.7142184055987,56.5429485484251,15.000153800636,15.0000578621036,""
119350.2671597,15.0000001684515,3.9325105904997E-06,1.37143549860124,4.91563823812463E-06,1.71429437325154,56.5429622340241,15.0001549775622,15.0000590388339,""
119365.71165967,15.0000000792483,3.93282684162998E-06,1.37149625589993,4.91603355203747E-06,1.71437031987492,56.5430205457269,15.0001574816541,15.0000615422921,""
119381.158029318,14.9999999363577,3.93498239409488E-06,1.37155701545386,4.9187279926186E-06,1.71444626931733,56.5430851875048,15.0001599860491,15.0000640460534,""
119396.602529287,15.0000000271226,3.93294567384163E-06,1.37161774617332,4.91618209230204E-06,1.71452218271665,56.5429601141729,15.0001600911933,15.000064159822,""
119412.048898935,15.0000002322777,3.92865001274231E-06,1.37167847267113,4.91081251592789E-06,1.71459809083891,56.5428081772459,15.0001601963501,15.0000642736043,""
119427.493398905,15.0000000468488,3.92774106922868E-06,1.37173915790158,4.90967633653585E-06,1.71467394737697,56.5428170607313,15.0001605766679,15.0000646485544,""
119442.939768553,14.9999996701242,3.92865711684406E-06,1.37179983219787,4.91082139605508E-06,1.71474979024734,56.5428486775469,15.0001609570318,15.0000650235498,""
119458.384268522,14.9999999114531,3.92494205017481E-06,1.37186044600379,4.90617756271852E-06,1.71482555750474,56.5427298184951,15.0001587213025,15.0000628061432,""
119473.83063817,15.0000004555905,3.9187297012427E-06,1.37192103849342,4.89841212655338E-06,1.71490129811677,56.542589696857,15.0001564853026,15.0000605884681,""
119489.27513814,15.0000004473673,3.91725886607082E-06,1.37198157221194,4.89657358258853E-06,1.71497696526492,56.5427079450023,15.0001497219234,15.0000538240169,""
119504.721507788,15.0000001684561,3.91834468432678E-06,1.37204208551717,4.89793085540847E-06,1.71505260689647,56.5428626488038,15.0001429577255,15.0000470587468,""
119520.166007757,15.000000023074,3.91836553824965E-06,1.37210259683683,4.89795692281206E-06,1.71512824604604,56.5428518487693,15.0001393147854,15.0000434196629,""
119535.612377405,14.999999943127,3.91781191444141E-06,1.37216311836234,4.89726489305176E-06,1.71520389795293,56.5428177314019,15.0001356714044,15.0000397801386,""
119551.056877375,15.000000107673,3.91869913544771E-06,1.37222364370937,4.89837391930963E-06,1.71527955463672,56.5429029919402,15.0001322226293,15.0000363272848,""
119566.503246784,15.0000003921543,3.92036401734147E-06,1.37228418239844,4.90045502167684E-06,1.71535522799805,56.5430050631604,15.0001287734368,15.0000328740131,""
119581.947746754,15.0000003199286,3.91781708407721E-06,1.37234468210579,4.89727135509652E-06,1.71543085263224,56.542878709834,15.0001270028125,15.0000311175557,""
119597.394116402,15.0000000726855,3.91299620380488E-06,1.37240517204825,4.8912452547561E-06,1.71550646506031,56.5427202310353,15.0001252319738,15.0000293608857,""
119612.838616371,14.9999999757834,3.91085833663436E-06,1.37246559940507,4.88857292079296E-06,1.71558199925634,56.5428504317347,15.0001268599689,15.0000309865168,""
119628.284986019,14.9999999526506,3.91016878522372E-06,1.3725260042334,4.88771098152965E-06,1.71565750529175,56.5430211825924,15.0001284881611,15.0000326123448,""
119643.729486227,15.0000001152107,3.90973300369122E-06,1.37258639184013,4.88716625461403E-06,1.71573298980016,56.5430470163872,15.0001268152738,15.0000309448814,""
119659.175855637,15.000000368972,3.90943421003924E-06,1.37264678140155,4.88679276254906E-06,1.71580847675193,56.5430525294076,15.0001251421841,15.0000292772163,""
119674.620355606,15.0000003065389,3.90878473852426E-06,1.37270715224521,4.88598092315532E-06,1.71588394030651,56.5431734369456,15.0001200609023,15.0000241992389,""
119690.066725254,15.0000000887898,3.90794567283129E-06,1.37276752423218,4.88493209103911E-06,1.71595940529023,56.5433105268707,15.0001149790054,15.0000191206468,""
119705.511225224,15.0000001018252,3.90587299102799E-06,1.37282785303136,4.88234123878499E-06,1.7160348162892,56.5434826987532,15.0001154238441,15.0000195709509,""
119720.957594872,15.0000002282601,3.90313317925669E-06,1.37288816973899,4.87891647407086E-06,1.71611021217374,56.543659803532,15.0001158687368,15.0000200213094,""
119736.402094841,15.0000002814352,3.9012630668046E-06,1.37294843764396,4.87657883350575E-06,1.71618554705495,56.5437962205325,15.0001168817421,15.0000210424157,""
119751.848464489,15.00000029861,3.89986281073102E-06,1.3730086904041,4.87482851341378E-06,1.71626086300513,56.543926969177,15.00011789487,15.0000220636456,""
119767.292964697,14.9999999905963,3.89905077518829E-06,1.37306891688471,4.87381346898536E-06,1.71633614610589,56.5440370579284,15.0001207680814,15.0000249344518,""
119782.739333868,14.9999995226234,3.89855671334058E-06,1.37312914038336,4.87319589167572E-06,1.7164114254792,56.5441442773514,15.0001236416405,15.0000278056055,""
119798.183833838,14.9999995572142,3.89829690936959E-06,1.37318935030852,4.87287113671199E-06,1.71648668788566,56.5442567880269,15.0001284554982,15.00003262881,""
119813.630203485,14.9999998390285,3.89816379047955E-06,1.3732495641216,4.87270473809944E-06,1.716561955152,56.5443700521489,15.0001332699387,15.0000374525984,""
119829.074703455,14.9999999595602,3.89645376418039E-06,1.37330974362106,4.87056720522548E-06,1.71663717952633,56.5444842907139,15.0001342480278,15.0000384324555,""
119844.521073103,15.0000000007468,3.89389003765131E-06,1.37336991577866,4.86736254706413E-06,1.71671239472333,56.5445986807792,15.0001352262354,15.0000394124312,""
119859.965573072,14.999999958482,3.8921289897402E-06,1.37343004166971,4.86516123717525E-06,1.71678755208714,56.5446049111143,15.000133920958,15.0000381129269,""
119875.41194272,14.9999998751277,3.89080214155709E-06,1.3734901537335,4.86350267694637E-06,1.71686269216687,56.5445960921612,15.0001326155225,15.0000368132653,""
119890.85644269,14.999999805907,3.89122001661533E-06,1.3735502588809,4.86402502076916E-06,1.71693782360112,56.5445817385373,15.0001298143343,15.0000340096533,""
119906.302812338,14.9999997436343,3.8925827751891E-06,1.37361037149935,4.86572846898638E-06,1.71701296437419,56.5445666136683,15.000127012807,15.0000312057019,""
119921.747312307,14.9999999547948,3.89046294893113E-06,1.37367045035534,4.86307868616391E-06,1.71708806294417,56.544577634613,15.0001226302385,15.0000268358659,""
119937.193681955,15.0000003007022,3.88645622596476E-06,1.37373052213512,4.85807028245595E-06,1.7171631526689,56.5445922869878,15.0001182471394,15.0000224655009,""
119952.638181925,15.0000001818174,3.88358390655039E-06,1.37379052389147,4.85447988318798E-06,1.71723815486434,56.5444864252986,15.000114252108,15.000018475064,""
119968.084551573,14.9999998338413,3.88132574983429E-06,1.37385049890392,4.85165718729287E-06,1.7173131236299,56.5443638365651,15.0001102565929,15.000014484144,""
119983.529051542,14.9999998628755,3.87866404239153E-06,1.37391041518681,4.84833005298941E-06,1.71738801898351,56.5443719583355,15.0001092057321,15.0000134455067,""
119998.97542119,15.0000000777919,3.8757830959648E-06,1.37397031082067,4.844728869956E-06,1.71746288852584,56.5443981871682,15.0001081547441,15.0000124067437,""
120014.41992116,15.0000000689582,3.87632216130368E-06,1.37403019432374,4.8454027016296E-06,1.71753774290467,56.5443784428523,15.0001084239472,15.0000126684545,""
120029.866290569,14.9999999497658,3.8787157181403E-06,1.37409008242846,4.84839464767537E-06,1.71761260303557,56.5443523348541,15.000108693183,15.0000129301969,""
120045.310790539,14.9999999536987,3.87812256041357E-06,1.3741499650906,4.84765320051697E-06,1.71768745636325,56.5442275110857,15.0001129816989,15.0000172305751,""
120060.757160187,15.0000000183827,3.87590932225065E-06,1.37420985598145,4.84488665281332E-06,1.71776231997681,56.5440890270351,15.000117270734,15.0000215314739,""
120076.201660156,15.0000000474024,3.8753971623481E-06,1.37426972157586,4.84424645293512E-06,1.71783715196982,56.5439826475345,15.0001222372554,15.0000264899011,""
120091.648029804,15.0000000588239,3.87580785401333E-06,1.37432958462457,4.84475981751666E-06,1.71791198078071,56.5438806853759,15.0001272043781,15.0000314489286,""
120107.092529774,15.0000001219495,3.87586417889886E-06,1.37438944317723,4.84483022362357E-06,1.71798680397153,56.5438035943334,15.000129289948,15.0000335409015,""
120122.538899422,15.0000002106169,3.87572818522146E-06,1.37444931046892,4.84466023152682E-06,1.71806163808616,56.5437299222027,15.0001313757705,15.0000356331276,""
120137.98339963,15.0000001822001,3.87610587947532E-06,1.37450917572667,4.84513234934415E-06,1.71813646965834,56.5437155847075,15.000129888844,15.0000341420287,""
120153.429769039,15.0000000959432,3.87676253280826E-06,1.37456905105955,4.84595316601032E-06,1.71821131382444,56.543709417719,15.0001284017377,15.0000326507494,""
120168.874269009,14.9999999683586,3.87407554318897E-06,1.37462888064551,4.84259442898621E-06,1.71828610080689,56.5436053796991,15.0001287436611,15.0000330063601,""
120184.320638657,14.999999820329,3.86957215720266E-06,1.37468869656269,4.83696519650333E-06,1.71836087070336,56.5434878623779,15.000129085626,15.0000333620138,""
120199.765138626,14.9999998869971,3.8664510530546E-06,1.37474843644701,4.83306381631824E-06,1.71843554555877,56.5434884220906,15.0001351192196,15.0000393995804,""
120215.211508274,15.0000000598097,3.86408030825438E-06,1.37480814618637,4.83010038531797E-06,1.71851018273296,56.5435052082754,15.0001411535437,15.0000454378779,""
120230.656008244,15.0000001691576,3.86495385055808E-06,1.37486785136021,4.83119231319761E-06,1.71858481420026,56.5436147903771,15.0001440638935,15.0000483405765,""
120246.102377653,15.0000002471405,3.86759062255821E-06,1.3749275652077,4.83448827819776E-06,1.71865945650962,56.5437371252429,15.0001469745956,15.0000512436264,""
120261.546877623,15.0000000993006,3.86649169477828E-06,1.37498726689428,4.83311461847285E-06,1.71873408361784,56.5437081245932,15.0001463572079,15.0000506402935,""
120276.993247271,14.9999998397176,3.86336179162304E-06,1.37504697312578,4.8292022395288E-06,1.71880871640722,56.5436583704896,15.0001457397454,15.0000500368875,""
120292.43774724,14.9999997214224,3.8617940095936E-06,1.37510663362943,4.827242511992E-06,1.71888329203679,56.5437003409601,15.0001452382713,15.0000495309752,""
120307.884116888,14.9999996730283,3.8610753942844E-06,1.37516628041672,4.82634424285551E-06,1.7189578505209,56.5437548791166,15.0001447367366,15.0000490250016,""
120323.328616858,14.9999997037834,3.8609585705222E-06,1.37522591490158,4.82619821315275E-06,1.71903239362698,56.5437819140781,15.0001425072453,15.0000467963446,""
120338.774986506,14.9999997737293,3.86116907576901E-06,1.3752855538406,4.82646134471126E-06,1.71910694230075,56.5438051904323,15.000140277484,15.0000445674178,""
120354.219486475,14.999999845203,3.86054067740684E-06,1.37534517681428,4.82567584675855E-06,1.71918147101785,56.5437082898535,15.0001323564812,15.0000366508938,""
120369.665856123,14.9999999174463,3.85945568475685E-06,1.37540480224597,4.82431960594606E-06,1.71925600280746,56.5435949550124,15.0001244345196,15.0000287334114,""
120385.110356092,14.9999997913998,3.8580526931925E-06,1.37546439384526,4.82256586649062E-06,1.71933049230657,56.5435902482857,15.0001185223978,15.0000228211798,""
120400.55672574,14.9999995670868,3.85647634949755E-06,1.37552397816994,4.82059543687193E-06,1.71940497271243,56.5436003668292,15.0001126095602,15.0000169082324,""
120416.00122571,14.9999995894209,3.85559168595198E-06,1.37558353443767,4.81948960743997E-06,1.71947941804709,56.5435964422416,15.000110258382,15.0000145606063,""
120431.447595358,14.9999997340079,3.85508346586502E-06,1.37564308656419,4.81885433233128E-06,1.71955385820523,56.5435906026576,15.0001079069191,15.0000122126959,""
120446.892095327,14.9999997745398,3.85241066481185E-06,1.37570258788446,4.81551333101481E-06,1.71962823485558,56.5434030388358,15.0001093801143,15.0000136958214,""
120462.338464975,14.9999997634856,3.84855840603151E-06,1.37576207265902,4.81069800753939E-06,1.71970259082378,56.5431907037142,15.0001108534879,15.0000151791264,""
120477.782964945,14.9999998515732,3.84701517421745E-06,1.37582150886717,4.80876896777181E-06,1.71977688608396,56.5431750491069,15.0001152868873,15.0000196153376,""
120493.229334354,14.9999999888528,3.84672968876357E-06,1.37588092972921,4.80841211095446E-06,1.71985116216151,56.5431861437224,15.0001197208233,15.0000240520858,""
120508.673834562,15.0000000411806,3.84555342640951E-06,1.37594032393361,4.80694178301188E-06,1.71992540491701,56.5430885522465,15.0001233734728,15.0000277099473,""
120524.120203972,15.0000000513645,3.8438914634971E-06,1.37599971471536,4.80486432937137E-06,1.71999964339421,56.5429761814581,15.0001270265644,15.0000313682515,""
120539.564703941,15.0000000794311,3.8447606353985E-06,1.37605910417929,4.80595079424812E-06,1.72007388022411,56.542935599539,15.0001284955646,15.0000328316206,""
120555.011073589,15.0000001163795,3.84700990111077E-06,1.37611850403344,4.80876237638846E-06,1.7201481300418,56.5429047539364,15.0001299647426,15.0000342951669,""
120570.455573559,15.0000001217074,3.84695103418166E-06,1.37617790600825,4.80868879272707E-06,1.72022238251031,56.5427261346097,15.0001300055691,15.0000343353608,""
120585.901943207,15.0000001113343,3.84563339860818E-06,1.37623732025235,4.80704174826022E-06,1.72029665031544,56.5425274606041,15.0001300464005,15.0000343755595,""
120601.346443176,15.0000000792498,3.84510851669717E-06,1.37629671321356,4.80638564587146E-06,1.72037089151695,56.542416602249,15.0001315250598,15.0000358544254,""
120616.792812824,15.0000000363741,3.84501600940343E-06,1.3763561056766,4.80627001175428E-06,1.72044513209575,56.5423176180033,15.0001330038981,15.0000373334703,""
120632.237313032,15.00000013454,3.84331848985212E-06,1.37641546431171,4.80414811231515E-06,1.72051933038964,56.5423101444325,15.0001330535039,15.0000373942591,""
120647.683682442,15.0000003028146,3.84074478592393E-06,1.37647481559154,4.80093098240491E-06,1.72059351948943,56.5423150451727,15.0001331031157,15.0000374550551,""
120663.128182411,15.0000001107139,3.84048711134726E-06,1.37653414403163,4.80060888918407E-06,1.72066768003954,56.542279812581,15.000130651954,15.0000349921225,""
120678.574552059,14.9999997394214,3.84149366762441E-06,1.37659347110621,4.80186708453051E-06,1.72074183888277,56.5422391540247,15.0001282004956,15.0000325288918,""
120694.019052029,14.9999998811058,3.84244455508048E-06,1.37665281025139,4.8030556938506E-06,1.72081601281424,56.5422187542343,15.0001290761042,15.0000334023656,""
120709.465421438,15.0000002779334,3.84336522214011E-06,1.37671216709295,4.80420652767513E-06,1.72089020886619,56.5422010849921,15.0001299518188,15.0000342759453,""
120724.909921408,15.0000002244233,3.84132131383492E-06,1.37677148935325,4.80165164229364E-06,1.72096436169156,56.5422012501447,15.0001339065389,15.0000382419484,""
120740.356291056,14.999999946854,3.83765767684744E-06,1.37683080382781,4.7970720960593E-06,1.72103850478476,56.54220381879,15.0001378617377,15.0000422084317,""
120755.800791025,14.9999999681003,3.83315024314785E-06,1.37689002490436,4.79143780393482E-06,1.72111253113045,56.5421017957594,15.0001397747382,15.0000441281916,""
120771.247160673,15.0000001380717,3.82818090916135E-06,1.37694920603405,4.78522613645169E-06,1.72118650754256,56.5419856796147,15.0001416879703,15.0000460481839,""
120786.691660643,15.000000047166,3.82742667279345E-06,1.37700834585008,4.78428334099182E-06,1.7212604323126,56.5418250487103,15.0001409217333,15.0000452762008,""
120802.138030291,14.9999998263557,3.82897619223504E-06,1.37706747415731,4.7862202402938E-06,1.72133434269664,56.5416584105437,15.0001401554035,15.0000445041242,""
120817.58253026,14.9999999485797,3.83138204747466E-06,1.37712663948074,4.78922755934332E-06,1.72140829935093,56.5416840229312,15.0001393755517,15.0000437196895,""
120833.028899908,15.0000002416833,3.83425656097126E-06,1.37718583612159,4.79282070121407E-06,1.72148229515199,56.5417354578059,15.0001385956054,15.0000429351598,""
120848.473399878,15.000000063792,3.83228256407847E-06,1.37724500810901,4.79035320509809E-06,1.72155626013626,56.5418061860903,15.0001364416789,15.0000407941894,""
120863.919769526,14.9999996511881,3.82765639047059E-06,1.37730417769371,4.78457048808824E-06,1.72163022211714,56.5418795121577,15.0001342874916,15.0000386529598,""
120879.364269495,14.9999997199289,3.8275199866292E-06,1.37736331709434,4.78439998328651E-06,1.72170414636792,56.5418122486191,15.0001315635368,15.0000359206519,""
120894.810639143,15.0000000286099,3.82983994386219E-06,1.37742245105723,4.78729992982773E-06,1.72177806382153,56.5417261386476,15.0001288392522,15.0000331880133,""
120910.255139112,15.0000000521792,3.82671448784494E-06,1.37748154006992,4.78339310980618E-06,1.7218519250874,56.5417102556922,15.0001243051477,15.0000286720448,""
120925.701508522,14.9999999335846,3.82060826615174E-06,1.37754061554925,4.77576033268967E-06,1.72192576943657,56.541703769143,15.0001197704943,15.0000241555298,""
120941.146008492,14.9999998737536,3.82004281967482E-06,1.37759964756608,4.77505352459352E-06,1.72199955945759,56.541686582935,15.0001190706381,15.0000234433654,""
120956.592378139,14.9999998432246,3.82251060876513E-06,1.37765866684709,4.77813826095641E-06,1.72207333355886,56.541667964082,15.0001183706971,15.0000227311148,""
120972.036878347,14.9999997900503,3.8247095755664E-06,1.3777177240906,4.780886969458E-06,1.72214715511325,56.5416123246112,15.0001197254488,15.0000240819961,""
120987.483247757,14.9999997255658,3.82676173824306E-06,1.37777681318587,4.78345217280382E-06,1.72222101648234,56.5415517345015,15.0001210803645,15.0000254330408,""
121002.927747726,14.9999998655479,3.82631204631899E-06,1.37783589744313,4.78289005789874E-06,1.72229487180391,56.5414750832553,15.0001236169701,15.0000279701042,""
121018.374117374,15.0000001076258,3.82449173270235E-06,1.37789499012046,4.78061466587793E-06,1.72236873765057,56.5413962795017,15.0001261538828,15.0000305074746,""
121033.818617344,15.0000002694719,3.82013706184344E-06,1.37795400017364,4.77517132730429E-06,1.72244250021706,56.5414324356791,15.0001303996143,15.0000347664036,""
121049.264986992,15.0000003912801,3.81439278788375E-06,1.37801297600835,4.76799098485469E-06,1.72251622001044,56.5414839105548,15.0001346458597,15.0000390258482,""
121064.709486961,15.0000002372771,3.81477498870478E-06,1.37807192471575,4.76846873588098E-06,1.72258990589469,56.5415054192569,15.0001388681237,15.0000432354187,""
121080.155856609,14.9999999454566,3.81851554547057E-06,1.37813086960105,4.77314443183821E-06,1.72266358700131,56.5415229437925,15.0001430908989,15.0000474454989,""
121095.600356817,14.9999999674539,3.82006645872714E-06,1.37818984815978,4.77508307340892E-06,1.72273731019973,56.5415244296829,15.0001469688369,15.0000513253205,""
121111.046726227,15.0000001462911,3.82041700500972E-06,1.37824885623534,4.77552125626215E-06,1.72281107029418,56.5415237842646,15.0001508472443,15.0000552056116,""
121126.491226196,15.0000002224845,3.81767652736729E-06,1.37830781641836,4.77209565920911E-06,1.72288477052295,56.5416149358545,15.0001534473546,15.0000578124831,""
121141.937595844,15.0000002473743,3.81324007771684E-06,1.37836676138397,4.76655009714604E-06,1.72295845172996,56.5417182853717,15.0001560477797,15.0000604196702,""
121157.382095814,15.0000002593662,3.80966156982226E-06,1.37842562397397,4.76207696227783E-06,1.72303202996746,56.5415468589199,15.0001545054962,15.0000588852804,""
121172.828465223,15.0000002649096,3.8065531315269E-06,1.37848445240033,4.75819141440863E-06,1.72310556550041,56.5413389770031,15.000152963026,15.0000573507049,""
121188.272965193,14.999999859234,3.80439447139379E-06,1.37854322638106,4.75549308924224E-06,1.72317903297632,56.541321168082,15.0001504518455,15.0000548409962,""
121203.719334841,14.9999992477389,3.80275670309073E-06,1.37860198149841,4.75344587886342E-06,1.72325247687302,56.5413285285877,15.0001479403611,15.0000523309837,""
121219.16383481,14.9999994629421,3.80363863723515E-06,1.37866073576254,4.75454829654394E-06,1.72332591970317,56.5413139600716,15.0001504258888,15.0000548144848,""
121234.610204458,15.0000000919635,3.80590414658057E-06,1.37871950057599,4.75738018322571E-06,1.72339937571998,56.5412964888438,15.0001529117175,15.0000572982865,""
121250.054704428,15.0000001503591,3.80421122019155E-06,1.3787782423084,4.75526402523943E-06,1.7234728028855,56.5413699077313,15.0001544883414,15.0000588908203,""
121265.501074076,14.9999999230483,3.8003439534727E-06,1.3788369823811,4.75042994184088E-06,1.72354622797638,56.5414553452876,15.0001560651562,15.0000604835469,""
121280.945574045,14.9999997956711,3.79793349023271E-06,1.3788956607413,4.74741686279089E-06,1.72361957592663,56.5413916804743,15.0001563721086,15.0000607876199,""
121296.391943693,14.9999997183273,3.79632292563951E-06,1.37895431620343,4.74540365704939E-06,1.72369289525428,56.5413083303277,15.0001566790981,15.0000610917296,""
121311.836443663,14.999999954749,3.79853439009563E-06,1.37901299149353,4.74816798761954E-06,1.72376623936692,56.541391551818,15.000152839457,15.000057243248,""
121327.282813311,15.0000003484369,3.80284671896721E-06,1.37907168868711,4.75355839870901E-06,1.72383961085888,56.5414967408543,15.0001489993511,15.0000533943005,""
121342.72731328,15.0000002109018,3.80408593557517E-06,1.37913041726668,4.75510741946896E-06,1.72391302158335,56.5414815576065,15.0001430187836,15.0000474150385,""
121358.173682928,14.9999998070538,3.80363597257659E-06,1.37918917411836,4.75454496572073E-06,1.72398646764795,56.5414505244269,15.0001370374921,15.0000414350526,""
121373.618182898,14.9999997257858,3.80314743567489E-06,1.37924791429395,4.75393429459361E-06,1.72405989286744,56.5414771019433,15.0001352506,15.0000396430768,""
121389.064552307,14.9999998062646,3.80263759472665E-06,1.37930665631959,4.75329699340831E-06,1.72413332039949,56.5415112590197,15.0001334634917,15.000037850884,""
121404.509052277,14.9999998310706,3.79861217083687E-06,1.3793653267737,4.74826521354608E-06,1.72420665846712,56.5415974366222,15.0001388322494,15.000043238298,""
121419.955421925,14.999999827953,3.79265209944112E-06,1.37942396886597,4.7408151243014E-06,1.72427996108247,56.5416904587686,15.0001442016571,15.0000486263642,""
121435.399921894,14.9999999429032,3.7887871710226E-06,1.37948251745917,4.73598396377825E-06,1.72435314682397,56.5416525164689,15.0001484584981,15.0000528820583,""
121450.846291542,15.0000001171253,3.78607440599405E-06,1.37954102559082,4.73259300749257E-06,1.72442628198853,56.5415973874733,15.0001527158544,15.0000571382676,""
121466.29079175,15.0000000797643,3.78405311554083E-06,1.37959948327252,4.73006639442603E-06,1.72449935409065,56.5415859144469,15.0001558566111,15.0000602939098,""
121481.73716116,14.999999936176,3.78241206327631E-06,1.3796579241542,4.72801507909539E-06,1.72457240519275,56.5415801604071,15.0001589977479,15.0000634499339,""
121497.181661129,14.9999998380209,3.78109022630467E-06,1.37971633020076,4.72636278288084E-06,1.72464541275095,56.5415276164425,15.0001652976163,15.0000697520919,""
121512.628030777,14.999999762665,3.77994390728642E-06,1.37977472802961,4.72492988410803E-06,1.72471841003701,56.5414689413072,15.0001715982474,15.0000760550128,""
121528.072530746,14.9999998011333,3.78205598164164E-06,1.37983314628477,4.72756997705205E-06,1.72479143285596,56.5415559932806,15.0001759867489,15.0000804329351,""
121543.518900394,14.9999998967942,3.78596316002189E-06,1.37989158675785,4.73245395002736E-06,1.72486448344731,56.5416621077239,15.0001803757816,15.0000848113874,""
121558.963400364,15.0000001235619,3.78708217114372E-06,1.37995005491152,4.73385271392965E-06,1.7249375686394,56.5415687579177,15.0001759751377,15.0000804175266,""
121574.409770012,15.0000004162644,3.78666519234464E-06,1.38000854929422,4.7333314904308E-06,1.72501068661778,56.5414493507228,15.0001715739611,15.0000760231339,""
121589.85427022,15.0000003187548,3.78484588155129E-06,1.38006700663291,4.73105735193911E-06,1.72508375829114,56.5416368630304,15.0001637384832,15.000068190159,""
121605.300639629,15.0000000250358,3.78225333769565E-06,1.38012545452963,4.72781667211956E-06,1.72515681816203,56.5418644288612,15.0001559020571,15.000060356236,""
121620.745139599,14.9999998449412,3.78263500177495E-06,1.38018388966738,4.72829375221869E-06,1.72522986208423,56.5417238828893,15.0001538262881,15.0000582714554,""
121636.191509008,14.9999997219635,3.78465648808562E-06,1.38024232874354,4.73082061010702E-06,1.72530291092943,56.5415353661694,15.0001517502678,15.0000561864225,""
121651.636008978,14.9999997253653,3.78521791198361E-06,1.38030077844366,4.73152238997951E-06,1.72537597305458,56.5415254188765,15.0001530818834,15.000057516255,""
121667.082378626,14.9999997923566,3.78497421742412E-06,1.3803592449805,4.73121777178015E-06,1.72544905622562,56.5415387036872,15.0001544136601,15.0000588462486,""
121682.526878595,14.9999999205737,3.78223890997049E-06,1.38041766110336,4.72779863746311E-06,1.72552207637921,56.5414322222863,15.0001554177993,15.0000598593458,""
121697.973248243,15.0000000796319,3.77812852610305E-06,1.3804760603871,4.72266065762881E-06,1.72559507548388,56.5413101621893,15.0001564220601,15.0000608725658,""
121713.417748213,14.9999999971336,3.77788989571565E-06,1.38053443058382,4.72236236964457E-06,1.72566803822977,56.5413040552315,15.000158533952,15.0000629739531,""
121728.864117861,14.9999997929875,3.7797878557804E-06,1.38059279569446,4.7247348197255E-06,1.72574099461807,56.5413129981263,15.0001606460996,15.0000650755949,""
121744.30861783,14.9999998178135,3.77899054846724E-06,1.38065114988579,4.72373818558405E-06,1.72581393735724,56.541285242185,15.0001606350654,15.0000650718988,""
121759.754987478,14.9999999579833,3.77670522729042E-06,1.38070950901325,4.72088153411302E-06,1.72588688626656,56.5412527246184,15.0001606240299,15.0000650682022,""
121775.199487448,14.9999999786052,3.77354856089286E-06,1.38076780213667,4.71693570111607E-06,1.72595975267084,56.5412644652972,15.0001590343163,15.0000634849276,""
121790.645857096,14.9999999389887,3.76991014042392E-06,1.38082606976602,4.7123876755299E-06,1.72603258720752,56.5412819386162,15.0001574444102,15.0000619014612,""
121806.090357065,14.9999999814977,3.76781394785056E-06,1.380884281762,4.7097674348132E-06,1.72610535220251,56.5413367373132,15.000156971399,15.0000614285784,""
121821.536726713,15.0000000654141,3.76656925878975E-06,1.38094247396684,4.70821157348718E-06,1.72617809245855,56.5413963710308,15.0001564983305,15.0000609556382,""
121836.981226683,14.999999938935,3.76661257044348E-06,1.38100065425684,4.70826571305435E-06,1.72625081782105,56.5414140955642,15.0001556560158,15.0000601186338,""
121852.427596092,14.9999997063318,3.76736758459233E-06,1.38105883889726,4.70920948074041E-06,1.72632354862158,56.5414264086077,15.0001548135992,15.000059281528,""
121867.872096062,14.9999998508581,3.76600752446432E-06,1.38111699884706,4.7075094055804E-06,1.72639624855882,56.5415577148197,15.0001560334374,15.0000605074894,""
121883.31846571,15.0000001856663,3.76347813542043E-06,1.38117515608138,4.70434766927554E-06,1.72646894510173,56.5417043923922,15.0001572534233,15.0000617335991,""
121898.762965679,15.0000002409482,3.76138616825287E-06,1.38123326271689,4.70173271031608E-06,1.72654157839611,56.5417406548482,15.0001609282053,15.0000654108807,""
121914.209335327,15.0000001551713,3.75953566292229E-06,1.38129135229936,4.69941957865286E-06,1.7266141903742,56.5417626926884,15.0001646034321,15.0000690886075,""
121929.653835297,15.0000002549601,3.75865888322714E-06,1.38134941308378,4.69832360403392E-06,1.72668676635473,56.5418313392022,15.0001645363862,15.0000690258617,""
121945.100204945,15.0000004484521,3.75832049360453E-06,1.38140746885658,4.69790061700566E-06,1.72675933607073,56.5419059945248,15.0001644693321,15.0000689631084,""
121960.544705153,15.0000002227898,3.75932599161389E-06,1.38146553163085,4.69915748951736E-06,1.72683191453856,56.5420469205267,15.0001649103311,15.0000693946819,""
121975.991074562,14.9999997853921,3.76107520257124E-06,1.3815236091943,4.70134400321405E-06,1.72690451149288,56.5421963858646,15.0001653513835,15.0000698263076,""
121991.435574532,14.9999998677837,3.76140764186122E-06,1.3815816926295,4.70175955232653E-06,1.72697711578687,56.542172591327,15.0001699423919,15.0000744210078,""
122006.88194418,15.0000002128088,3.76095604543682E-06,1.3816397902368,4.70119505679602E-06,1.727049737796,56.5421265451,15.000174533956,15.0000790162642,""
122022.326444149,15.0000002621682,3.75910208021785E-06,1.38169785017153,4.69887760027232E-06,1.72712231271441,56.5420945047718,15.0001786721297,15.000083156278,""
122037.772813797,15.0000001620985,3.75647139151376E-06,1.38175590016986,4.6955892393922E-06,1.72719487521232,56.5420642564175,15.0001828108044,15.000087296793,""
122053.217313766,15.0000000387914,3.75566929489643E-06,1.381813919085,4.69458661862053E-06,1.72726739885625,56.5421190834258,15.0001841053334,15.0000885916634,""
122068.663683414,14.9999999037126,3.75587970960268E-06,1.38187193169977,4.69484963700335E-06,1.72733991462472,56.5421848162962,15.0001854000191,15.0000898866907,""
122084.108183622,14.9999998261548,3.75391540100373E-06,1.38192990788544,4.69239425125466E-06,1.7274123848568,56.5421763804764,15.0001841216612,15.0000886139711,""
122099.554552794,14.9999997776775,3.75074599129069E-06,1.38198787479379,4.68843248911336E-06,1.72748484349224,56.5421584537275,15.0001828431487,15.0000873410976,""
122114.999052763,14.9999999113898,3.74685294028734E-06,1.38204576051295,4.68356617535917E-06,1.72755720064119,56.5421548863735,15.000178547965,15.0000830603705,""
122130.445422411,15.000000137314,3.74255815329604E-06,1.38210361213111,4.67819769162004E-06,1.72762951516388,56.5421531535855,15.0001742522614,15.0000787791252,""
122145.88992238,15.0000002071526,3.74183862858673E-06,1.38216142661413,4.67729828573342E-06,1.72770178326767,56.5423932191081,15.0001665952707,15.0000711146719,""
122161.336292028,15.0000001979953,3.74310082118191E-06,1.38221923139083,4.67887602647739E-06,1.72777403923854,56.5426641806932,15.000158937353,15.0000634492908,""
122176.780791998,15.000000149802,3.74307344753748E-06,1.38227703433442,4.67884180942186E-06,1.72784629291802,56.5425319981888,15.0001510747382,15.0000555948402,""
122192.227161646,15.0000000818329,3.74233100354444E-06,1.38233484713916,4.67791375443054E-06,1.72791855892394,56.5423484021141,15.0001432111716,15.0000477394388,""
122207.671661615,14.9999999846465,3.74239943343262E-06,1.38239265071857,4.67799929179078E-06,1.72799081339821,56.5423463467517,15.0001394247471,15.0000439524764,""
122223.118031263,14.9999998726418,3.74291764964162E-06,1.38245046005989,4.67864706205203E-06,1.72806307507486,56.5423674072098,15.0001356378642,15.0000401650554,""
122238.562531233,15.0000001542287,3.74359482653588E-06,1.38250827515477,4.67949353316985E-06,1.72813534394347,56.5423484352603,15.0001323788333,15.0000369038771,""
122254.008900881,15.000000635322,3.74436033092064E-06,1.38256610432444,4.6804504136508E-06,1.72820763040554,56.5423243694385,15.0001291194079,15.0000336423039,""
122269.45340085,15.0000004309673,3.74185658214932E-06,1.38262389120436,4.67732072768665E-06,1.72827986400545,56.5422304442214,15.0001247533022,15.0000292830572,""
122284.899770498,14.9999998790899,3.73753782408833E-06,1.38268166549047,4.67192228011041E-06,1.72835208186309,56.5421276322817,15.000120386668,15.0000249232828,""
122300.344270468,14.999999806606,3.7346011662788E-06,1.38273936834764,4.6682514578485E-06,1.72842421043455,56.5419904637942,15.0001245111196,15.0000290557125,""
122315.790639877,14.9999999772268,3.7324313091994E-06,1.38279704240971,4.66553913649925E-06,1.72849630301213,56.5418489177288,15.0001286360704,15.0000331886425,""
122331.235139847,15.0000001768689,3.73045551383954E-06,1.38285466939403,4.66306939229942E-06,1.72856833674254,56.541981998045,15.0001352170462,15.0000397721705,""
122346.681509495,15.0000003912708,3.72858712552026E-06,1.38291228108225,4.66073390690032E-06,1.72864035135281,56.5421498965784,15.0001417988187,15.0000463564956,""
122362.126009464,15.0000003006431,3.72874505679275E-06,1.38296987999207,4.66093132099094E-06,1.72871234999009,56.5421594240433,15.000146599504,15.0000511588348,""
122377.572379112,15.0000000551916,3.7300287649585E-06,1.38302748264932,4.66253595619812E-06,1.72878435331165,56.5421489087015,15.0001514007703,15.0000559617554,""
122393.016879082,15.0000001183761,3.72912161221144E-06,1.38308506998376,4.6614020152643E-06,1.7288563374797,56.5421696683792,15.00015054377,15.0000551103984,""
122408.46324873,15.0000003382685,3.72699674043886E-06,1.3831426596484,4.65874592554858E-06,1.7289283245605,56.5421943843808,15.0001496866659,15.0000542589383,""
122423.907748938,15.0000001990161,3.72603760127009E-06,1.38320021816179,4.65754700158762E-06,1.72900027270223,56.5421620208728,15.0001476958095,15.0000522665149,""
122439.354118347,14.9999998773299,3.72572633174849E-06,1.3832577701969,4.65715791468561E-06,1.72907221274612,56.5421224462651,15.0001457047123,15.0000502738503,""
122454.798618317,14.999999689535,3.72336631278306E-06,1.38331527744238,4.65420789097882E-06,1.72914409680298,56.5421569371269,15.0001451351295,15.0000497141446,""
122470.244987965,14.9999995697341,3.71986655197842E-06,1.38337277061321,4.64983318997303E-06,1.72921596326651,56.5422007726039,15.0001445654777,15.0000491543713,""
122485.689487934,14.9999999096062,3.71821207129127E-06,1.38343021585865,4.64776508911408E-06,1.72928776982331,56.5421776328035,15.0001406595993,15.0000452562587,""
122501.135857582,15.0000004831811,3.71758375515241E-06,1.38348764526719,4.64697969394051E-06,1.72935955658399,56.542146054314,15.0001367532481,15.0000413576742,""
122516.580357552,15.0000002751779,3.71781843687345E-06,1.38354506858384,4.64727304609181E-06,1.7294313357298,56.542083998476,15.0001310681866,15.000035669423,""
122532.026726961,14.9999996697302,3.71853337667899E-06,1.38360249932949,4.64816672084873E-06,1.72950312416186,56.542018100237,15.0001253824368,15.0000299804834,""
122547.471226931,14.9999996454543,3.71827800408285E-06,1.38365992232492,4.64784750510356E-06,1.72957490290616,56.5421038124153,15.0001232717087,15.0000278746726,""
122562.917596579,14.999999916791,3.71748248237257E-06,1.38371735182679,4.64685310296572E-06,1.72964668978349,56.5422085850857,15.000121160725,15.0000257686069,""
122578.362096548,14.9999999823504,3.71747160967264E-06,1.3837747707116,4.64683951209081E-06,1.7297184633895,56.5422825210054,15.0001189362329,15.0000235399047,""
122593.808466196,14.9999999432126,3.71789763002679E-06,1.38383219450615,4.64737203753348E-06,1.72979024313269,56.5423525973014,15.0001167114716,15.0000213109327,""
122609.252966166,15.0000000425267,3.71491850898723E-06,1.38388956720656,4.64364813623404E-06,1.7298619590082,56.5423980772085,15.0001141203744,15.0000187324181,""
122624.699335814,15.0000002123361,3.71004222863155E-06,1.38394692226239,4.63755278578943E-06,1.72993365282799,56.5424404804868,15.0001115289636,15.0000161535914,""
122640.143835783,15.000000248054,3.70727353188299E-06,1.38400420619303,4.63409191485373E-06,1.73000525774128,56.5425491402265,15.0001102587424,15.0000148880149,""
122655.590205431,15.0000002154952,3.70567857051109E-06,1.38406146129406,4.63209821313886E-06,1.73007682661757,56.5426661089617,15.0001089883674,15.0000136222852,""
122671.0347054,15.0000001047588,3.70550772451597E-06,1.38411869982412,4.63188465564497E-06,1.73014837478015,56.5425506701601,15.000111529629,15.0000161626011,""
122686.481075048,14.999999954177,3.70613055649242E-06,1.38417593990965,4.63266319561552E-06,1.73021992488706,56.5424061577318,15.0001140711982,15.0000187032245,""
122701.925575018,15.0000000653887,3.70693268482475E-06,1.38423318818909,4.63366585603094E-06,1.73029148523636,56.5423539680512,15.000118990876,15.0000236209713,""
122717.371944666,15.0000003100329,3.70783492446659E-06,1.38429045183087,4.63479365558323E-06,1.73036306478858,56.542313300229,15.0001239111494,15.0000285393135,""
122732.816444635,15.0000003964563,3.70589955367884E-06,1.38434768260421,4.63237444209855E-06,1.73043460325526,56.5422938036077,15.0001253590083,15.0000300022044,""
122748.262814283,15.0000004022346,3.70238130907314E-06,1.38440490583917,4.62797663634143E-06,1.73050613229897,56.5422769448801,15.0001268070425,15.0000314652725,""
122763.707314253,15.0000002867966,3.70004823664457E-06,1.38446207069009,4.62506029580572E-06,1.73057758836262,56.5424313003113,15.0001268123977,15.0000314715937,""
122779.153683662,15.0000001095185,3.69837589419791E-06,1.38451921375037,4.62296986774739E-06,1.73064901718796,56.5426070049833,15.0001268177535,15.0000314779156,""
122794.59818387,15.0000001921085,3.69623633906801E-06,1.38457630952175,4.62029542383501E-06,1.73072038690218,56.5427354641638,15.0001296964747,15.0000343643356,""
122810.04455328,15.0000004072934,3.69383565435076E-06,1.38463338967005,4.61729456793846E-06,1.73079173708756,56.5428580626626,15.0001325755442,15.000037251105,""
122825.489053249,15.0000002643058,3.69226916852175E-06,1.38469042820246,4.61533646065218E-06,1.73086303525308,56.5430401675116,15.0001350550154,15.0000397363353,""
122840.935422897,14.9999999384911,3.69116805678681E-06,1.38474745426289,4.61396007098351E-06,1.73093431782862,56.5432296916665,15.0001375347868,15.0000422218665,""
122856.379922867,14.999999981619,3.68862042341414E-06,1.38480442925111,4.61077552926767E-06,1.73100553656389,56.5430889925792,15.0001392994522,15.0000439987605,""
122871.826292515,15.0000002131229,3.68526456970952E-06,1.38486138646926,4.6065807121369E-06,1.73107673308657,56.5429072898709,15.0001410643312,15.0000457758697,""
122887.270792484,15.0000002109983,3.68709192974688E-06,1.38491835033972,4.6088649121836E-06,1.73114793792465,56.5429736241278,15.0001385468618,15.0000432453853,""
122902.717162132,15.0000000895469,3.69181486975319E-06,1.38497532867388,4.61476858719149E-06,1.73121916084235,56.5430707136916,15.0001360290875,15.0000407145947,""
122918.16166234,14.9999999084785,3.69183297742065E-06,1.38503232103964,4.61479122177581E-06,1.73129040129955,56.5432285542583,15.0001322910287,15.0000369866587,""
122933.60803175,14.9999996969161,3.68922223076364E-06,1.38508933199786,4.61152778845454E-06,1.73136166499732,56.5433939376059,15.0001285525174,15.0000332582716,""
122949.052531719,14.9999997199264,3.68773075925989E-06,1.38514630161106,4.60966344907487E-06,1.73143287701383,56.5435749012148,15.0001291893804,15.0000338926461,""
122964.498901367,14.999999862839,3.68686460815313E-06,1.385203258866,4.60858076019142E-06,1.7315040735825,56.5437578159809,15.0001298263205,15.0000345270974,""
122979.943401337,14.9999997870229,3.68454925157246E-06,1.38526016968089,4.60568656446557E-06,1.73157521210112,56.5438397311499,15.0001350949534,15.0000398083809,""
122995.389770746,14.9999995993516,3.68142318885105E-06,1.38531706527121,4.60177898606382E-06,1.73164633158902,56.5439091840208,15.000140364224,15.0000450903036,""
123010.834270716,14.9999995061434,3.68187147233341E-06,1.38537394725437,4.60233934041676E-06,1.73171743406796,56.5439281924352,15.0001466782632,15.0000513925328,""
123026.280640364,14.9999994612376,3.6843189390503E-06,1.38543083236397,4.60539867381288E-06,1.73178854045496,56.5439409812562,15.0001529930667,15.0000576955249,""
123041.725140333,14.9999996615763,3.68330437849829E-06,1.38548770559488,4.60413047312286E-06,1.7318596319936,56.5439819992716,15.0001563213823,15.0000610350105,""
123057.171509981,14.999999987445,3.68035273063224E-06,1.3855445829169,4.60044091329029E-06,1.73193072864612,56.5440265005428,15.0001596501008,15.0000643749003,""
123072.616009951,14.9999999390683,3.67850496322002E-06,1.38560141194296,4.59813120402503E-06,1.7320017649287,56.543994256362,15.0001613882265,15.0000661161535,""
123088.062379599,14.9999996991073,3.67727462996015E-06,1.3856582246701,4.59659328745019E-06,1.73207278083763,56.5439525649076,15.0001631265625,15.0000678576175,""
123103.506879568,14.9999997666478,3.67714802015944E-06,1.38571502320272,4.5964350251993E-06,1.73214377900339,56.5440482990665,15.0001608058678,15.0000655343661,""
123118.953249216,14.9999999916688,3.67763927813057E-06,1.3857718245141,4.59704909766321E-06,1.73221478064262,56.5441609343394,15.0001584848921,15.0000632108335,""
123134.397749186,14.9999999571849,3.67657958381695E-06,1.38582860472195,4.59572447977118E-06,1.73228575590243,56.5441941373795,15.0001529001297,15.0000576283339,""
123149.844118834,14.9999997897555,3.67465115173894E-06,1.38588538383474,4.59331393967368E-06,1.73235672979342,56.5442175957053,15.0001473146912,15.0000520451586,""
123165.288618803,14.9999996572165,3.67210048354605E-06,1.38594210828129,4.59012560443256E-06,1.73242763535161,56.5440789229521,15.0001464690809,15.0000512149308,""
123180.734988451,14.9999995425336,3.6692007687901E-06,1.38599881281852,4.58650096098763E-06,1.73249851602315,56.5439203567012,15.0001456233681,15.0000503846026,""
123196.17948842,14.9999996139095,3.66669215637104E-06,1.38605545912598,4.5833651954638E-06,1.73256932390748,56.5438351386761,15.0001463372973,15.0000510987213,""
123211.625858068,14.999999780684,3.66440222786363E-06,1.38611208350399,4.58050278482953E-06,1.73264010437998,56.5437588891916,15.0001470513128,15.0000518129264,""
123227.070358038,14.9999998357332,3.66564576470459E-06,1.38616871027626,4.58205720588074E-06,1.73271088784533,56.5437628710822,15.0001482740616,15.0000530289385,""
123242.516727448,14.9999998334937,3.66887017575995E-06,1.38622534908741,4.58608771969993E-06,1.73278168635927,56.5437766641117,15.0001494969583,15.0000542450978,""
123257.961227417,14.9999999680261,3.67033825273722E-06,1.38628201773599,4.58792281592152E-06,1.73285252216998,56.5437471443775,15.0001532031633,15.0000579494702,""
123273.407597065,15.0000001727533,3.67082180305576E-06,1.38633871382118,4.5885272538197E-06,1.73292339227648,56.5437123310017,15.000156909817,15.0000616542909,""
123288.852097273,15.0000000434217,3.66943989949462E-06,1.38639538380057,4.58679987436827E-06,1.73299422975072,56.5436122806176,15.0001556231893,15.0000603754637,""
123304.298466682,14.9999997426153,3.66701141312506E-06,1.38645204984341,4.58376426640632E-06,1.73306506230426,56.543504259429,15.0001543364059,15.0000590964817,""
123319.742966652,14.9999998701015,3.664153747666E-06,1.38650865434303,4.5801921845825E-06,1.73313581792879,56.5433876609466,15.0001490738782,15.0000538367007,""
123335.1893363,15.0000002175087,3.66105474169736E-06,1.3865652350091,4.57631842712169E-06,1.73320654376137,56.5432700017298,15.0001438107135,15.0000485762831,""
123350.633836269,15.0000003513054,3.65961554172413E-06,1.38662177314634,4.57451942715517E-06,1.73327721643293,56.5433438332145,15.0001386525745,15.0000434207324,""
123366.080205917,15.000000375412,3.65910763693419E-06,1.38667829810007,4.57388454616773E-06,1.73334787262508,56.5434409732639,15.0001334938111,15.0000382645577,""
123381.524705887,15.0000001445845,3.65682872047353E-06,1.38673477880843,4.57103590059191E-06,1.73341847351054,56.5433414672113,15.0001284464733,15.0000332233921,""
123396.971075535,14.9999997827266,3.65355507575093E-06,1.38679124535234,4.56694384468866E-06,1.73348905669043,56.5432180518023,15.0001233985244,15.0000281816164,""
123412.415575743,14.9999998720442,3.6520330955862E-06,1.38684766736033,4.56504136948274E-06,1.73355958420041,56.5432468576597,15.0001251952936,15.0000299867244,""
123427.861945152,15.0000001932836,3.65149457577604E-06,1.38690407502067,4.56436821972005E-06,1.73363009377584,56.5432941417273,15.0001269922803,15.0000317920509,""
123443.306445122,15.0000002169286,3.65043699169316E-06,1.38696045718506,4.56304623961645E-06,1.73370057148133,56.5432375471346,15.0001284993148,15.0000333009384,""
123458.752814531,15.0000000875566,3.64908760461191E-06,1.38701683568479,4.56135950576489E-06,1.73377104460599,56.5431683534608,15.0001300065317,15.0000348100086,""
123474.197314501,15.0000000636312,3.64801770974702E-06,1.38707318499119,4.56002213718377E-06,1.73384148123899,56.5429248690008,15.0001298766346,15.0000346832468,""
123489.643684149,15.0000000939417,3.64710467732938E-06,1.38712952854647,4.55888084666172E-06,1.73391191068308,56.5426602517783,15.0001297467218,15.0000345564697,""
123505.088184118,15.0000000616619,3.644609287471E-06,1.38718582278554,4.55576160933875E-06,1.73398227848192,56.542547613196,15.0001307174775,15.0000355431594,""
123520.534553766,14.9999999971685,3.64122391422186E-06,1.38724209994764,4.55152989277733E-06,1.73405262493455,56.5424533348134,15.0001316883506,15.0000365299686,""
123535.979053736,14.9999999123745,3.64015473501455E-06,1.38729833913603,4.55019341876819E-06,1.73412292392004,56.542441621674,15.0001330113043,15.0000378475727,""
123551.425423384,14.9999998171147,3.64038780014476E-06,1.38735456760758,4.55048475018095E-06,1.73419320950947,56.5424398772148,15.0001343344182,15.0000391653364,""
123566.869923353,14.9999999163259,3.64231867472955E-06,1.38741082010519,4.55289834341193E-06,1.73426352513149,56.542282256037,15.0001345643031,15.0000393919234,""
123582.316293001,15.0000001157003,3.64520493325398E-06,1.38746709675781,4.55650616656747E-06,1.73433387094727,56.5421058140876,15.0001347942159,15.0000396185379,""
123597.760792971,15.0000000311445,3.64306952192746E-06,1.38752334608963,4.55383690240932E-06,1.73440418261204,56.5419663735227,15.0001306200044,15.0000354566687,""
123613.207162619,14.9999998003057,3.6381081173338E-06,1.38757959068954,4.54763514666725E-06,1.73447448836193,56.5418313709429,15.0001264452876,15.0000312942956,""
123628.651662588,14.9999997665879,3.63615326111729E-06,1.3876357768543,4.54519157639662E-06,1.73454472106788,56.5417715808606,15.000124274892,15.0000291253399,""
123644.098032236,14.9999998344492,3.6358902947561E-06,1.38769194075858,4.54486286844512E-06,1.73461492594823,56.5417208307538,15.0001221042337,15.0000269561217,""
123659.542532206,14.9999999463057,3.63419708460868E-06,1.3877480705759,4.54274635576085E-06,1.73468508821988,56.5416741683137,15.0001224971737,15.0000273596696,""
123674.988901615,15.0000000808639,3.63169827430201E-06,1.38780419182091,4.53962284287751E-06,1.73475523977614,56.5416279906732,15.0001228901612,15.0000277632664,""
123690.433401585,15.0000000839063,3.63188746095524E-06,1.38786029841274,4.53985932619405E-06,1.73482537301592,56.5416400520832,15.0001247086127,15.0000295720174,""
123705.879771233,15.0000000191226,3.63359060528034E-06,1.38791640736876,4.54198825660043E-06,1.73489550921095,56.5416591036111,15.0001265272843,15.0000313809872,""
123721.324271202,14.9999999263669,3.63355176135123E-06,1.38797251627892,4.54193970168903E-06,1.73496564534865,56.5416126454058,15.0001312408915,15.0000361087937,""
123736.77064085,14.9999998191629,3.63253148344731E-06,1.3880286357825,4.54066435430914E-06,1.73503579472812,56.5415583299099,15.0001359550694,15.0000408371726,""
123752.215141058,14.9999997645084,3.62915374422701E-06,1.38808469192329,4.53644218028376E-06,1.73510586490412,56.5415374884524,15.0001395523901,15.000044436774,""
123767.661510468,14.9999997369655,3.62444676331363E-06,1.38814072296276,4.53055845414204E-06,1.73517590370345,56.5415206507752,15.0001431501461,15.000048036811,""
123783.106010437,14.9999999809893,3.62287511806602E-06,1.38819670266514,4.52859389758252E-06,1.73524587833143,56.5417133970702,15.0001433342299,15.0000482170758,""
123798.552380085,15.0000003652693,3.62307072823285E-06,1.38825266402284,4.52883841029106E-06,1.73531583002855,56.5419312233967,15.000143518336,15.0000483973623,""
123813.996880054,15.0000003017335,3.62453534694979E-06,1.38830864207165,4.53066918368724E-06,1.73538580258956,56.5417383075097,15.0001418090602,15.0000466892351,""
123829.443249702,15.0000000068901,3.62671587666359E-06,1.38836464013121,4.53339484582949E-06,1.73545580016401,56.5414963271982,15.0001400995774,15.000044980901,""
123844.887749672,14.999999906588,3.62569883360554E-06,1.38842062508834,4.53212354200692E-06,1.73552578136042,56.5415739941559,15.0001364558784,15.0000413456157,""
123860.33411932,14.9999999067851,3.62287781398383E-06,1.38847661325489,4.52859726747979E-06,1.73559576656861,56.5416897856643,15.0001328117382,15.0000377098904,""
123875.778619528,15.0000000831543,3.61969041817494E-06,1.3885325332775,4.52461302271867E-06,1.73566566659687,56.5416772403366,15.0001260174763,15.0000309234234,""
123891.224988937,15.0000003506163,3.61629567668811E-06,1.38858842543454,4.52036959586014E-06,1.73573553179317,56.5416494101691,15.0001192223922,15.0000241361351,""
123906.669488907,15.0000002960612,3.61606800824993E-06,1.38864429271488,4.52008501031242E-06,1.7358053658936,56.5415769599068,15.0001126099565,15.0000175193014,""
123922.115858316,15.0000000749894,3.61762800997665E-06,1.38870015653253,4.52203501247081E-06,1.73587519566566,56.5414991929599,15.0001059967204,15.0000109016669,""
123937.560358286,14.9999999430193,3.61635426290927E-06,1.38875600061847,4.52044282863659E-06,1.73594500077309,56.5415207306401,15.0001045371239,15.0000094493719,""
123953.006727934,14.9999998571144,3.61348020458387E-06,1.38881184414007,4.51685025572984E-06,1.73601480517509,56.5415540669437,15.0001030773508,15.0000079969011,""
123968.451227903,14.9999998632586,3.61191543855159E-06,1.38886764438884,4.51489429818949E-06,1.73608455548605,56.5415307932682,15.0001084967565,15.0000134190808,""
123983.897597551,14.9999999170357,3.61108989970681E-06,1.38892343076646,4.51386237463351E-06,1.73615428845807,56.5415008007119,15.0001139168183,15.0000188419169,""
123999.342097521,14.9999999915422,3.61163373798965E-06,1.38897921524785,4.51454217248706E-06,1.73622401905981,56.5415921646671,15.0001222315512,15.0000271539781,""
124014.788467169,15.0000000767931,3.61295138588787E-06,1.38903500922658,4.51618923235984E-06,1.73629376153322,56.5416979193245,15.0001305472907,15.0000354670455,""
124030.232967138,15.0000000227403,3.61152716429956E-06,1.38909078010659,4.51440895537445E-06,1.73636347513323,56.5417285367429,15.0001371654069,15.0000420946124,""
124045.679336786,14.9999998965398,3.6085530080172E-06,1.38914654849889,4.5106912600215E-06,1.73643318562361,56.5417502674163,15.0001437843243,15.0000487229816,""
124061.123836756,14.9999999444226,3.60532842997985E-06,1.38920224758027,4.50666053747481E-06,1.73650280947533,56.5416761114069,15.0001477635048,15.0000527107129,""
124076.570206404,15.000000082496,3.60196166124026E-06,1.38925791803064,4.50245207655032E-06,1.7365723975383,56.5415906137306,15.000151743167,15.0000566989269,""
124092.014706373,15.0000001505095,3.60195350979926E-06,1.38931356718689,4.50244188724907E-06,1.73664195898361,56.5415474377714,15.0001522105598,15.0000571628647,""
124107.461076021,15.0000001822285,3.60384480332859E-06,1.38936921484707,4.50480600416074E-06,1.73671151855884,56.5415092510295,15.0001526780092,15.0000576268587,""
124122.905575991,14.9999999734143,3.60352169892634E-06,1.38942485888247,4.50440212365793E-06,1.73678107360308,56.5415048639026,15.0001518385784,15.00005679307,""
124138.3519454,14.9999996398638,3.6019457961537E-06,1.38948051141332,4.50243224519212E-06,1.73685063926665,56.5415044603006,15.0001509990459,15.0000559591803,""
124153.79644537,14.9999998272567,3.60215616127332E-06,1.3895361537109,4.50269520159165E-06,1.73692019213863,56.5415611134687,15.000148710778,15.0000536641327,""
124169.242815018,15.0000002848532,3.60337742076649E-06,1.38959180076479,4.50422177595812E-06,1.73698975095599,56.5416244912215,15.000146422233,15.0000513688072,""
124184.687314987,15.0000004392324,3.60385710687151E-06,1.38964745371815,4.50482138358938E-06,1.73705931714769,56.5415461522285,15.0001439855369,15.0000489328174,""
124200.133684635,15.0000004363284,3.603917092165E-06,1.38970312056215,4.50489636520625E-06,1.73712890070268,56.541451140685,15.0001415485459,15.0000464965327,""
124215.578184605,15.0000003029505,3.60255197427344E-06,1.38975875983899,4.5031899678418E-06,1.73719844979873,56.5415511959417,15.0001393012863,15.0000442503778,""
124231.024554253,15.0000001018321,3.60037961566504E-06,1.38981439405527,4.50047451958129E-06,1.73726799256908,56.5416741696796,15.0001370537547,15.000042003951,""
124246.469054461,14.9999999647811,3.59908409233859E-06,1.38986999224161,4.49885511542324E-06,1.73733749030201,56.541680724706,15.0001388160604,15.0000437665682,""
124261.91542387,14.9999998609683,3.59828499938155E-06,1.38992558055999,4.49785624922693E-06,1.73740697569999,56.541673628206,15.0001405785794,15.0000455293988,""
124277.35992384,14.9999998686844,3.59603469954329E-06,1.3899811239785,4.49504337442911E-06,1.73747640497313,56.5416822851598,15.0001418856186,15.0000468430479,""
124292.806293488,14.9999999343286,3.59296168824794E-06,1.39003665248922,4.49120211030992E-06,1.73754581561152,56.5416927883103,15.0001431928161,15.0000481568559,""
124308.250793457,14.9999999965689,3.59168130791464E-06,1.39009214137979,4.4896016348933E-06,1.73761517672473,56.5416555792477,15.0001441792336,15.0000491453926,""
124323.697163105,15.0000000570521,3.59141674960125E-06,1.3901476183384,4.48927093700156E-06,1.737684522923,56.5416127843625,15.0001451657704,15.000050134049,""
124339.141663074,15.000000050558,3.59122771208879E-06,1.39020308453294,4.48903464011098E-06,1.73775385566618,56.5418100900983,15.0001466097237,15.0000515737409,""
124354.588032722,15.0000000092498,3.59108145754607E-06,1.39025855514614,4.48885182193259E-06,1.73782319393268,56.5420354702863,15.0001480538517,15.0000530136071,""
124370.03253293,14.9999999600232,3.58940305505473E-06,1.39031399249739,4.48675381881841E-06,1.73789249062174,56.5420444674435,15.0001483640676,15.0000533346286,""
124385.478902102,14.9999999066702,3.58685536074532E-06,1.39036942149815,4.48356920093165E-06,1.73796177687268,56.5420282213169,15.0001486743211,15.000053655689,""
124400.923402071,14.9999999153854,3.58351692288512E-06,1.39042478136419,4.4793961536064E-06,1.73803097670523,56.5419120304954,15.0001461590266,15.0000511495199,""
124416.369771719,14.9999999563875,3.57972923108407E-06,1.39048011251028,4.47466153885509E-06,1.73810014063784,56.5417841789239,15.0001436434276,15.0000486430474,""
124431.814271688,14.9999999195534,3.57995657581544E-06,1.39053542433093,4.4749457197693E-06,1.73816928041367,56.5418280853152,15.0001416859099,15.000046679162,""
124447.260641336,14.9999998422103,3.58246257700364E-06,1.39059073568003,4.47807822125455E-06,1.73823841960004,56.5418919840842,15.0001397281552,15.0000447150389,""
124462.705141306,14.9999999485516,3.58246761200634E-06,1.39064605108436,4.47808451500793E-06,1.73830756385545,56.5420096323058,15.000141553372,15.0000465492822,""
124478.151510954,15.0000001505285,3.5810528498748E-06,1.39070137928874,4.4763160623435E-06,1.73837672411092,56.542133542818,15.0001433788097,15.0000483837476,""
124493.596010923,15.0000000946706,3.579291015207E-06,1.39075666756074,4.47411376900875E-06,1.73844583445092,56.542196052348,15.0001454949603,15.0000505023179,""
124509.042380571,14.9999999045377,3.57733175067859E-06,1.39081194364989,4.47166468834823E-06,1.73851492956237,56.5422514439805,15.0001476113671,15.0000526211447,""
124524.486880541,14.9999999262006,3.57757547791403E-06,1.39086720847764,4.47196934739253E-06,1.73858401059705,56.5421731548688,15.0001512827605,15.0000562900234,""
124539.933250189,15.0000000581987,3.57907068216731E-06,1.39092247739892,4.47383835270914E-06,1.73865309674865,56.542079360033,15.0001549545983,15.0000599593462,""
124555.377750158,14.9999999087996,3.57839892503134E-06,1.39097773561193,4.47299865628917E-06,1.73872216951492,56.5420479685054,15.0001573216398,15.0000623276919,""
124570.824119806,14.9999996127297,3.57649568701603E-06,1.39103299823073,4.47061960877004E-06,1.73879124778841,56.5420237965987,15.0001596889678,15.0000646963244,""
124586.268619776,14.9999996540041,3.5754209738056E-06,1.39108822947206,4.469276217257E-06,1.73886028684008,56.5421018108595,15.0001632929527,15.0000682983771,""
124601.714989185,14.9999998711502,3.57481700632908E-06,1.39114345336371,4.46852125791134E-06,1.73892931670464,56.542191649416,15.0001668973738,15.0000719008658,""
124617.159489393,14.9999998655625,3.57397994889495E-06,1.39119865507805,4.46747493611869E-06,1.73899831884756,56.5421593663183,15.0001689731518,15.0000739835565,""
124632.605858803,14.9999997438152,3.573010197664E-06,1.39125385466204,4.46626274708E-06,1.73906731832755,56.5421129787489,15.000171049181,15.0000760664993,""
124648.050358772,14.9999999091957,3.57156267198079E-06,1.39130902109005,4.46445333997599E-06,1.73913627636256,56.5420994572423,15.0001693584346,15.0000743773403,""
124663.49672842,15.000000224403,3.56984312290521E-06,1.39136417913596,4.46230390363152E-06,1.73920522391995,56.5420897236618,15.0001676674835,15.0000726879769,""
124678.94122839,15.000000061322,3.56997438867391E-06,1.39141932523691,4.46246798584239E-06,1.73927415654613,56.5420612028525,15.0001671158353,15.0000721308048,""
124694.387598038,14.9999996485924,3.57115871902942E-06,1.39147447501582,4.46394839878677E-06,1.73934309376978,56.5420305146858,15.0001665641204,15.0000715735653,""
124709.832098007,14.9999996788879,3.56957209690297E-06,1.39152959863466,4.46196512112871E-06,1.73941199829333,56.5422087861254,15.0001665220443,15.0000715391686,""
124725.278467655,14.9999999404894,3.56640811292736E-06,1.39158471783585,4.4580101411592E-06,1.73948089729481,56.5424111136284,15.0001664799631,15.0000715047678,""
124740.722967863,15.0000001642862,3.56349107096202E-06,1.39163977189909,4.45436383870252E-06,1.73954971487387,56.542338053122,15.0001661359348,15.0000711674407,""
124756.169337273,15.0000003683793,3.56071406406178E-06,1.39169479933489,4.45089258007722E-06,1.73961849916861,56.5422333524053,15.0001657918648,15.0000708300728,""
124771.613837242,15.000000232042,3.56190499778531E-06,1.39174982674209,4.45238124723164E-06,1.73968728342762,56.5422273579314,15.0001645301528,15.0000695571889,""
124787.06020689,14.9999999178111,3.56535590273586E-06,1.39180486458776,4.45669487841982E-06,1.7397560807347,56.5422326849423,15.000163268288,15.0000682841509,""
124802.50470686,14.999999840449,3.56611594510842E-06,1.39185992212194,4.45764493138552E-06,1.73982490265243,56.5423067140945,15.0001613745916,15.0000663929062,""
124817.951076269,14.9999998868779,3.56534319864448E-06,1.3919150013336,4.4566789983056E-06,1.739893751667,56.5423886235149,15.0001594806659,15.0000645014325,""
124833.395576239,15.0000000591438,3.56234039970067E-06,1.39197002422791,4.45292549962584E-06,1.73996253028489,56.5424030664945,15.0001540275822,15.0000590592212,""
124848.841945887,15.0000002972376,3.55806620922874E-06,1.39202502548543,4.44758276153592E-06,1.74003128185679,56.5424097928406,15.0001485738383,15.000053616351,""
124864.286445856,15.0000002145154,3.55681174205658E-06,1.39207998263167,4.44601467757073E-06,1.74009997828959,56.5423539637108,15.0001392959019,15.0000443362567,""
124879.732815504,14.9999999639712,3.55727840498084E-06,1.39213492507812,4.44659800622605E-06,1.74016865634765,56.5422909797168,15.0001300168423,15.0000350550391,""
124895.177315474,14.9999999761866,3.55580186703072E-06,1.3921898400402,4.4447523337884E-06,1.74023730005025,56.5423030383753,15.0001258435475,15.0000308833536,""
124910.623685122,15.0000001258947,3.5532169920585E-06,1.39224474976875,4.44152124007312E-06,1.74030593721093,56.5423236614498,15.0001216697475,15.0000267111632,""
124926.068185091,15.000000186565,3.55503870403994E-06,1.39229967006823,4.44379838004992E-06,1.74037458758528,56.542377364554,15.000123014763,15.0000280500694,""
124941.514554739,15.0000002006397,3.55937429148121E-06,1.39235460683828,4.44921786435151E-06,1.74044325854785,56.5424348445482,15.0001243599414,15.0000293891376,""
124956.959054708,15.0000001188293,3.56025065207487E-06,1.39240956880239,4.45031331509359E-06,1.74051196100298,56.5424016219484,15.0001298436509,15.0000348692159,""
124972.405424356,14.9999999867941,3.55915340249312E-06,1.3924645555918,4.4489417531164E-06,1.74058069448976,56.5423580724408,15.0001353280242,15.0000403499576,""
124987.849924326,14.9999999849622,3.55843918421567E-06,1.39251952006284,4.44804898026959E-06,1.74064940007856,56.5424549823504,15.0001391641294,15.0000441862399,""
125003.296293974,15.0000000513354,3.55794345052082E-06,1.39257448224704,4.44742931315102E-06,1.7407181028088,56.5425678692479,15.0001430006989,15.0000480229865,""
125018.740793943,14.9999999012333,3.555690015163E-06,1.39262940088083,4.44461251895375E-06,1.74078675110103,56.5425896906622,15.0001466025676,15.0000516274112,""
125034.187163591,14.9999996376634,3.55243260131867E-06,1.39268430509391,4.44054075164834E-06,1.74085538136738,56.5426011786361,15.0001502048724,15.0000552322723,""
125049.631663561,14.9999996714052,3.55037332752605E-06,1.39273915712095,4.43796665940757E-06,1.74092394640118,56.5425399634469,15.0001520331276,15.0000570629043,""
125065.07803297,14.9999998610118,3.54899794988073E-06,1.39279398977508,4.43624743735091E-06,1.74099248721885,56.5424704987515,15.0001538616042,15.0000588937578,""
125080.522533178,14.9999998405536,3.54678624444081E-06,1.39284877583654,4.43348280555101E-06,1.74106096979567,56.542528185076,15.0001526175063,15.0000576578225,""
125095.968902588,14.9999997099293,3.54409631952137E-06,1.39290354569801,4.43012039940172E-06,1.74112943212251,56.5426002732853,15.0001513732579,15.0000564217376,""
125111.413402557,14.9999998642229,3.54286144179773E-06,1.39295827852877,4.42857680224717E-06,1.74119784816097,56.5426283270967,15.0001472314287,15.0000522789827,""
125126.859772205,15.0000001680171,3.54245786898128E-06,1.39301300060893,4.4280723362266E-06,1.74126625076116,56.5426514063854,15.0001430890981,15.0000481357263,""
125142.304272175,15.0000003431798,3.5418666081509E-06,1.39306770523407,4.42733326018863E-06,1.74133463154258,56.5426463777778,15.0001389841871,15.0000440303646,""
125157.750641823,15.0000004508679,3.54116793973536E-06,1.393122410289,4.4264599246692E-06,1.74140301286125,56.5426381749735,15.0001348787792,15.0000399245059,""
125173.195141792,15.0000002029329,3.53985708212156E-06,1.3931770855356,4.42482135265196E-06,1.7414713569195,56.5426834153254,15.0001300816716,15.0000351343104,""
125188.64151144,14.9999997682488,3.53819589587189E-06,1.39323175414022,4.42274486983986E-06,1.74153969267527,56.5427346877537,15.0001252839834,15.0000303435351,""
125204.086011648,14.9999998967478,3.53774161857722E-06,1.39328640212714,4.42217702322153E-06,1.74160800265893,56.5426968837814,15.0001226256359,15.0000276841192,""
125219.532381058,15.0000003210534,3.53797764166477E-06,1.39334104871785,4.42247205208096E-06,1.74167631089731,56.5426490442594,15.0001199669667,15.0000250243814,""
125234.976881027,15.0000003193278,3.53457838043775E-06,1.39339563718164,4.41822297554718E-06,1.74174454647705,56.5426436761,15.0001184545886,15.0000235283146,""
125250.423250675,15.0000000937683,3.52909832684433E-06,1.39345020277389,4.41137290855541E-06,1.74181275346736,56.5426430833474,15.0001169420274,15.0000220320666,""
125265.867750645,15.0000000881857,3.52741641853901E-06,1.39350471276633,4.40927052317376E-06,1.74188089095791,56.5426199931223,15.0001178662916,15.000022953216,""
125281.314120054,15.000000198219,3.52790821330436E-06,1.39355920130909,4.40988526663045E-06,1.74194900163637,56.5425943731986,15.0001187906676,15.0000238744769,""
125296.758620024,15.0000001759121,3.52854240804834E-06,1.39361369511743,4.41067801006043E-06,1.74201711889679,56.5427545807755,15.000119885994,15.000024973555,""
125312.204989672,15.000000084019,3.5292582577272E-06,1.39366820231432,4.41157282215901E-06,1.74208525289289,56.5429356515466,15.0001209814531,15.0000260727661,""
125327.649489641,14.9999999972823,3.52827051075565E-06,1.39372269066007,4.41033813844456E-06,1.74215336332509,56.5429342455262,15.0001242204865,15.0000293186158,""
125343.095859289,14.9999999132418,3.52630683602189E-06,1.39377717858305,4.40788354502736E-06,1.74222147322881,56.5429124008094,15.0001274599121,15.0000325648584,""
125358.540359259,14.9999998624589,3.52461880631705E-06,1.39383162560319,4.40577350789631E-06,1.74228953200399,56.5428356738858,15.0001343055922,15.0000394097769,""
125373.986728907,14.9999998291659,3.52308838154473E-06,1.39388605955631,4.40386047693091E-06,1.74235757444539,56.5427527977094,15.000141152101,15.000046255524,""
125389.431228876,14.9999998979035,3.52245716218156E-06,1.3939404707568,4.40307145272695E-06,1.74242558844599,56.5427785012715,15.0001495167803,15.0000546226443,""
125404.877598524,15.0000000203591,3.52234117067996E-06,1.39399487927937,4.40292646334995E-06,1.74249359909921,56.542816337383,15.0001578824723,15.0000629907776,""
125420.322098494,15.0000000721261,3.52157065382918E-06,1.3940492688289,4.40196331728648E-06,1.74256158603612,56.5427592406369,15.0001610061479,15.0000661210517,""
125435.768468142,15.0000000866809,3.52042475339952E-06,1.39410365786028,4.40053094174941E-06,1.74262957232536,56.5426915457678,15.0001641302016,15.0000692517048,""
125451.212968111,14.9999999805379,3.51849033855737E-06,1.39415800563203,4.39811292319671E-06,1.74269750704004,56.5427451553405,15.000165611212,15.0000707386614,""
125466.659337759,14.9999998107972,3.51610336014931E-06,1.39421234009457,4.39512920018664E-06,1.74276542511822,56.5428122863659,15.0001670924016,15.0000722257979,""
125482.103837729,14.9999999117314,3.51651870859802E-06,1.39426666440821,4.39564838574753E-06,1.74283333051027,56.5428752267257,15.0001658210716,15.0000709434826,""
125497.550207376,15.0000001553165,3.51854171477498E-06,1.39432099324884,4.39817714346872E-06,1.74290124156105,56.542937709307,15.0001645495877,15.000069661012,""
125512.994707346,15.0000001006539,3.51699682253923E-06,1.39437530011098,4.39624602817404E-06,1.74296912513872,56.5430233378668,15.0001546888098,15.0000598143275,""
125528.441076756,14.9999998887613,3.51340423406399E-06,1.394429604707,4.39175529257998E-06,1.74303700588374,56.5431115496611,15.0001448268384,15.0000499664512,""
125543.885576725,14.9999997822294,3.51053671894063E-06,1.39448384342321,4.38817089867579E-06,1.74310480427901,56.5430436160784,15.0001380427263,15.0000431870284,""
125559.331946373,14.9999997312386,3.50808486485226E-06,1.39453805465761,4.38510608106532E-06,1.74317256832201,56.5429583475894,15.0001312577929,15.0000364067848,""
125574.776446581,14.9999997542323,3.50778494780364E-06,1.39459224445604,4.38473118475455E-06,1.74324030557006,56.5430593028653,15.0001290548517,15.0000342020878,""
125590.22281599,14.9999998162595,3.50872062115169E-06,1.39464643227068,4.38590077643961E-06,1.74330804033835,56.5431809071401,15.0001268516439,15.0000319971239,""
125605.66731596,14.9999998931612,3.50875557658469E-06,1.39470061797357,4.38594447073086E-06,1.74337577246696,56.5432088950835,15.0001261130639,15.0000312639799,""
125621.113685608,14.9999999779268,3.50827318083039E-06,1.39475481279036,4.38534147603798E-06,1.74344351598795,56.5432265271602,15.0001253743944,15.000030530747,""
125636.558185577,14.9999999877079,3.50924915914803E-06,1.39480901410922,4.38656144893504E-06,1.74351126763653,56.5432000341789,15.0001264478787,15.0000315962028,""
125652.004555225,14.9999999579045,3.51106325463457E-06,1.39486322949545,4.38882906829322E-06,1.74357903686931,56.5431686613237,15.0001275214929,15.0000326617876,""
125667.449055195,14.9999999931402,3.5103671964374E-06,1.39491743513386,4.38795899554675E-06,1.74364679391732,56.5430372859901,15.0001281706456,15.0000333140682,""
125682.895424843,15.0000000627309,3.50822830282534E-06,1.39497164550325,4.38528537853167E-06,1.74371455687907,56.5428948565327,15.0001288198769,15.0000339664277,""
125698.339925051,15.0000001121691,3.50674449950899E-06,1.39502581747719,4.38343062438624E-06,1.74378227184649,56.5429006511397,15.0001268627901,15.0000320144322,""
125713.78629446,15.0000001509697,3.50563704327725E-06,1.39507997770263,4.38204630409657E-06,1.74384997212829,56.5429227826986,15.0001249054665,15.0000300622005,""
125729.23079443,15.0000000773088,3.50304182663329E-06,1.3951340866737,4.37880228329162E-06,1.74391760834212,56.5429634574707,15.0001232444724,15.0000284072587,""
125744.677163839,14.9999999441971,3.49959048954879E-06,1.39518817648401,4.37448811193598E-06,1.74398522060502,56.5430061786391,15.0001215832772,15.0000267521166,""
125760.121663809,14.9999999687474,3.49747106044004E-06,1.39524221264046,4.37183882555005E-06,1.74405276580058,56.5430512584973,15.0001244030333,15.0000295730373,""
125775.568033457,15.000000076659,3.49611746253555E-06,1.39529622823459,4.37014682816944E-06,1.74412028529324,56.5430966036664,15.0001272231307,15.0000323942994,""
125791.012533426,15.0000000537696,3.4951928724003E-06,1.39535021737618,4.36899109050038E-06,1.74418777172022,56.543004554053,15.0001311967631,15.0000363709184,""
125806.458903074,14.999999961695,3.49451498837619E-06,1.39540420159204,4.36814373547023E-06,1.74425525199005,56.5428974108993,15.0001351708766,15.0000403480188,""
125821.903403044,15.0000000075337,3.49494049812024E-06,1.39545818302636,4.36867562265029E-06,1.74432272878295,56.5429017505372,15.0001370106133,15.0000421865087,""
125837.349772692,15.0000001263503,3.49600126298042E-06,1.3955121731562,4.37000157872552E-06,1.74439021644525,56.5429183110784,15.0001388505727,15.0000440252211,""
125852.794272661,15.0000000945859,3.49363485685313E-06,1.39556612460904,4.36704357106642E-06,1.7444576557613,56.5427861529602,15.000136458219,15.0000416435543,""
125868.240642309,14.9999999831144,3.48929450896656E-06,1.39562006408243,4.3616181362082E-06,1.74452508010304,56.5426376972808,15.0001340655757,15.0000392615993,""
125883.685142279,15.0000000583165,3.48914096661431E-06,1.39567397662196,4.36142620826789E-06,1.74459247077745,56.5426500506636,15.0001271289066,15.0000323165971,""
125899.131511927,15.0000002323741,3.49139907164429E-06,1.39572788393303,4.36424883955536E-06,1.74465985491629,56.5426799850594,15.0001201913978,15.0000253707543,""
125914.576011896,15.0000001678195,3.48948869798889E-06,1.39578176458821,4.36186087248611E-06,1.74472720573527,56.5427341815986,15.0001184255999,15.0000236225233,""
125930.022381544,14.9999999768641,3.48517608188103E-06,1.39583564016531,4.35647010235129E-06,1.74479455020663,56.5427910340945,15.0001166595882,15.0000218740806,""
125945.466881514,14.9999999933187,3.48368959310207E-06,1.3958894683623,4.35461199137759E-06,1.74486183545287,56.5426854632536,15.0001196991343,15.0000249088196,""
125960.913250923,15.0000001196787,3.48383174959826E-06,1.39594327952164,4.35478968699782E-06,1.74492909940205,56.5425621707946,15.0001227390484,15.0000279439259,""
125976.357750893,14.9999999557737,3.48189656041874E-06,1.39599705486707,4.35237070052342E-06,1.74499631858384,56.5425971906722,15.0001257885601,15.0000310058453,""
125991.804120541,14.9999996379761,3.47876327929282E-06,1.39605081982634,4.34845409911603E-06,1.74506352478292,56.5426494509496,15.0001288384411,15.0000340681355,""
126007.24862051,14.9999998219785,3.47729483387804E-06,1.39610454260631,4.34661854234755E-06,1.74513067825789,56.5425139187856,15.0001305556045,15.0000357838869,""
126022.694990158,15.0000002721048,3.47678629529115E-06,1.39615825131403,4.34598286911393E-06,1.74519781414253,56.5423579511387,15.0001322729758,15.000037499846,""
126038.139490366,15.0000001868171,3.47738200659874E-06,1.39621196061573,4.34672750824843E-06,1.74526495076966,56.5423589278638,15.0001342160072,15.0000394419888,""
126053.585859776,14.9999998174945,3.47861490408967E-06,1.39626568051106,4.34826863011209E-06,1.74533210063883,56.5423769447781,15.0001361592737,15.0000413843666,""
126069.030359745,14.9999997321469,3.47986996727068E-06,1.39631941839621,4.34983745908835E-06,1.74539927299527,56.5424077817922,15.0001435607401,15.0000487863354,""
126084.476729393,14.9999997974785,3.48113806209767E-06,1.3963731769227,4.35142257762209E-06,1.74546647115338,56.5424400129649,15.0001509631025,15.0000561892002,""
126099.921229362,14.9999997639603,3.47792608090879E-06,1.39642688457843,4.34740760113599E-06,1.74553360572304,56.5424652776738,15.000156317072,15.0000615551723,""
126115.36759901,14.9999996779609,3.47212717473297E-06,1.39648057312201,4.34015896841622E-06,1.74560071640251,56.5424897914685,15.0001616716897,15.0000669217939,""
126130.81209898,14.9999998026405,3.46902998203208E-06,1.39653418333935,4.33628747754011E-06,1.74566772917418,56.5425864488753,15.0001648135902,15.0000700611577,""
126146.258468628,15.0000000392253,3.46749236731615E-06,1.39658775856302,4.33436545914519E-06,1.74573469820378,56.5426909199741,15.0001679558711,15.0000732009016,""
126161.702968836,15.0000000036771,3.46842181306784E-06,1.39664133530164,4.3355272663348E-06,1.74580166912705,56.5426881310631,15.0001658937722,15.0000711417601,""
126177.149338245,14.9999998235517,3.47077654901283E-06,1.39669492314575,4.33847068626604E-06,1.74586865393219,56.5426737599364,15.0001638314238,15.0000690823694,""
126192.593838215,14.9999998910598,3.47197170117482E-06,1.39674853269476,4.33996462646853E-06,1.74593566586845,56.5427292885684,15.0001595497864,15.0000647968679,""
126208.040207624,15.0000000901843,3.47249702957407E-06,1.39680216502434,4.34062128696758E-06,1.74600270628042,56.5427923619745,15.0001552676307,15.0000605108477,""
126223.484707594,15.0000000481217,3.47146413532484E-06,1.39685577707839,4.33933016915605E-06,1.74606972134799,56.5427735147204,15.0001539711422,15.0000592191046,""
126238.931077242,14.999999877826,3.46953035888872E-06,1.39690938765391,4.3369129486109E-06,1.74613673456739,56.5427458435586,15.0001526744967,15.0000579272051,""
126254.375577211,14.9999998913733,3.46980123761143E-06,1.39696298794225,4.33725154701429E-06,1.74620373492781,56.5427843753789,15.0001524925714,15.0000577366548,""
126269.821946859,15.0000000026979,3.47134690613154E-06,1.39701659252305,4.33918363266443E-06,1.74627074065381,56.5428300314027,15.000152310624,15.0000575460814,""
126285.266446829,14.9999999916384,3.47186582589165E-06,1.39707020500712,4.33983228236456E-06,1.7463377562589,56.542709450449,15.0001499396451,15.0000551706863,""
126300.712816477,14.9999999154643,3.47179098848903E-06,1.39712383230638,4.33973873561128E-06,1.74640479038298,56.5425710019678,15.0001475683791,15.0000527950037,""
126316.157316446,14.9999999606727,3.46897001205565E-06,1.39717740923305,4.33621251506956E-06,1.74647176154132,56.5425719767135,15.0001469200768,15.0000521613649,""
126331.603686094,15.0000000704929,3.46455966941753E-06,1.39723096725422,4.33069958677191E-06,1.74653870906778,56.5425879028622,15.0001462716959,15.0000515276494,""
126347.048186064,15.0000000641661,3.46145713390507E-06,1.3972844526963,4.32682141738134E-06,1.74660556587037,56.5427539264707,15.0001449054138,15.0000501579043,""
126362.494555712,14.9999999959983,3.45911089882834E-06,1.39733790635537,4.32388862353543E-06,1.74667238294421,56.5429360459971,15.0001435389662,15.0000487879933,""
126377.939055681,14.9999999805395,3.45958765630553E-06,1.39739135124498,4.32448457038192E-06,1.74673918905623,56.5429388212697,15.0001414229307,15.000046669601,""
126393.385425329,14.9999999931518,3.46169882691082E-06,1.39744480127325,4.32712353363853E-06,1.74680600159156,56.5429224178668,15.000139306639,15.0000445509522,""
126408.829925299,14.9999999392408,3.45933706575664E-06,1.39749821704232,4.32417133219579E-06,1.7468727713029,56.542937633179,15.0001354973333,15.0000407530637,""
126424.276294708,14.9999998498748,3.45438451162862E-06,1.39755162318175,4.31798063953577E-06,1.74693952897719,56.5429562271412,15.0001316875665,15.0000369547156,""
126439.720794678,14.9999998074148,3.45294075581221E-06,1.39760498018201,4.31617594476526E-06,1.74700622522751,56.5429135806597,15.0001309590326,15.0000362204386,""
126455.167164326,14.9999997899487,3.45352936207059E-06,1.39765831891672,4.31691170258824E-06,1.7470728986459,56.5428643975819,15.0001302304106,15.0000354860727,""
126470.611664295,14.9999998567492,3.45502691327875E-06,1.39771167674657,4.31878364159843E-06,1.74713959593321,56.5427755982089,15.0001357204317,15.0000409752972,""
126486.058033943,14.9999999684941,3.45705146630025E-06,1.39776505584414,4.32131433287531E-06,1.74720631980518,56.5426825680014,15.0001412111173,15.0000464651862,""
126501.502533913,14.9999999791366,3.45797260478407E-06,1.39781845102849,4.32246575598009E-06,1.74727306378562,56.5427135306324,15.0001506543488,15.0000559078969,""
126516.948903561,14.999999935852,3.45825431116916E-06,1.39787186574855,4.32281788896145E-06,1.74733983218569,56.5427576836603,15.0001600987234,15.0000653517508,""
126532.393403769,14.9999998889835,3.45533559611127E-06,1.39792523007852,4.31916949513909E-06,1.74740653759815,56.5427835609563,15.0001669277231,15.0000721885092,""
126547.839773178,14.9999998401939,3.45056057355004E-06,1.39797857539399,4.31320071693755E-06,1.74747321924249,56.5428075008573,15.0001737575493,15.0000790260951,""
126563.284273148,14.9999999464479,3.44935583533621E-06,1.39803187604308,4.31169479417026E-06,1.74753984505385,56.542949664684,15.000173970625,15.0000792338178,""
126578.730642796,15.0000001354842,3.45022173175078E-06,1.39808516097901,4.31277716468848E-06,1.74760645122376,56.543104385266,15.0001741837266,15.0000794415656,""
126594.175142765,15.0000001247566,3.44944984988603E-06,1.39813843109526,4.31181231235754E-06,1.74767303886908,56.5431974474435,15.0001688227699,15.0000740871944,""
126609.621512413,15.0000000073534,3.44772756376666E-06,1.3981917028034,4.30965945470833E-06,1.74773962850425,56.5432839922985,15.0001634611641,15.000068732175,""
126625.066012383,14.9999997412303,3.44661438186096E-06,1.39824494380685,4.30826797732621E-06,1.74780617975856,56.5434172219637,15.0001595825862,15.0000648520527,""
126640.51238203,14.9999993956123,3.44585450713586E-06,1.39829817717553,4.30731813391982E-06,1.74787272146941,56.5435554065919,15.0001557035387,15.0000609714607,""
126655.956882238,14.9999995567246,3.44529154450205E-06,1.39835139229179,4.30661443062757E-06,1.74793924036474,56.5434671396405,15.0001539246849,15.0000591973172,""
126671.40325141,14.9999999886597,3.44484279668063E-06,1.39840460699044,4.30605349585079E-06,1.74800575873805,56.5433549461162,15.0001521456158,15.0000574229589,""
126686.847751379,15.0000001930207,3.44130970955114E-06,1.39845775883932,4.30163713693893E-06,1.74807219854914,56.5433859472262,15.0001486233384,15.0000539098397,""
126702.294121027,15.0000002757612,3.43598468759408E-06,1.39851088435796,4.2949808594926E-06,1.74813860544745,56.543432053589,15.0001451006346,15.0000503962952,""
126717.738620996,15.0000001979643,3.43662785427784E-06,1.39856399158116,4.29578481784731E-06,1.74820498947645,56.5433759045516,15.0001387377755,15.0000440201475,""
126733.184990644,15.0000000342998,3.44073831669362E-06,1.39861709833972,4.30092289586703E-06,1.74827137292465,56.5433089794166,15.0001323741462,15.0000376432279,""
126748.629490614,14.9999999397319,3.44126213022502E-06,1.3986702235788,4.30157766278127E-06,1.7483377794735,56.5431965670556,15.0001290991176,15.0000343788241,""
126764.075860262,14.9999998821118,3.43970175216839E-06,1.39872336972596,4.29962719021049E-06,1.74840421215746,56.5430793560916,15.0001258236926,15.0000311140251,""
126779.520360231,15.0000000102319,3.43612423863365E-06,1.39877644780113,4.29515529829206E-06,1.74847055975141,56.5432071168542,15.0001223123628,15.0000276096069,""
126794.966729879,15.0000002377803,3.43137346300217E-06,1.39882949646621,4.28921682875271E-06,1.74853687058276,56.5433606204063,15.0001188006079,15.0000241047644,""
126810.411229849,15.0000001942864,3.42750879076256E-06,1.39888245960011,4.28438598845321E-06,1.74860307450013,56.5434266338254,15.0001169421294,15.0000222580508,""
126825.857599497,15.0000000056747,3.42415863991253E-06,1.39893538313828,4.28019829989067E-06,1.74866922892285,56.5434834812311,15.0001150834259,15.0000204111135,""
126841.302099466,15.0000000051881,3.42507676422099E-06,1.39898830076737,4.28134595527624E-06,1.74873537595922,56.5433954099563,15.0001135599479,15.0000188769587,""
126856.748469114,15.0000001054564,3.42847780999537E-06,1.39904122509167,4.28559726249421E-06,1.74880153136459,56.5432921511041,15.0001120362856,15.000017342618,""
126872.192969084,15.0000000130442,3.43032410761416E-06,1.39909418541233,4.2879051345177E-06,1.74886773176542,56.5433251947842,15.0001112711103,15.000016580374,""
126887.639338493,14.9999998173821,3.43126611708483E-06,1.39914717681864,4.28908264635604E-06,1.7489339710233,56.5433724962686,15.0001105058425,15.0000158180377,""
126903.083838701,14.9999998188958,3.43025150185329E-06,1.39920014998416,4.28781437731662E-06,1.7490001874802,56.5434268092235,15.0001125180008,15.0000178326575,""
126918.530208111,14.9999999260898,3.42809785741003E-06,1.39925312267556,4.28512232176254E-06,1.74906640334445,56.5434818616043,15.0001145304026,15.0000198475211,""
126933.97470808,15.0000000669597,3.42547100655224E-06,1.39930603959904,4.2818387581903E-06,1.74913254949881,56.5433447154177,15.0001147964838,15.000020120872,""
126949.421077728,15.0000002259116,3.42256814053962E-06,1.3993589341884,4.27821017567452E-06,1.74919866773549,56.5431875091206,15.0001150625971,15.0000203942561,""
126964.865577698,15.0000002852298,3.42103070468044E-06,1.39941178679687,4.27628838085056E-06,1.74926473349609,56.543119368944,15.0001143601741,15.0000196892069,""
126980.311947346,15.000000291119,3.42028821040789E-06,1.39946462507999,4.27536026300986E-06,1.74933078134999,56.5430604940085,15.000113657666,15.0000189840723,""
126995.756447315,15.0000002024845,3.42175972741052E-06,1.39951747667196,4.27719965926316E-06,1.74939684583995,56.5430770039396,15.0001175297371,15.0000228553905,""
127011.202816963,15.0000000631157,3.42452138782685E-06,1.39957034614312,4.28065173478357E-06,1.7494629326789,56.5431013546895,15.0001214022769,15.0000267271774,""
127026.647317171,14.9999999950277,3.42287624123193E-06,1.39962319504778,4.27859530153991E-06,1.74952899380973,56.5431993881233,15.0001260021558,15.000031332669,""
127042.093686581,14.9999999651877,3.41866260868294E-06,1.39967604209096,4.27332826085367E-06,1.7495950526137,56.5433050854024,15.0001306025915,15.0000359387179,""
127057.53818655,14.9999999077407,3.41161802084143E-06,1.3997287567827,4.26452252605178E-06,1.74966094597837,56.5433174899098,15.0001353573388,15.0000407198935,""
127072.984556198,14.9999998354592,3.40292175779043E-06,1.39978140442044,4.25365219723803E-06,1.74972675552555,56.5433202228959,15.0001401126617,15.000045501648,""
127088.429056168,15.0000000010979,3.40145377856897E-06,1.39983398764673,4.25181722321121E-06,1.74979248455841,56.5433614332419,15.0001445069964,15.0000498857519,""
127103.875425577,15.0000002945668,3.40420062260224E-06,1.39988654338894,4.25525077825281E-06,1.74985817923617,56.5434066329927,15.000148901863,15.0000542703864,""
127119.319925547,15.0000002776355,3.40503715708352E-06,1.39993911685571,4.2562964463544E-06,1.74992389606964,56.5431346648975,15.0001446459246,15.0000500269361,""
127134.766295195,15.0000000939074,3.40475952259614E-06,1.39999171073815,4.25594940324518E-06,1.74998963842268,56.5428298680373,15.000140389471,15.000045782972,""
127150.210795164,15.0000001345657,3.40599768111913E-06,1.40004431625126,4.25749710139891E-06,1.75005539531407,56.5429425068563,15.0001347790996,15.000040164884,""
127165.657164812,15.0000002958499,3.40812055347791E-06,1.40009693863523,4.26015069184739E-06,1.75012117329404,56.5430982584832,15.0001291680489,15.0000345461159,""
127181.101664782,15.0000001939099,3.40838441361106E-06,1.40014956734373,4.26048051701383E-06,1.75018695917966,56.5430039826608,15.000129752917,15.0000351354178,""
127196.54803443,14.9999999504034,3.40756323568275E-06,1.40020220983368,4.25945404460343E-06,1.7502527622921,56.5428839172295,15.0001303378559,15.0000357247911,""
127211.992534399,14.9999999827982,3.40428908872559E-06,1.40025479204714,4.25536136090699E-06,1.75031849005893,56.5429606772601,15.0001329740149,15.0000383709164,""
127227.438904047,15.0000001636181,3.39958208779308E-06,1.40030734914884,4.24947760974135E-06,1.75038418643605,56.5430577106171,15.0001356104931,15.000041017362,""
127242.883404016,15.0000000452365,3.39870821213184E-06,1.40035986730258,4.24838526516479E-06,1.75044983412823,56.543234455097,15.0001387174498,15.0000441124704,""
127258.329773664,14.9999997658203,3.40007293718816E-06,1.40041237277949,4.2500911714852E-06,1.75051546597436,56.5434194176535,15.0001418247825,15.0000472079535,""
127273.774273634,14.9999998194614,3.40066096231553E-06,1.4004648865149,4.25082620289442E-06,1.75058110814362,56.5435010269654,15.0001459084937,15.000051302176,""
127289.220643282,15.00000005241,3.40079531959172E-06,1.40051741514663,4.25099414948964E-06,1.75064676893328,56.54357203744,15.0001499926993,15.0000553968941,""
127304.665143251,15.000000276221,3.3964793311881E-06,1.40056987129962,4.24559916398512E-06,1.75071233912452,56.5436783611783,15.0001523401404,15.0000577588438,""
127320.111512899,15.0000004951528,3.38956161905972E-06,1.40062229515565,4.23695202382465E-06,1.75077786894456,56.5437883189948,15.0001546878658,15.0000601210794,""
127335.556012869,15.0000003990324,3.38881539476657E-06,1.40067467313334,4.23601924345821E-06,1.75084334141667,56.5438671322071,15.0001514119704,15.0000568366557,""
127351.002382278,15.0000001331648,3.39167693670181E-06,1.40072703433695,4.23959617087726E-06,1.75090879292119,56.5439427679512,15.0001481356785,15.0000535518345,""
127366.446882486,15.0000000510316,3.39325995989593E-06,1.40077942523418,4.24157494986991E-06,1.75097428154273,56.5438651460898,15.0001490386502,15.0000544570619,""
127381.893251896,15.0000000679035,3.39409561770773E-06,1.40083184354474,4.24261952213466E-06,1.75103980443093,56.5437718488493,15.0001499417311,15.000055362399,""
127397.337751865,15.0000001214961,3.39263171197606E-06,1.40088423627916,4.24078963997008E-06,1.75110529534895,56.5438167769826,15.0001521760882,15.0000576063009,""
127412.784121513,15.0000001948958,3.38982233346196E-06,1.40093662410444,4.23727791682746E-06,1.75117078013055,56.5438758193089,15.0001544107157,15.0000598504744,""
127428.228621483,15.0000001190054,3.38642437974405E-06,1.40098894174893,4.23303047468006E-06,1.75123617718616,56.5441136328105,15.0001510160522,15.0000564619171,""
127443.674991131,14.9999999625845,3.38268136276064E-06,1.40104122836591,4.2283517034508E-06,1.75130153545739,56.5443696983264,15.0001476209777,15.0000530729496,""
127459.1194911,14.9999999682173,3.38176872020428E-06,1.40109347943739,4.22721090025536E-06,1.75136684929674,56.5445179898465,15.000144544361,15.0000499934337,""
127474.565860748,15.0000000612834,3.38251264758185E-06,1.40114571973043,4.22814080947731E-06,1.75143214966304,56.5446553327002,15.0001414673718,15.0000469135449,""
127490.010360956,15.0000002324135,3.38249698318048E-06,1.40119795646241,4.2281212289756E-06,1.75149744557801,56.5447506397067,15.0001405275439,15.0000459791576,""
127505.456730366,15.0000004457085,3.38203655291903E-06,1.40125020113354,4.22754569114879E-06,1.75156275141693,56.5448416874965,15.0001395876021,15.0000450446571,""
127520.901230335,15.0000002570667,3.38218319409409E-06,1.40130243988881,4.22772899261762E-06,1.75162804986102,56.5447893968043,15.0001374307589,15.000042885727,""
127536.347599983,14.999999851375,3.38268543294546E-06,1.40135468520653,4.22835679118183E-06,1.75169335650816,56.544722553316,15.0001352736546,15.0000407265356,""
127551.792099953,14.9999998667465,3.38044131703975E-06,1.40140689156308,4.22555164629968E-06,1.75175861445384,56.5447870768753,15.0001371791223,15.0000426425573,""
127567.238469362,15.0000001095457,3.3765876897028E-06,1.40145908511444,4.2207346121285E-06,1.75182385639305,56.5448649207203,15.0001390848206,15.0000445588109,""
127582.682969332,15.000000117615,3.37583144935288E-06,1.40151124513619,4.2197893116911E-06,1.75188905642024,56.5448950554176,15.0001429443965,15.000048413589,""
127598.12933898,14.9999999988567,3.37689038361856E-06,1.40156339552153,4.2211129795232E-06,1.75195424440192,56.5449203666727,15.0001468044397,15.0000522688338,""
127613.573838949,14.9999998498572,3.37567871560663E-06,1.40161552514458,4.21959839450828E-06,1.75201940643073,56.5450243462016,15.0001505029397,15.0000559762801,""
127629.020208597,14.9999996844838,3.37313563987703E-06,1.40166765260587,4.21641954984629E-06,1.75208456575734,56.5451362881093,15.0001542018874,15.0000596841752,""
127644.464708567,14.9999996065241,3.37256007098004E-06,1.40171975462901,4.21570008872505E-06,1.75214969328626,56.5452077449997,15.0001555230947,15.0000610016754,""
127659.911078215,14.9999995758158,3.37313823465273E-06,1.40177185174027,4.21642279331592E-06,1.75221481467533,56.5452751268111,15.0001568444619,15.0000623193351,""
127675.355578184,14.9999998718814,3.37385722660238E-06,1.40182395597741,4.21732153325297E-06,1.75227994497176,56.5451616679931,15.0001545547791,15.0000600270811,""
127690.801947832,15.000000344759,3.37465897124746E-06,1.40187607440273,4.21832371405932E-06,1.75234509300341,56.545029975267,15.0001522648192,15.0000577345495,""
127706.246447802,15.0000001035028,3.37421271874457E-06,1.40192818285079,4.21776589843071E-06,1.75241022856349,56.5450925956035,15.0001496665276,15.0000551374423,""
127721.69281745,14.9999994757747,3.37303403353018E-06,1.40198029545389,4.21629254191272E-06,1.75247536931736,56.545174771855,15.0001470679215,15.0000525400206,""
127737.137317419,14.999999504458,3.37040280819758E-06,1.4020323563699,4.21300351024697E-06,1.75254044546237,56.5450790083496,15.0001452952283,15.000050775035,""
127752.583687067,14.9999998884695,3.36691843319228E-06,1.40208439694737,4.20864804149034E-06,1.75260549618421,56.5449653577286,15.0001435223204,15.0000490098357,""
127768.028187037,14.9999999023363,3.36343063876337E-06,1.40213636335687,4.20428829845421E-06,1.75267045419609,56.544928391019,15.0001421569111,15.0000476585174,""
127783.474556684,14.9999997157687,3.35994016634512E-06,1.40218829620085,4.1999252079314E-06,1.75273537025106,56.5448991111773,15.0001407913366,15.0000463070356,""
127798.919056654,14.9999997640704,3.35861232603053E-06,1.40224018823595,4.19826540753816E-06,1.75280023529493,56.5447738587458,15.0001404176776,15.0000459269407,""
127814.365426064,14.999999939612,3.35855449777262E-06,1.40229206627207,4.19819312221578E-06,1.75286508284009,56.544638977153,15.0001400439734,15.0000455467998,""
127829.809926033,15.000000027576,3.35983178071211E-06,1.40234395752639,4.19978972589014E-06,1.75292994690799,56.5445270880401,15.0001379409309,15.0000434447928,""
127845.256295681,15.0000000680975,3.36189376092005E-06,1.40239586651945,4.20236720115007E-06,1.75299483314931,56.5444174835546,15.0001358376338,15.0000413425314,""
127860.700795889,14.9999999316681,3.36276087337384E-06,1.40244779089224,4.2034510917173E-06,1.7530597386153,56.544497839667,15.0001332584462,15.000038758189,""
127876.147165298,14.9999996992871,3.36292588106092E-06,1.40249973428255,4.20365735132615E-06,1.75312466785318,56.5445971770211,15.0001306789466,15.0000361735339,""
127891.591665268,14.9999997830254,3.36225474413936E-06,1.4025516616812,4.2028184301742E-06,1.75318957710151,56.5445040244867,15.0001306969116,15.0000361922328,""
127907.038034916,15.0000000382125,3.36109188838792E-06,1.40260358965955,4.2013648604849E-06,1.75325448707444,56.5443916646009,15.0001307148788,15.0000362109339,""
127922.482534885,15.0000001078044,3.35874831339331E-06,1.4026554704956,4.19843539174164E-06,1.7533193381195,56.5443006832567,15.0001286424346,15.0000341499494,""
127937.928904533,15.0000000767232,3.35570989627158E-06,1.40270733358108,4.19463737033948E-06,1.75338416697636,56.5442118185246,15.0001265697396,15.0000320887155,""
127953.373404503,14.9999999804591,3.35373935031571E-06,1.40275914778809,4.19217418789463E-06,1.75344893473511,56.5441351801846,15.0001253740804,15.0000308899855,""
127968.819774151,14.9999998488021,3.35239664725189E-06,1.40281094320279,4.19049580906487E-06,1.75351367900349,56.5440597472721,15.0001241782765,15.0000296911104,""
127984.264274359,14.9999998098443,3.35124814741171E-06,1.40286270923685,4.18906018426464E-06,1.75357838654606,56.543974537526,15.0001267567374,15.0000322715814,""
127999.710643768,14.9999998212058,3.35021371113326E-06,1.40291446793346,4.18776713891658E-06,1.75364308491682,56.5438883457969,15.0001293355105,15.0000348523646,""
128015.155143738,15.0000000042924,3.34907282825839E-06,1.40296619860725,4.18634103532299E-06,1.75370774825906,56.5438944702804,15.0001334697114,15.0000389932449,""
128030.601513147,15.0000002806774,3.34786906482937E-06,1.40301792273263,4.18483633103671E-06,1.75377240341579,56.5439097472517,15.0001376044127,15.0000431346265,""
128046.046013117,15.0000000821262,3.34815443985437E-06,1.40306964019497,4.18519304981797E-06,1.75383705024371,56.5439194548307,15.0001378607501,15.0000433865283,""
128061.492382765,14.9999996255054,3.34931674556826E-06,1.40312136368079,4.18664593196032E-06,1.75390170460098,56.5439286123995,15.0001381171185,15.0000436384606,""
128076.936882734,14.9999997347315,3.34699806744066E-06,1.4031730497341,4.18374758430082E-06,1.75396631216762,56.5438085004559,15.0001366859102,15.0000422208225,""
128092.383252382,15.0000001515152,3.34262853066047E-06,1.40322472368103,4.17828566332559E-06,1.75403090460128,56.5436755953331,15.0001352545287,15.0000408030128,""
128107.827752352,15.000000278959,3.3407800926509E-06,1.40327634537894,4.17597511581362E-06,1.75409543172368,56.5437392955175,15.0001314047304,15.0000369531873,""
128123.274122,15.0000002491131,3.34041677409406E-06,1.40332794622219,4.17552096761757E-06,1.75415993277773,56.543822408221,15.000127554466,15.0000331028957,""
128138.718621969,14.9999999078293,3.33901527960261E-06,1.40337951772246,4.17376909950326E-06,1.75422439715308,56.5435637024817,15.0001267179717,15.0000322722577,""
128154.164991617,14.9999993970917,3.33700161224277E-06,1.40343108185079,4.17125201530347E-06,1.75428885231348,56.5432712763616,15.0001258813761,15.0000314415193,""
128169.609491587,14.9999996799654,3.33679846142019E-06,1.40348262857026,4.17099807677523E-06,1.75435328571283,56.5433022529041,15.000125533053,15.0000310895509,""
128185.055861235,15.0000003946932,3.33766272876086E-06,1.40353417494495,4.17207841095108E-06,1.75441771868119,56.5433650574379,15.0001251846877,15.00003073754,""
128200.500361204,15.0000004266957,3.3379435362304E-06,1.40358572286196,4.172429420288E-06,1.75448215357745,56.543197027857,15.0001205349179,15.0000260935097,""
128215.946730852,15.0000000870997,3.33788028939827E-06,1.40363728160921,4.17235036174784E-06,1.75454660201152,56.5430062948194,15.0001158845853,15.0000214489171,""
128231.391230822,14.9999999332021,3.33566332679402E-06,1.40368879962051,4.16957915849253E-06,1.75461099952564,56.5430109596219,15.0001129002964,15.0000184676887,""
128246.83760047,14.9999998803876,3.33217533761247E-06,1.40374030351537,4.16521917201559E-06,1.75467537939422,56.5430347957677,15.0001099156463,15.0000154860994,""
128262.282100439,15.0000000458124,3.33075422421174E-06,1.40379176534084,4.16344278026467E-06,1.75473970667604,56.5429773092557,15.0001078550795,15.0000134263016,""
128277.728469849,15.000000330142,3.33055258769429E-06,1.40384321224494,4.16319073461786E-06,1.75480401530618,56.5429118483071,15.0001057942633,15.0000113662545,""
128293.172969818,15.0000004983499,3.33070309935394E-06,1.40389465444515,4.16337887419243E-06,1.75486831805643,56.5427114959196,15.00010615416,15.0000117290561,""
128308.619339466,15.0000006033154,3.33106152265119E-06,1.40394610377178,4.16382690331399E-06,1.75493262971472,56.5424979219091,15.0001065141003,15.0000120919017,""
128324.063839436,15.0000003546086,3.32836876239444E-06,1.4039975067036,4.16046095299305E-06,1.7549968833795,56.5424530126166,15.0001089716748,15.0000145622067,""
128339.510209084,14.9999999130708,3.32387372195517E-06,1.40404889213604,4.15484215244397E-06,1.75506111517005,56.5424245714291,15.0001114295467,15.0000170328107,""
128354.954709291,14.9999998508079,3.32207363300131E-06,1.40410022568227,4.15259204125164E-06,1.75512528210284,56.5424417447849,15.0001135254733,15.0000191255897,""
128370.401078701,14.9999999953493,3.32186509868753E-06,1.4041515384625,4.15233137335941E-06,1.75518942307813,56.542463369102,15.0001156216536,15.000021218622,""
128385.845578671,14.9999999338885,3.32129686095627E-06,1.40420283542724,4.15162107619534E-06,1.75525354428405,56.5424688647522,15.0001178343076,15.0000234355484,""
128401.291948318,14.9999997600435,3.32051597123907E-06,1.40425413292562,4.15064496404884E-06,1.75531766615702,56.5424727904927,15.0001200472295,15.0000256527431,""
128416.736448288,14.9999998544318,3.31979199826063E-06,1.40430540993263,4.14973999782579E-06,1.75538176241579,56.5425265919742,15.0001207089031,15.0000263188198,""
128432.182817936,15.0000000952105,3.31910152750097E-06,1.40435668470438,4.14887690937621E-06,1.75544585588047,56.5425852503248,15.0001213706568,15.000026984977,""
128447.627317905,15.0000000586994,3.31790521783361E-06,1.40440793205227,4.14738152229201E-06,1.75550991506533,56.5426664093388,15.0001238637756,15.0000294843466,""
128463.073687553,14.999999870811,3.3164095987846E-06,1.40445917305767,4.14551199848075E-06,1.75557396632209,56.5427497637296,15.0001263571962,15.0000319840188,""
128478.518187761,14.9999998427832,3.31654915816138E-06,1.40451040408716,4.14568644770173E-06,1.75563800510896,56.5427332867491,15.0001316591972,15.0000372801724,""
128493.964556932,14.9999999020487,3.31765585209322E-06,1.40456163908365,4.14706981511652E-06,1.75570204885457,56.5427071294584,15.0001369618397,15.0000425769668,""
128509.409056902,15.0000000027238,3.31650966273782E-06,1.40461285456144,4.14563707842227E-06,1.75576606820181,56.5427907542201,15.0001401056948,15.0000457284224,""
128524.85542655,15.0000001260396,3.31403039243462E-06,1.4046640683587,4.14253799054327E-06,1.75583008544838,56.5428850168871,15.0001432499304,15.0000488802594,""
128540.299926519,15.0000000502502,3.31444721061676E-06,1.40471527257623,4.14305901327095E-06,1.75589409072029,56.542777805242,15.0001428684725,15.0000484899365,""
128555.746296167,14.9999998656373,3.31657804191442E-06,1.4047664809915,4.14572255239302E-06,1.75595810123937,56.5426511061719,15.0001424869685,15.0000480995664,""
128571.190796137,14.9999998896082,3.31570105324392E-06,1.40481767809642,4.1446263165549E-06,1.75602209762052,56.5427075953773,15.0001397928276,15.0000454147727,""
128586.637165785,15.0000000276145,3.31304328115105E-06,1.40486887837256,4.14130410143881E-06,1.75608609796569,56.5427817711971,15.0001370983605,15.0000427296539,""
128602.081665754,15.0000000689654,3.30818223117095E-06,1.40491998685374,4.13522778896369E-06,1.75614998356717,56.5426384627063,15.0001358624153,15.0000415048574,""
128617.528035402,15.0000000574638,3.3020155059997E-06,1.40497105082669,4.12751938249962E-06,1.75621381353337,56.5424741778876,15.0001346263204,15.0000402799126,""
128632.972535372,15.000000080203,3.30047259485284E-06,1.40502206040623,4.12559074356605E-06,1.75627757550779,56.542475330593,15.0001333718501,15.0000390253788,""
128648.41890502,15.0000001216793,3.30166837684035E-06,1.405073047598,4.12708547105043E-06,1.7563413094975,56.5424924013362,15.000132117228,15.0000377706931,""
128663.863404989,14.9999998966123,3.30459541914082E-06,1.40512407855413,4.13074427392602E-06,1.75640509819266,56.5423996282717,15.0001339911226,15.0000396360421,""
128679.309774637,14.9999995256261,3.30854888694057E-06,1.40517514528121,4.13568610867572E-06,1.75646893160151,56.5422962900446,15.000135865244,15.0000415016168,""
128694.754274607,14.9999997326772,3.30833824818901E-06,1.40522621818596,4.13542281023626E-06,1.75653277273245,56.5422875219729,15.0001348378186,15.0000404807127,""
128710.200644016,15.0000002562377,3.30565934737603E-06,1.40527730459921,4.13207418422004E-06,1.75659663074902,56.5422878244786,15.0001338102687,15.0000394596851,""
128725.645143986,15.0000003050296,3.30328958967809E-06,1.40532833765323,4.12911198709761E-06,1.75666042206653,56.5423256861214,15.0001292499505,15.0000349011324,""
128741.091513634,15.0000000938035,3.30110267311669E-06,1.40537934890985,4.12637834139586E-06,1.75672418613731,56.5423671502265,15.0001246890802,15.0000303420278,""
128756.536013603,15.0000001348498,3.3011324776735E-06,1.40543034582589,4.12641559709187E-06,1.75678793228236,56.5422677101408,15.0001248428328,15.0000304912535,""
128771.982383251,15.000000314122,3.30247704478648E-06,1.40548134407158,4.1280963059831E-06,1.75685168008948,56.5421547814452,15.000124996604,15.0000306404972,""
128787.426883221,15.0000002140677,3.30226091640069E-06,1.40553233810663,4.12782614550086E-06,1.75691542263328,56.5421648037226,15.0001256601454,15.0000313083524,""
128802.873252869,14.9999999608979,3.30111879415754E-06,1.40558333947928,4.12639849269693E-06,1.75697917434911,56.5421865679226,15.0001263237671,15.0000319762884,""
128818.317753077,14.9999999204017,3.29805543456806E-06,1.40563428286272,4.12256929321008E-06,1.75704285357841,56.5420403141097,15.0001283499305,15.0000340078043,""
128833.764122486,14.9999999965054,3.29385126752926E-06,1.40568520165581,4.11731408441157E-06,1.75710650206976,56.5418780212651,15.0001303763392,15.0000360395661,""
128849.208622456,15.0000001491415,3.29319514133958E-06,1.40573608759679,4.11649392667448E-06,1.75717010949599,56.5420050506315,15.0001305062907,15.0000361671092,""
128864.654992104,15.0000003437837,3.29464524069394E-06,1.40578696385134,4.11830655086742E-06,1.75723370481417,56.5421596401915,15.000130636258,15.0000362946676,""
128880.099492073,15.0000003627869,3.29356143590568E-06,1.40583782291406,4.11695179488211E-06,1.75729727864258,56.5421331528762,15.0001279839006,15.0000336488917,""
128895.545861721,15.0000002854215,3.29097265748611E-06,1.40588868158057,4.11371582185764E-06,1.75736085197571,56.5420894498975,15.000125331222,15.0000310027955,""
128910.990361691,15.0000000744793,3.28996109152683E-06,1.40593950828406,4.11245136440853E-06,1.75742438535507,56.5420762425979,15.0001228001469,15.0000284710232,""
128926.436731339,14.999999790178,3.28988625470502E-06,1.40599032580836,4.11235781838128E-06,1.75748790726045,56.5420659278695,15.0001202687653,15.0000259389444,""
128941.881231546,14.9999996561026,3.28860708295372E-06,1.40604111713006,4.11075885369215E-06,1.75755139641258,56.5420597741645,15.0001230149352,15.0000286880821,""
128957.327600718,14.9999996044904,3.28661201958066E-06,1.40609190268112,4.10826502447583E-06,1.7576148783514,56.5420540139602,15.0001257614374,15.0000314375525,""
128972.772100687,14.9999997613281,3.28646705846377E-06,1.4061426720094,4.10808382307971E-06,1.75767834001175,56.5420746712219,15.0001285939327,15.0000342718289,""
128988.218470335,15.000000032696,3.28742178903345E-06,1.40619344149304,4.10927723629181E-06,1.7577418018663,56.5420978308178,15.000131426771,15.0000371064485,""
129003.662970304,15.0000000829176,3.28607944773152E-06,1.40624418784629,4.1075993096644E-06,1.75780523480786,56.5421272473137,15.0001302664244,15.0000359521245,""
129019.109339952,15.0000000116296,3.28337101695656E-06,1.40629493024228,4.1042137711957E-06,1.75786866280285,56.542157258822,15.0001291059374,15.0000347976606,""
129034.553839922,14.9999998719604,3.28182101185024E-06,1.40634563192646,4.10227626481279E-06,1.75793203990808,56.5421483810816,15.0001301318348,15.0000358196331,""
129050.00020957,14.9999996946761,3.28095971867521E-06,1.4063963191845,4.10119964834401E-06,1.75799539898062,56.5421358337781,15.0001311578565,15.0000368417293,""
129065.444709539,14.9999997594194,3.28083498687788E-06,1.40644699500264,4.10104373359735E-06,1.7580587437533,56.5422190540089,15.000136958381,15.0000426419428,""
129080.891079187,14.9999999572654,3.28114846187475E-06,1.40649767379908,4.10143557734343E-06,1.75812209224885,56.5423113050461,15.0001427596078,15.0000484428584,""
129096.335579157,14.9999999646043,3.28036194951212E-06,1.40654833554144,4.10045243689015E-06,1.75818541942679,56.5424494361617,15.0001474700281,15.00005315809,""
129111.781948805,14.9999998671468,3.2789206225275E-06,1.40659899691707,4.09865077815937E-06,1.75824874614634,56.5425919000989,15.0001521810187,15.0000578738924,""
129127.226448774,14.9999998054754,3.27688321691249E-06,1.40664961504445,4.09610402114061E-06,1.75831201880556,56.5426430243052,15.0001506052311,15.000056306144,""
129142.672818422,14.9999997634854,3.27449054774768E-06,1.40670021720018,4.0931131846846E-06,1.75837527150022,56.5426855789971,15.0001490292527,15.0000547382058,""
129158.117318392,14.9999997520049,3.27289219049884E-06,1.40675077917497,4.09111523812356E-06,1.75843847396872,56.5425158904585,15.0001476869158,15.0000533959563,""
129173.563687801,14.9999997573177,3.2717665589945E-06,1.40680132698625,4.08970819874312E-06,1.75850165873281,56.5423262817561,15.0001463444164,15.0000520535443,""
129189.008188009,14.9999999485106,3.27184550271143E-06,1.40685186549551,4.08980687838928E-06,1.75856483186939,56.5423951048735,15.0001435771094,15.0000492845686,""
129204.454557419,15.0000002421037,3.27264204362005E-06,1.40690240822365,4.09080255452506E-06,1.75862801027957,56.5424881275445,15.0001408094674,15.0000465152576,""
129219.899057388,15.0000002133303,3.27173023507733E-06,1.4069529338659,4.08966279384667E-06,1.75869116733238,56.5425671221473,15.0001374735424,15.0000431834115,""
129235.345427036,15.0000000069589,3.26980024479434E-06,1.40700345908757,4.08725030599293E-06,1.75875432385946,56.5426448161435,15.0001341372135,15.000039851162,""
129250.789927006,15.0000001097294,3.27122293507912E-06,1.40705399262526,4.0890286688489E-06,1.75881749078157,56.542684032348,15.0001292336632,15.0000349366828,""
129266.236296654,15.0000003828883,3.27464438802037E-06,1.40710454088406,4.09330548502547E-06,1.75888067610507,56.5427196631779,15.0001243295194,15.0000300216087,""
129281.680796623,15.0000004492018,3.27439474357763E-06,1.40715509253288,4.09299342947204E-06,1.7589438656661,56.5427860073726,15.0001230572121,15.0000287565664,""
129297.127166271,15.0000004014928,3.27195607461339E-06,1.40720565597176,4.08994509326674E-06,1.75900706996469,56.542855221929,15.0001217847508,15.0000274913709,""
129312.571666479,15.0000002999609,3.26892993245593E-06,1.40725615702907,4.08616241556991E-06,1.75907019628634,56.5427536184426,15.0001263558371,15.0000320666315,""
129328.018035889,15.0000001687261,3.26555280161199E-06,1.40730663063633,4.08194100201498E-06,1.75913328829541,56.5426361110063,15.0001309274766,15.0000366424459,""
129343.462535858,15.0000001923648,3.26292890148144E-06,1.40735704442994,4.0786611268518E-06,1.75919630553743,56.5427407180654,15.0001396490152,15.0000453696276,""
129358.908905506,15.0000003014526,3.26075390636288E-06,1.40740743227984,4.07594238295361E-06,1.7592592903498,56.542865969255,15.0001483716097,15.0000540978658,""
129374.353405476,15.0000003538132,3.26009716491353E-06,1.40745779540559,4.07512145614191E-06,1.75932224425698,56.5429606956027,15.000152826046,15.0000585499627,""
129389.799775124,15.0000003748755,3.26034643989766E-06,1.40750815351081,4.07543304987207E-06,1.75938519188851,56.5430526037062,15.0001572810217,15.0000630025985,""
129405.244275093,15.0000001965583,3.25858045845636E-06,1.40755847921461,4.07322557307045E-06,1.75944809901827,56.543060080402,15.0001539834633,15.0000597135323,""
129420.690644503,14.9999999081284,3.25561098864369E-06,1.40760879530293,4.06951373580461E-06,1.75951099412866,56.5430597403943,15.0001506855059,15.000056424068,""
129436.135144472,14.9999998629598,3.25386738203556E-06,1.40765906680435,4.06733422754445E-06,1.75957383350544,56.5431341562362,15.0001497947694,15.0000555377384,""
129451.58151412,14.9999999521386,3.25285553126879E-06,1.40770932139796,4.06606941408599E-06,1.75963665174745,56.5432154929312,15.0001489039251,15.0000546513015,""
129467.02601409,15.0000000537663,3.25073991715715E-06,1.40775953329215,4.06342489644643E-06,1.75969941661519,56.5433819602776,15.000150674834,15.0000564315689,""
129482.472383738,15.0000001622912,3.24796451366065E-06,1.40780972938783,4.05995564207581E-06,1.75976216173479,56.5435563074778,15.0001524459574,15.0000582120519,""
129497.916883707,15.000000262696,3.24654107893462E-06,1.40785988662415,4.05817634866828E-06,1.75982485828018,56.5435812986866,15.0001525338578,15.0000582999259,""
129513.363253355,15.0000003586314,3.24592527783363E-06,1.40791003033928,4.05740659729203E-06,1.75988753792411,56.5435925287161,15.0001526217687,15.0000583878106,""
129528.807753325,15.0000001845895,3.24704156141089E-06,1.40796018283273,4.05880195176361E-06,1.75995022854092,56.5436460037183,15.0001503221833,15.0000560924875,""
129544.254122972,14.9999998612402,3.24919344289932E-06,1.40801035027417,4.06149180362414E-06,1.76001293784271,56.5437033729405,15.0001480223195,15.0000537968866,""
129559.698622942,14.9999998184042,3.25013143332877E-06,1.40806053449307,4.06266429166096E-06,1.76007566811633,56.5436988151262,15.0001450429132,15.0000508135594,""
129575.14499259,14.9999999307168,3.25034375511097E-06,1.40811073845199,4.06292969388871E-06,1.76013842306498,56.5436885674606,15.0001420631461,15.000047829871,""
129590.589492559,14.9999999667868,3.2468226031734E-06,1.40816088277089,4.05852825396675E-06,1.76020110346362,56.5436514891858,15.0001409208444,15.0000466986885,""
129606.035862207,14.9999999606771,3.24106762948951E-06,1.40821100111801,4.05133453686189E-06,1.76026375139751,56.5436119449491,15.0001397784044,15.000045567369,""
129621.480362177,14.9999999439913,3.2392147086244E-06,1.408261062442,4.0490183857805E-06,1.7603263280525,56.5437239707356,15.0001404831283,15.0000462697353,""
129636.926731586,14.9999999214484,3.23969613330297E-06,1.40831109933311,4.04962016662871E-06,1.76038887416638,56.5438498923527,15.0001411879374,15.0000469721866,""
129652.371231556,14.9999999630943,3.23888510213604E-06,1.40836111950861,4.04860637767005E-06,1.76045139938576,56.543739966587,15.0001411409255,15.000046932919,""
129667.817601204,15.0000000402909,3.23730036089293E-06,1.40841113935866,4.04662545111616E-06,1.76051392419832,56.5436084610218,15.0001410939079,15.0000468936465,""
129683.262101412,14.9999998445071,3.23833734370565E-06,1.40846116302856,4.04792167963206E-06,1.7605764537857,56.5436548321562,15.0001376431726,15.0000434379708,""
129698.708470821,14.999999497476,3.240944156433E-06,1.40851119866475,4.05118019554125E-06,1.76063899833094,56.5437174483557,15.0001341920197,15.0000399818768,""
129714.152970791,14.9999995304765,3.24079552821927E-06,1.40856123604952,4.05099441027409E-06,1.76070154506189,56.5437402032284,15.0001325570908,15.0000383524426,""
129729.599340439,14.9999997740686,3.23899666994683E-06,1.40861128416615,4.04874583743354E-06,1.76076410520768,56.5437593277829,15.0001309219639,15.0000367228112,""
129745.043840408,14.9999998134126,3.23717034305827E-06,1.40866129104982,4.04646292882283E-06,1.76082661381227,56.5437950459088,15.0001319822213,15.0000377790161,""
129760.490210056,14.9999997395435,3.23532720685606E-06,1.40871128291221,4.04415900857007E-06,1.76088910364026,56.5438322788498,15.0001330426071,15.0000388353488,""
129775.934710026,14.999999725923,3.23510766985708E-06,1.40876125819963,4.04388458732135E-06,1.76095157274954,56.5437207276333,15.0001370397437,15.0000428316994,""
129791.381079674,14.9999997457095,3.23586105256895E-06,1.40881123322968,4.04482631571119E-06,1.7610140415371,56.5435956430225,15.0001410373641,15.0000468285338,""
129806.825579882,14.999999846149,3.23568160129724E-06,1.4088612023534,4.04460200162155E-06,1.76107650294175,56.5437526429262,15.0001425683155,15.000048363219,""
129822.271949291,14.9999999913483,3.23494292815655E-06,1.40891117760989,4.04367866019568E-06,1.76113897201236,56.543935253383,15.0001440994521,15.0000498980899,""
129837.716449261,14.999999999862,3.23365798454911E-06,1.40896112411547,4.04207248068639E-06,1.76120140514433,56.5439316290632,15.0001456075985,15.0000514023445,""
129853.16281867,14.9999999325258,3.2320452281288E-06,1.40901106305177,4.040056535161E-06,1.76126382881471,56.5439111364436,15.0001471159275,15.0000529067813,""
129868.60731864,14.9999999067855,3.23081786709434E-06,1.40906097075594,4.03852233386792E-06,1.76132621344492,56.5440019671415,15.0001428686258,15.0000486658002,""
129884.053688288,14.9999999041319,3.22982143792494E-06,1.40911086939153,4.03727679740617E-06,1.76138858673941,56.5441028766796,15.00013862081,15.0000444243057,""
129899.498188257,14.9999998330338,3.22803503412458E-06,1.40916073054734,4.03504379265572E-06,1.76145091318417,56.54399608686,15.0001366160573,15.0000424225894,""
129914.944557905,14.9999997239125,3.22577429025776E-06,1.40921057887264,4.0322178628222E-06,1.7615132235908,56.5438705308008,15.0001346110619,15.0000404206307,""
129930.389057875,14.9999998313897,3.22307124963513E-06,1.40926037068959,4.02883906204391E-06,1.76157546336199,56.5438256135479,15.000133788024,15.0000396024336,""
129945.835427523,15.0000000592166,3.220102219264E-06,1.4093101382358,4.02512777408001E-06,1.76163767279475,56.5437879592423,15.0001329648865,15.0000387841375,""
129961.279927492,15.0000000930896,3.21972795405251E-06,1.40935988252741,4.02465994256564E-06,1.76169985315926,56.5437268829636,15.0001282126361,15.0000340325288,""
129976.72629714,15.0000000191806,3.22091147843309E-06,1.40940962249469,4.02613934804136E-06,1.76176202811836,56.5436636907112,15.0001234598104,15.0000292803449,""
129992.17079711,14.9999999125332,3.22142621481344E-06,1.40945936895333,4.02678276851679E-06,1.76182421119167,56.543557753024,15.0001200041456,15.0000258268441,""
130007.617166758,14.999999787665,3.22153939420452E-06,1.4095091289495,4.02692424275565E-06,1.76188641118688,56.5434479605331,15.0001165480624,15.0000223729251,""
130023.061666727,14.9999998248975,3.21871464715807E-06,1.40955883972747,4.02339330894759E-06,1.76194854965934,56.543197147422,15.0001171572699,15.0000229908157,""
130038.508036375,14.999999952289,3.2141243593966E-06,1.40960853057022,4.01765544924574E-06,1.76201066321278,56.5429336503004,15.0001177665512,15.0000236087811,""
130053.952536345,15.0000000104752,3.21140691658041E-06,1.4096581557539,4.01425864572552E-06,1.76207269469237,56.5428519569047,15.0001170964209,15.0000229417574,""
130069.398905993,15.0000000301701,3.20981443165857E-06,1.40970775109755,4.01226803957321E-06,1.76213468887193,56.5427865361682,15.0001164262095,15.0000222746529,""
130084.843405962,14.999999956517,3.21010924159561E-06,1.40975733886484,4.01263655199451E-06,1.76219667358105,56.5426773092081,15.0001116905107,15.0000175365174,""
130100.289775372,14.9999998308969,3.21153863093607E-06,1.40980693168854,4.01442328867009E-06,1.76225866461068,56.5425641505906,15.0001069542386,15.0000127978084,""
130115.734275341,14.9999999155442,3.21137817646317E-06,1.40985652152786,4.01422272057896E-06,1.76232065190982,56.5425202577275,15.000103789369,15.0000096425033,""
130131.180644989,15.0000001172751,3.21026167894844E-06,1.40990611918526,4.01282709868554E-06,1.76238264898157,56.5424825430316,15.0001006241164,15.0000064868161,""
130146.625145197,15.00000015595,3.20789207034178E-06,1.4099556699485,4.00986508792722E-06,1.76244458743563,56.5423963105774,15.0001009493046,15.0000068156637,""
130162.071514606,15.000000103817,3.2047682409398E-06,1.41000520210905,4.00596030117475E-06,1.76250650263631,56.5423057421226,15.0001012745322,15.0000071445511,""
130177.516014576,15.0000001757291,3.20393461197334E-06,1.41005470340139,4.00491826496667E-06,1.76256837925173,56.5424179138562,15.0001026299861,15.0000084996741,""
130192.962384224,15.0000003167677,3.20447883476283E-06,1.41010419571809,4.00559854345354E-06,1.76263024464762,56.5425481425298,15.0001039856041,15.0000098549611,""
130208.406884193,15.0000002513948,3.20305180151996E-06,1.41015366209101,4.00381475189995E-06,1.76269207761377,56.5425876634304,15.000106492545,15.000012370088,""
130223.853253841,15.0000000709635,3.20043801683093E-06,1.41020312244126,4.00054752103867E-06,1.76275390305158,56.5426191303406,15.0001089997893,15.0000148855194,""
130239.297753811,15.000000050396,3.20107865686148E-06,1.41025257667346,4.00134832107685E-06,1.76281572084183,56.5424950169677,15.0001135756806,15.0000194551073,""
130254.744123459,15.0000001189592,3.20367883053421E-06,1.41030203681348,4.00459853816776E-06,1.76287754601685,56.5423570865745,15.0001181521257,15.0000240252485,""
130270.188623667,15.0000000846101,3.20337720315032E-06,1.41035149627695,4.0042215039379E-06,1.76293937034619,56.5422160869761,15.0001228506235,15.0000287299452,""
130285.634993076,14.9999999928531,3.20132786886181E-06,1.41040096492447,4.00165983607726E-06,1.76300120615559,56.5420747969896,15.00012754969,15.0000334352113,""
130301.079493046,15.0000000757723,3.20019486572376E-06,1.41045040223251,4.00024358215469E-06,1.76306300279064,56.5419622834449,15.0001318089671,15.0000376909852,""
130316.525862455,15.0000002561715,3.199613687699E-06,1.41049983024914,3.99951710962375E-06,1.76312478781142,56.54185229942,15.0001360687598,15.0000419472743,""
130331.970362425,15.0000001633376,3.19884425651752E-06,1.41054923817349,3.99855532064689E-06,1.76318654771686,56.5417555253267,15.0001405198552,15.0000464033408,""
130347.416732073,14.9999999179744,3.19796122731612E-06,1.41059864357473,3.99745153414515E-06,1.76324830446842,56.5416599045802,15.0001449714895,15.0000508599467,""
130362.861232042,14.9999998932314,3.19596335688222E-06,1.41064800875734,3.99495419610278E-06,1.76331001094668,56.5416412615888,15.0001491399316,15.0000550285887,""
130378.30760169,14.9999999916731,3.19329304204226E-06,1.41069735927363,3.99161630255282E-06,1.76337169909204,56.5416294002554,15.0001533088783,15.0000591977354,""
130393.75210166,14.9999999987113,3.19238898172591E-06,1.41074667963906,3.99048622715739E-06,1.76343334954882,56.5416225596683,15.0001527086028,15.0000586010478,""
130409.198471308,14.9999999546945,3.19254982458048E-06,1.41079599139404,3.99068728072559E-06,1.76349498924255,56.5416161599432,15.0001521082547,15.000058004288,""
130424.642971277,14.999999880062,3.19280932864298E-06,1.41084530180329,3.99101166080372E-06,1.76355662725411,56.5416160237822,15.0001460017549,15.0000518964736,""
130440.089340925,14.9999997883077,3.1931283958512E-06,1.41089462097097,3.991410494814E-06,1.76361827621371,56.5416164378214,15.0001398945158,15.0000457879199,""
130455.533840895,14.9999999400676,3.19131681788153E-06,1.41094390740616,3.98914602235192E-06,1.76367988425769,56.5417073754759,15.000132365559,15.0000382660712,""
130470.980210543,15.0000002279775,3.18821927491153E-06,1.4109931836575,3.98527409363942E-06,1.76374147957187,56.5418062641176,15.0001248356907,15.0000307433119,""
130486.424710512,15.0000002047746,3.18770816081452E-06,1.41104243422339,3.98463520101815E-06,1.76380304277923,56.5417412184416,15.0001223836499,15.0000282873964,""
130501.87108016,15.0000000075961,3.1887580636159E-06,1.41109167884688,3.98594757951987E-06,1.7638645985586,56.541661810472,15.0001199313123,15.0000258311835,""
130517.31558013,14.9999999737862,3.18667609664587E-06,1.41114088935766,3.98334512080734E-06,1.76392611169708,56.5417432273637,15.0001211743264,15.0000270853748,""
130532.761949778,15.0000000313571,3.18270280277501E-06,1.41119008882646,3.97837850346876E-06,1.76398761103307,56.5418387134241,15.0001224174911,15.0000283397179,""
130548.206449747,15.0000000443665,3.17980529948415E-06,1.41123922243333,3.97475662435519E-06,1.76404902804166,56.5418330829391,15.0001244984434,15.0000304236311,""
130563.652819157,15.0000000324419,3.17755696409882E-06,1.41128832580208,3.97194620512352E-06,1.76411040725259,56.5418186271172,15.0001265796477,15.0000325077965,""
130579.097319126,14.9999997908209,3.17729696329079E-06,1.41133741064322,3.97162120411349E-06,1.76417176330403,56.5419004933061,15.0001309977723,15.0000369267917,""
130594.543688774,14.9999994205702,3.17823815368154E-06,1.41138649382257,3.97279769210192E-06,1.76423311727821,56.5419907626576,15.0001354164318,15.0000413463219,""
130609.988188744,14.9999994370762,3.17954365037961E-06,1.41143559481032,3.97442956297452E-06,1.7642944935129,56.5419255044481,15.0001405954917,15.0000465217788,""
130625.434558392,14.9999996701704,3.18106956294726E-06,1.41148471609653,3.97633695368408E-06,1.76435589512067,56.5418467090229,15.0001457751786,15.0000516978622,""
130640.879058599,14.9999997641925,3.18118291027803E-06,1.41153383899706,3.97647863784754E-06,1.76441729874632,56.5419168646628,15.0001479549234,15.0000538755524,""
130656.325428009,14.9999997803232,3.18044235375861E-06,1.41158297241312,3.97555294219826E-06,1.7644787155164,56.5419999648001,15.0001501349319,15.0000560535061,""
130671.769927979,14.9999999928682,3.18005134326813E-06,1.41163209102578,3.97506417908516E-06,1.76454011378222,56.5417885669351,15.0001479080744,15.0000538279785,""
130687.216297626,15.000000315526,3.17987163074532E-06,1.41168121022813,3.97483953843165E-06,1.76460151278516,56.5415516084502,15.0001456809474,15.0000516021815,""
130702.660797596,15.0000001631808,3.17833416577962E-06,1.41173029905396,3.97291770722453E-06,1.76466287381745,56.5415053967297,15.0001423027561,15.0000482240865,""
130718.107167244,14.9999997445137,3.17597509994046E-06,1.41177937904233,3.96996887492557E-06,1.76472422380292,56.5414756893015,15.0001389241559,15.0000448455827,""
130733.551667213,14.9999996853413,3.17570931219837E-06,1.41182844002046,3.96963664024797E-06,1.76478555002557,56.5415885553114,15.0001392471591,15.000045165809,""
130748.998036861,14.9999998277686,3.17671008793781E-06,1.41187749902868,3.97088760992226E-06,1.76484687378585,56.5417137564478,15.0001395702013,15.0000454860742,""
130764.442537069,14.9999999080529,3.1744284886309E-06,1.41192652065836,3.96803561078862E-06,1.76490815082295,56.5415573065598,15.0001407458599,15.000046670544,""
130779.88890624,14.9999999534888,3.17015970510426E-06,1.41197552918743,3.96269963138032E-06,1.76496941148428,56.5413765378638,15.0001419216607,15.0000478551572,""
130795.33340621,15.0000000838436,3.16559295729821E-06,1.41202444504643,3.95699119662276E-06,1.76503055630804,56.541457603151,15.0001437953058,15.0000497383775,""
130810.779775858,15.0000002618814,3.16084491532538E-06,1.41207331430312,3.95105614415673E-06,1.7650916428789,56.5415612303173,15.0001456691776,15.0000516218258,""
130826.224275827,15.0000002573219,3.16279286450235E-06,1.41212218972289,3.95349108062794E-06,1.76515273715362,56.5415592019216,15.0001458426677,15.0000517826565,""
130841.670645475,15.0000001502461,3.16879663800061E-06,1.41217107837561,3.96099579750076E-06,1.76521384796951,56.5415480884507,15.0001460161788,15.0000519435066,""
130857.115145445,15.0000000154998,3.17029164883466E-06,1.41222000696177,3.96286456104333E-06,1.76527500870222,56.5414601825202,15.0001411464384,15.0000470804034,""
130872.561515093,14.9999998651873,3.16905535479627E-06,1.41226896925298,3.96131919349533E-06,1.76533621156623,56.5413656729862,15.0001362761084,15.0000422167115,""
130888.006015062,15.0000000103576,3.16722000499616E-06,1.41231789258506,3.9590250062452E-06,1.76539736573133,56.5413556199385,15.0001321765277,15.0000381175697,""
130903.45238471,15.0000003215682,3.16502125245248E-06,1.41236680181854,3.9562765655656E-06,1.76545850227317,56.5413528034644,15.0001280764507,15.0000340179316,""
130918.89688468,15.0000002004329,3.16093824287985E-06,1.41241563374061,3.95117280359982E-06,1.76551954217577,56.5413071271213,15.0001231723485,15.0000291254645,""
130934.343254328,14.9999998362789,3.1557121668187E-06,1.41246442829019,3.94464020852338E-06,1.76558053536273,56.5412577778132,15.0001182676527,15.0000242324052,""
130949.787754297,14.9999997957746,3.15624848432709E-06,1.41251320544187,3.94531060540886E-06,1.76564150680233,56.5411422271243,15.0001148755903,15.0000208276046,""
130965.234123945,14.9999999372327,3.16027926724782E-06,1.41256198152894,3.95034908405977E-06,1.76570247691118,56.5410210067026,15.0001114831172,15.0000174223919,""
130980.678623915,15.000000146031,3.16081787354912E-06,1.41261077527479,3.9510223419364E-06,1.76576346909348,56.5409976383523,15.0001148587194,15.0000208043472,""
130996.124993324,15.0000003927442,3.15923824143674E-06,1.41265958922158,3.94904780179593E-06,1.76582448652698,56.5409826109518,15.0001182347302,15.0000241867119,""
131011.569493532,15.0000004036793,3.15753720835951E-06,1.41270836501691,3.94692151044939E-06,1.76588545627114,56.5410473814919,15.0001265289177,15.0000324854527,""
131027.015862942,15.0000002819554,3.15576218011464E-06,1.41275712714762,3.9447027251433E-06,1.76594640893453,56.5411189536767,15.000134824109,15.0000407851979,""
131042.460362911,15.0000003160825,3.15468203182138E-06,1.41280585998808,3.94335253977672E-06,1.7660073249851,56.5412083385545,15.0001446900058,15.0000506522395,""
131057.906732559,15.0000004379379,3.15402344800295E-06,1.41285458452997,3.94252931000369E-06,1.76606823066247,56.541299249015,15.000154557097,15.0000605204755,""
131073.351232529,15.0000004309177,3.15201856481319E-06,1.41290326972052,3.94002320601648E-06,1.76612908715065,56.5413345540175,15.0001580897205,15.0000640594532,""
131088.797602177,15.0000003513316,3.14919586734918E-06,1.41295194049055,3.93649483418648E-06,1.76618992561318,56.5413651458545,15.0001616227717,15.0000675988594,""
131104.242102146,15.0000000946731,3.14860007075352E-06,1.41300058551738,3.9357500884419E-06,1.76625073189672,56.5413227526226,15.0001574644093,15.0000634370903,""
131119.688471794,14.9999997382274,3.14935667287147E-06,1.41304922437449,3.93669584108933E-06,1.76631153046811,56.5412741718591,15.0001533055435,15.0000592748173,""
131135.132972002,14.9999997895134,3.14852988129533E-06,1.41309784742707,3.93566235161916E-06,1.76637230928383,56.5413481106536,15.0001475399941,15.0000535108998,""
131150.579341412,15.0000000705533,3.14674095074778E-06,1.41314647033809,3.93342618843473E-06,1.76643308792261,56.5414324193307,15.0001417737469,15.0000477462847,""
131166.023841381,15.000000040695,3.14648639172752E-06,1.41319507669141,3.9331079896594E-06,1.76649384586427,56.5414608767919,15.0001367723638,15.0000427456148,""
131181.470211029,14.9999998355859,3.14716426853038E-06,1.41324368244185,3.93395533566298E-06,1.76655460305231,56.5414846231966,15.0001317703751,15.0000377443395,""
131196.914710999,14.9999998102273,3.14773917868069E-06,1.41329229374178,3.93467397335086E-06,1.76661536717723,56.5415511809483,15.0001303584041,15.0000363281833,""
131212.361080647,14.9999998862212,3.14825160521642E-06,1.41334091787764,3.93531450652053E-06,1.76667614734705,56.5416213553481,15.0001289462621,15.0000349118557,""
131227.805580854,14.9999998791551,3.14782689051867E-06,1.41338953149709,3.93478361314834E-06,1.76673691437137,56.5417926316809,15.0001294902374,15.0000354559659,""
131243.251950026,14.999999825235,3.1468322086389E-06,1.41343814818253,3.93354026079862E-06,1.76679768522817,56.5419724364296,15.0001300342785,15.0000360001421,""
131258.696449995,14.9999998102225,3.14471673657619E-06,1.41348672256776,3.93089592072024E-06,1.7668584032097,56.5419332359626,15.0001319938101,15.0000379662371,""
131274.142819643,14.9999998171622,3.14191907717528E-06,1.41353528067819,3.9273988464691E-06,1.76691910084774,56.5418756360752,15.000133953579,15.0000399325701,""
131289.587319613,14.9999998855918,3.13963065995386E-06,1.41358378704727,3.92453832494233E-06,1.76697973380909,56.5419010170077,15.0001324590399,15.0000384394425,""
131305.03368926,14.9999999887448,3.13765166502455E-06,1.4136322713775,3.92206458128068E-06,1.76704033922188,56.5419333590377,15.0001309643199,15.0000369461341,""
131320.47818923,14.9999999168251,3.13727570945116E-06,1.41368073659715,3.92159463681395E-06,1.76710092074644,56.5420187596503,15.00013236654,15.0000383483328,""
131335.924558878,14.9999997460289,3.13787541488436E-06,1.41372919962288,3.92234426860545E-06,1.7671614995286,56.5421086127729,15.0001337689298,15.0000397507013,""
131351.369058847,15.000000005107,3.13693839990956E-06,1.41377764456103,3.92117299988695E-06,1.76722205570129,56.5423218676085,15.0001366315255,15.0000426175133,""
131366.815428495,15.0000005070704,3.13506554399054E-06,1.41382608792167,3.91883192998817E-06,1.76728260990209,56.5425454623053,15.0001394944677,15.0000454846724,""
131382.259928465,15.0000005172272,3.13316078659065E-06,1.41387448897004,3.91645098323832E-06,1.76734311121255,56.5424645067286,15.0001374074916,15.0000434005085,""
131397.706298113,15.0000002494633,3.13123622835979E-06,1.41392287367583,3.91404528544973E-06,1.76740359209479,56.5423581345074,15.0001353202629,15.0000413160923,""
131413.150798082,15.0000000319374,3.13099584553184E-06,1.41397124159471,3.91374480691481E-06,1.76746405199339,56.5423832777762,15.0001296564434,15.0000356508577,""
131428.59716773,14.9999998427702,3.13178149306786E-06,1.41401960870888,3.91472686633483E-06,1.7675245108861,56.5424193768701,15.0001239919383,15.0000299849373,""
131444.0416677,14.9999998896512,3.13212540027596E-06,1.41406797822502,3.91515675034495E-06,1.76758497278128,56.5424977846568,15.0001191899689,15.0000251835988,""
131459.488037109,15.0000000700297,3.13220016219174E-06,1.41411635862834,3.91525020273967E-06,1.76764544828542,56.5425797201551,15.0001143874182,15.0000203816792,""
131474.932537317,15.0000001558057,3.13098511634721E-06,1.41416471468945,3.91373139543401E-06,1.76770589336181,56.5425151678947,15.0001097671483,15.0000157625941,""
131490.378906727,15.0000001880794,3.1289835344158E-06,1.4142130653311,3.91122941801975E-06,1.76776633166387,56.5424384493687,15.0001051463192,15.0000111429501,""
131505.823406696,15.0000000931557,3.12658817730009E-06,1.4142613656297,3.90823522162512E-06,1.76782670703713,56.5425253132832,15.0001017354627,15.0000077382902,""
131521.269776344,14.9999999262297,3.12395222341393E-06,1.41430964464072,3.90494027926741E-06,1.7678870558009,56.5426257419453,15.0000983241933,15.0000043332181,""
131536.714276314,14.9999997601296,3.12208756699868E-06,1.41435787914512,3.90260945874835E-06,1.7679473489314,56.5426581869647,15.0000979311225,15.0000039454692,""
131552.160645962,14.9999995944655,3.12069304216163E-06,1.41440609590136,3.90086630270204E-06,1.7680076198767,56.5426850132099,15.0000975380041,15.0000035576734,""
131567.605145931,14.9999995808805,3.12074294593054E-06,1.41445430237824,3.90092868241317E-06,1.7680678779728,56.5426749179611,15.0000976623807,15.0000036806462,""
131583.051515579,14.9999996534207,3.12167424157881E-06,1.41450251197945,3.90209280197351E-06,1.76812813997431,56.5426617727972,15.0000977867724,15.0000038036339,""
131598.496015787,14.9999997160205,3.12083785457002E-06,1.41455070630695,3.90104731821252E-06,1.76818838288368,56.542678738243,15.0000984513443,15.0000044710848,""
131613.942385197,14.9999997730005,3.11892233917688E-06,1.41459890070515,3.89865292397111E-06,1.76824862588143,56.5426981878605,15.0000991159967,15.0000051386166,""
131629.386885166,14.9999998615961,3.11877797249027E-06,1.41464707988751,3.89847246561284E-06,1.76830884985939,56.5425871532791,15.0001038285111,15.0000098483441,""
131644.833254814,14.9999999681264,3.11971499497756E-06,1.41469525917266,3.89964374372195E-06,1.76836907396582,56.5424653671381,15.000108541596,15.0000145586417,""
131660.277754784,14.9999999461058,3.11929604679061E-06,1.41474342965194,3.89912005848826E-06,1.76842928706493,56.542471441306,15.0001160491766,15.0000220674844,""
131675.724124432,14.9999998511991,3.1180488390544E-06,1.41479160414596,3.897561048818E-06,1.76848950518245,56.542488019244,15.0001235576659,15.000029577236,""
131691.168624401,14.9999999231426,3.11925864641113E-06,1.41483978684368,3.89907330801391E-06,1.7685497335546,56.5424443823617,15.0001300032831,15.0000360125043,""
131706.614993811,15.0000000897297,3.12196981224986E-06,1.41488798394925,3.90246226531232E-06,1.76860997993657,56.5423958020053,15.0001364496805,15.0000424485515,""
131722.05949378,15.0000000566778,3.12396989160018E-06,1.41493621622075,3.90496236450023E-06,1.76867027027594,56.5424480843447,15.0001419618035,15.000047955113,""
131737.505863428,14.9999999103523,3.12553578496209E-06,1.41498447939053,3.90691973120261E-06,1.76873059923816,56.5425086302243,15.0001474745937,15.0000534623411,""
131752.950363398,14.9999998038526,3.12358064634242E-06,1.41503271235264,3.90447580792803E-06,1.7687908904408,56.5424652969681,15.0001528484802,15.0000588407597,""
131768.396733046,14.9999997199366,3.11947260066273E-06,1.41508093625633,3.89934075082842E-06,1.76885117032041,56.5424134691334,15.0001582230173,15.0000642198294,""
131783.841233015,14.9999999433693,3.11729697890439E-06,1.415129105424,3.89662122363048E-06,1.76891138178,56.5424195921045,15.000160779128,15.0000667731782,""
131799.287602663,15.0000003413485,3.11630265591871E-06,1.41517725051651,3.89537831989839E-06,1.76897156314563,56.5424304433542,15.0001633355482,15.000069326836,""
131814.732102633,15.0000002718921,3.11450583591088E-06,1.41522535832809,3.8931322948886E-06,1.76903169791011,56.5425467167152,15.0001588130703,15.0000648088427,""
131830.178472281,14.9999999369297,3.11221776672054E-06,1.41527345272077,3.89027220840068E-06,1.76909181590096,56.5426715904342,15.000154290045,15.0000602903025,""
131845.62297225,14.9999999396914,3.10950808761301E-06,1.41532149093014,3.88688510951627E-06,1.76915186366267,56.5424810659221,15.0001464358968,15.0000524445876,""
131861.069341898,15.0000001343425,3.10653989493521E-06,1.41536950413459,3.88317486866902E-06,1.76921188016824,56.5422648763993,15.0001385807977,15.0000445979228,""
131876.513841867,15.0000000203479,3.10540016414609E-06,1.41541748289269,3.88175020518261E-06,1.76927185361586,56.5422148782271,15.000131502954,15.0000375169965,""
131891.960211515,14.9999997309009,3.10537940192394E-06,1.41546544992975,3.88172425240492E-06,1.76933181241219,56.5421783603971,15.0001244242535,15.000030435213,""
131907.404711485,14.9999997969728,3.10642378912803E-06,1.41551342721522,3.88302973641004E-06,1.76939178401902,56.5422683159938,15.0001261865143,15.0000321955583,""
131922.851080894,15.000000065203,3.10812055459782E-06,1.41556142013908,3.88515069324728E-06,1.76945177517385,56.542368529134,15.0001279489885,15.0000339561166,""
131938.295580864,15.0000001410188,3.1093335827147E-06,1.41560943228875,3.88666697839337E-06,1.76951179036093,56.5423674543553,15.0001348794529,15.0000408796061,""
131953.741950512,15.0000001074038,3.11025057067452E-06,1.41565746558539,3.88781321334315E-06,1.76957183198173,56.542358188298,15.0001418107564,15.0000478039338,""
131969.18645072,15.000000109547,3.10855095402718E-06,1.41570547021788,3.88568869253397E-06,1.76963183777234,56.542414749263,15.0001465004332,15.0000524993772,""
131984.632820129,15.0000001320371,3.10524790340053E-06,1.41575346665865,3.88155987925067E-06,1.76969183332331,56.5424766317392,15.0001511906777,15.0000571953889,""
132000.077320099,15.0000000948404,3.10373707486136E-06,1.41580142170933,3.8796713435767E-06,1.76975177713666,56.5424969395331,15.0001508879726,15.0000568923377,""
132015.523689747,15.0000000236622,3.10332432451617E-06,1.41584936075658,3.87915540564521E-06,1.76981170094573,56.5425138996015,15.0001505852308,15.0000565892498,""
132030.968189716,14.9999999996334,3.10174460864931E-06,1.41589726807165,3.87718076081164E-06,1.76987158508956,56.542505869613,15.0001462887894,15.0000522958496,""
132046.414559364,15.0000000024477,3.09944918088255E-06,1.41594516528838,3.87431147610319E-06,1.76993145661048,56.5424958282308,15.0001419918279,15.0000480019297,""
132061.859059334,14.9999999612061,3.09827447467076E-06,1.41599303006383,3.87284309333845E-06,1.76999128757979,56.5426306865628,15.0001391879391,15.0000451988415,""
132077.305428982,14.9999998948614,3.09778680623782E-06,1.41604088429286,3.87223350779728E-06,1.77005110536608,56.5427771986214,15.0001363837109,15.0000423954139,""
132092.74992919,15.0000000432373,3.09589346760729E-06,1.41608870168113,3.86986683450911E-06,1.77011087710141,56.5426924603021,15.0001361807665,15.0000422008579,""
132108.196298599,15.0000003139955,3.09313748345375E-06,1.41613650580796,3.86642185431718E-06,1.77017063225996,56.5425891731371,15.0001359777975,15.0000420062783,""
132123.640798569,15.0000002394857,3.09074435868729E-06,1.41618425699302,3.86343044835911E-06,1.77023032124127,56.5426834543215,15.0001373430154,15.0000433731568,""
132139.087167978,14.999999968147,3.08857342333212E-06,1.41623198501865,3.86071677916515E-06,1.77028998127331,56.5427935576387,15.0001387083985,15.0000447402007,""
132154.531667948,14.9999998241578,3.08723983461138E-06,1.41627967864579,3.85904979326422E-06,1.77034959830724,56.5427683748196,15.0001409698232,15.0000470039816,""
132169.978037596,14.9999997527612,3.08641995544514E-06,1.41632736047604,3.85802494430642E-06,1.77040920059505,56.5427323819441,15.0001432315217,15.0000492680367,""
132185.422537565,14.999999843205,3.08776971166974E-06,1.41637505435476,3.85971213958717E-06,1.77046881794345,56.5426196002936,15.0001449257181,15.0000509628871,""
132200.868907213,15.0000000259875,3.09045188488099E-06,1.41642276495,3.86306485610123E-06,1.77052845618751,56.5425006807919,15.0001466201197,15.0000526579426,""
132216.313407183,14.9999999304825,3.09088689210913E-06,1.41647048639012,3.86360861513641E-06,1.77058810798765,56.5425308933332,15.0001472505702,15.0000532862857,""
132231.759776831,14.9999996761535,3.08994179892111E-06,1.4165182238163,3.86242724865139E-06,1.77064777977037,56.5425729805167,15.0001478810969,15.0000539147049,""
132247.2042768,14.9999998542417,3.08794958015488E-06,1.41656592120586,3.8599369751936E-06,1.77070740150732,56.5425091005623,15.0001448837121,15.0000509254214,""
132262.650646448,15.0000002792133,3.08531363895328E-06,1.41661360331938,3.8566420486916E-06,1.77076700414923,56.5424367923799,15.0001418859645,15.0000479357761,""
132278.095146418,15.0000003824707,3.08082876311848E-06,1.4166612006697,3.8510359538981E-06,1.77082650083712,56.5425027025949,15.0001384261068,15.0000444880659,""
132293.541516066,15.0000003020276,3.07520670937811E-06,1.41670875523023,3.84400838672264E-06,1.77088594403779,56.5425795844109,15.0001349658303,15.0000410399382,""
132308.986016035,15.0000002275394,3.07132294738804E-06,1.41675622333128,3.83915368423504E-06,1.7709452791641,56.5426764330922,15.0001334207328,15.0000395055059,""
132324.432385683,15.0000001564388,3.06850706130353E-06,1.41680364755939,3.83563382662941E-06,1.77100455944924,56.542774875311,15.0001318754483,15.0000379708878,""
132339.876885653,15.0000000269549,3.0692075966223E-06,1.41685106649869,3.83650949577787E-06,1.77106383312336,56.5428399418704,15.0001305869846,15.0000366753833,""
132355.323255301,14.9999998640814,3.0720707010441E-06,1.41689849145614,3.84008837630513E-06,1.77112311432017,56.5429023791017,15.0001292983649,15.000035379722,""
132370.76775527,14.9999997849901,3.07474905332595E-06,1.41694596257925,3.84343631665743E-06,1.77118245322407,56.5430725799791,15.0001294822272,15.0000355632613,""
132386.21412468,14.9999997537807,3.07731428018753E-06,1.41699347138198,3.84664285023441E-06,1.77124183922747,56.5432513049387,15.0001296661118,15.0000357468227,""
132401.658624649,14.9999997923823,3.07768399594643E-06,1.41704098957975,3.84710499493304E-06,1.77130123697469,56.5432344853168,15.0001325036093,15.0000385820821,""
132417.104994297,14.9999998709157,3.07670281040448E-06,1.41708852285031,3.84587851300559E-06,1.77136065356289,56.5432022638417,15.0001353414504,15.0000414176847,""
132432.549494267,15.0000000827067,3.07514403582344E-06,1.4171360226841,3.84393004477929E-06,1.77142002835513,56.5431794820716,15.0001348983798,15.0000409787939,""
132447.995863914,15.0000003707746,3.07322943565297E-06,1.41718351122635,3.84153679456621E-06,1.77147938903294,56.5431574393991,15.0001344552557,15.0000405398499,""
132463.440364122,15.0000002751434,3.0702785312454E-06,1.4172309414087,3.83784816405675E-06,1.77153867676088,56.5431710734657,15.0001306760752,15.0000367711028,""
132478.886733532,14.9999999599012,3.06668898022645E-06,1.41727834493311,3.83336122528306E-06,1.77159793116638,56.5431875089012,15.0001268964373,15.0000330018996,""
132494.331233501,14.999999848275,3.06537140295474E-06,1.41732570919187,3.83171425369342E-06,1.77165713648984,56.5431278066977,15.0001301324868,15.0000362319031,""
132509.777603149,14.9999998531999,3.06545289373289E-06,1.41737305853151,3.83181611716612E-06,1.77171632316438,56.5430621328227,15.0001333689281,15.0000394622976,""
132525.222103119,14.9999998666862,3.06398149028265E-06,1.41742037971149,3.82997686285331E-06,1.77177547463936,56.5430479153165,15.0001399631582,15.0000460651741,""
132540.668472767,14.9999998850784,3.06155306290418E-06,1.41746769280034,3.82694132863022E-06,1.77183461600043,56.5430377193008,15.0001465581865,15.0000526688499,""
132556.112972975,14.9999999842618,3.06077867847927E-06,1.41751497929811,3.82597334809909E-06,1.77189372412264,56.5429674988016,15.0001478643949,15.0000539771575,""
132571.559342384,15.0000001297515,3.06102351245271E-06,1.41756225865845,3.82627939056588E-06,1.77195282332306,56.542892584303,15.0001491707615,15.0000552856234,""
132587.003842354,15.0000001196957,3.06184718002698E-06,1.41760954591616,3.82730897503372E-06,1.77201193239519,56.5428750499599,15.0001426787935,15.0000487895566,""
132602.450211763,15.0000000204898,3.06302784873358E-06,1.41765684729481,3.82878481091697E-06,1.77207105911851,56.5428619837082,15.0001361860397,15.0000422927036,""
132617.894711733,14.9999999870446,3.06430438600777E-06,1.41770416698961,3.83038048250971E-06,1.77213020873702,56.5428877006326,15.0001313808395,15.000037483669,""
132633.341081381,14.999999991296,3.0656402926023E-06,1.41775150724002,3.83205036575288E-06,1.77218938405002,56.5429164369825,15.0001265750576,15.0000326740523,""
132648.78558135,15.0000000081723,3.06429013746859E-06,1.4177988257947,3.83036267183574E-06,1.77224853224337,56.5428710656233,15.0001255705867,15.0000316749234,""
132664.231950998,15.0000000322927,3.06128278407864E-06,1.41784614022794,3.82660348009829E-06,1.77230767528492,56.5428199355947,15.0001245659943,15.0000306756735,""
132679.676450968,15.0000000288608,3.05819328459838E-06,1.41789339021451,3.82274160574797E-06,1.77236673776814,56.5429567707901,15.0001245766781,15.0000306898412,""
132695.122820616,15.0000000096202,3.05505249166582E-06,1.41794060968348,3.81881561458227E-06,1.77242576210435,56.543108188571,15.0001245873633,15.0000307040106,""
132710.567320585,14.9999999135876,3.05436691346109E-06,1.41798780136731,3.81795864182636E-06,1.77248475170914,56.5430044603313,15.0001259332131,15.000032046804,""
132726.013690233,14.9999997734613,3.0551966736176E-06,1.41803498514007,3.818995842022E-06,1.77254373142508,56.5428809840872,15.0001272792259,15.00003338976,""
132741.458190203,14.9999998649572,3.05284852251928E-06,1.41808212996303,3.8160606531491E-06,1.77260266245379,56.5429976240713,15.0001289243288,15.0000350453991,""
132756.904559851,15.0000000894604,3.04853774867402E-06,1.41812925996805,3.81067218584253E-06,1.77266157496007,56.5431328175163,15.0001305696309,15.0000367012385,""
132772.34905982,15.0000002198792,3.04615943182756E-06,1.41817633179574,3.80769928978445E-06,1.77272041474468,56.5431395011639,15.000131766266,15.0000379028411,""
132787.795429468,15.0000002962834,3.04497419154983E-06,1.41822337690933,3.80621773943728E-06,1.77277922113666,56.5431362820924,15.000132963046,15.0000391045891,""
132803.239929438,15.0000000750928,3.04540181779181E-06,1.41827041860933,3.80675227223976E-06,1.77283802326166,56.5430486247796,15.0001355404443,15.0000416783484,""
132818.686299086,14.9999996828677,3.04682599052579E-06,1.41831746741347,3.80853248815724E-06,1.77289683426683,56.5429544606721,15.0001381181546,15.0000442524193,""
132834.130799055,14.9999996763702,3.04748859757041E-06,1.41836452594999,3.80936074696302E-06,1.77295565743749,56.5429613672687,15.0001407799154,15.0000469143447,""
132849.577168465,14.9999998915831,3.04768067725358E-06,1.41841159971804,3.80960084656698E-06,1.77301449964755,56.5429760353871,15.0001434419985,15.0000495765924,""
132865.021668434,14.9999999843354,3.04739016663477E-06,1.41845866400153,3.80923770829347E-06,1.77307333000191,56.5428987861139,15.0001415516637,15.0000476866464,""
132880.468038082,15.0000000066911,3.04680125975053E-06,1.41850573164091,3.80850157468817E-06,1.77313216455114,56.5428144818776,15.0001396611001,15.0000457964715,""
132895.912538052,14.9999999822166,3.04619756958225E-06,1.41855278211391,3.80774696197782E-06,1.77319097764238,56.5428151986707,15.000135179716,15.0000413156148,""
132911.3589077,14.9999999308006,3.04558461921739E-06,1.4185998311894,3.80698077402174E-06,1.77324978898675,56.5428224199597,15.0001306977894,15.0000368342156,""
132926.803407907,15.0000000378611,3.04327887567587E-06,1.4186468367254,3.80409859459483E-06,1.77330854590675,56.5428723378896,15.0001246419437,15.0000307843131,""
132942.249777317,15.0000002361312,3.03992553955642E-06,1.4186938245369,3.79990692444552E-06,1.77336728067112,56.5429255227744,15.0001185853651,15.0000247336783,""
132957.694277287,15.000000169091,3.03738046255586E-06,1.41874075515398,3.79672557819482E-06,1.77342594394248,56.5429997184125,15.0001131278969,15.000019280353,""
132973.140646935,14.9999999493207,3.03533502092422E-06,1.41878765957669,3.79416877615528E-06,1.77348457447086,56.5430755252191,15.0001076697681,15.0000138263676,""
132988.585146904,14.9999999924437,3.03567200539699E-06,1.41883455609219,3.79459000674624E-06,1.77354319511524,56.5429526575587,15.0001094621849,15.0000156161552,""
133004.031516552,15.0000001869556,3.0374837090539E-06,1.41888145690458,3.79685463631737E-06,1.77360182113073,56.5428146581889,15.0001112548186,15.0000174061594,""
133019.476016521,15.0000000727428,3.03701144665532E-06,1.41892835132649,3.79626430831915E-06,1.77366043915812,56.5429396110206,15.0001177142365,15.0000238708487,""
133034.922386169,14.9999997806723,3.03512494429998E-06,1.41897525098354,3.79390618037498E-06,1.77371906372943,56.5430845494035,15.0001241744364,15.0000303363205,""
133050.366886377,14.9999998762317,3.03361265178005E-06,1.419022114757,3.79201581472506E-06,1.77377764344626,56.5431683341702,15.000132319983,15.0000384825227,""
133065.813255548,15.0000001951774,3.032331831581E-06,1.41906896549014,3.79041478947625E-06,1.77383620686268,56.5432474942476,15.0001404665153,15.0000466297107,""
133081.257755518,15.0000001930608,3.03301355003399E-06,1.41911581643673,3.79126693754249E-06,1.77389477054591,56.5432482565397,15.0001465781674,15.0000527376634,""
133096.704125166,15.0000000058678,3.0349112869651E-06,1.41916267670021,3.79363910870637E-06,1.77395334587526,56.5432430871638,15.0001526905593,15.0000588463556,""
133112.148625135,14.9999999104277,3.03410387971302E-06,1.41920952570112,3.79262984964128E-06,1.7740119071264,56.543113734338,15.0001543589711,15.0000605144334,""
133127.594994783,14.9999998678793,3.03161983090364E-06,1.41925637690843,3.78952478862955E-06,1.77407047113553,56.5429749860408,15.0001560275849,15.0000621827131,""
133143.039494753,14.9999999786081,3.02830632378864E-06,1.41930316226331,3.7853829047358E-06,1.77412895282913,56.5429867360973,15.0001516954992,15.0000578622987,""
133158.485864401,15.0000001777782,3.0244779599663E-06,1.41934991596909,3.78059744995787E-06,1.77418739496136,56.5430098326051,15.000147362889,15.0000535413613,""
133173.93036437,15.0000001198131,3.02404302546578E-06,1.41939664343419,3.78005378183223E-06,1.77424580429274,56.5430474990098,15.0001447591961,15.0000509315953,""
133189.376734018,14.9999999134514,3.02571234947736E-06,1.41944336379145,3.7821404368467E-06,1.77430420473931,56.5430862665916,15.0001421551879,15.0000483215134,""
133204.821233988,14.9999998863598,3.02587818082321E-06,1.41949008709621,3.78234772602902E-06,1.77436260887026,56.5430918914448,15.0001439355145,15.0000501057264,""
133220.267603636,14.9999999627522,3.02511140534839E-06,1.41953682139423,3.78138925668549E-06,1.77442102674279,56.5430950279297,15.0001457160566,15.0000518901554,""
133235.712103605,14.999999994126,3.02438838376703E-06,1.41958353609437,3.78048547970878E-06,1.77447942011796,56.5432231459859,15.0001469417462,15.0000531141767,""
133251.158473253,14.9999999995081,3.02369236996E-06,1.41963024779814,3.77961546245E-06,1.77453780974768,56.5433606496524,15.0001481675841,15.0000543383463,""
133266.602973223,14.9999999514395,3.02093375128949E-06,1.41967690872244,3.77616718911186E-06,1.77459613590305,56.5432978781533,15.0001456585688,15.0000518398961,""
133282.049342632,14.9999998724836,3.01689433346515E-06,1.41972354728201,3.77111791683144E-06,1.77465443410252,56.5432201133622,15.0001431492499,15.0000493411435,""
133297.49384284,14.9999999759076,3.01648760016492E-06,1.41977015932414,3.77060950020615E-06,1.77471269915517,56.5431863020424,15.0001403554016,15.0000465386931,""
133312.94021225,15.0000001847493,3.01833629151008E-06,1.41981676404575,3.7729203643876E-06,1.77477095505719,56.543155768897,15.0001375612152,15.0000437359035,""
133328.384712219,15.0000001764021,3.01776832046429E-06,1.41986336102769,3.77221040058036E-06,1.77482920128461,56.5431084045686,15.000134915914,15.0000411032371,""
133343.831081867,15.0000000424937,3.01569928703053E-06,1.41990996234662,3.76962410878816E-06,1.77488745293328,56.5430597794306,15.0001322702924,15.0000384702521,""
133359.275581837,14.9999998135333,3.01144135913623E-06,1.41995648479241,3.76430169892029E-06,1.77494560599051,56.5432047047374,15.0001339989792,15.0000402095975,""
133374.721951485,14.9999995295586,3.00582268666701E-06,1.42000296736703,3.75727835833376E-06,1.77500370920879,56.5433640496915,15.0001357278752,15.0000419491535,""
133390.166451454,14.9999996438505,3.00590547706754E-06,1.42004942533634,3.75738184633443E-06,1.77506178167043,56.5432740461267,15.0001413027048,15.0000475127017,""
133405.612821102,14.9999999885729,3.00953156606241E-06,1.42009587713352,3.76191445757801E-06,1.7751198464169,56.5431655133368,15.0001468782094,15.0000530769234,""
133421.05732131,14.9999999994192,3.0120388705088E-06,1.42014237510196,3.76504858813599E-06,1.77517796887745,56.5430172876296,15.0001483306094,15.0000545294239,""
133436.50369072,14.9999998170411,3.01385116190149E-06,1.42018891089965,3.76731395237686E-06,1.77523613862456,56.5428661004579,15.0001497831852,15.0000559821001,""
133451.948190689,14.9999998385788,3.01285345062124E-06,1.42023543218044,3.76606681327654E-06,1.77529429022555,56.5429341468952,15.000150791777,15.0000569993202,""
133467.394560337,14.9999999781767,3.01010813225914E-06,1.42028195356731,3.76263516532392E-06,1.77535244195914,56.5430184220215,15.0001518004909,15.0000580166635,""
133482.839060307,15.0000000818872,3.00702823921318E-06,1.42032841187164,3.75878529901647E-06,1.77541051483955,56.5428539038325,15.0001504946854,15.0000567113805,""
133498.285429955,15.0000001648334,3.00373962038511E-06,1.42037484005832,3.75467452548139E-06,1.7754685500729,56.5426709921964,15.0001491887219,15.0000554059395,""
133513.729929924,15.0000001270451,3.00257690347127E-06,1.42042123283873,3.75322112933909E-06,1.77552654104841,56.5427969964571,15.0001473234306,15.0000535430055,""
133529.176299334,15.0000000193006,3.00273677746005E-06,1.42046761269809,3.75342097182506E-06,1.77558451587262,56.5429457857678,15.0001454579136,15.000051679846,""
133544.620799303,15.0000000076285,3.00173765736662E-06,1.42051397208641,3.75217207170827E-06,1.77564246510801,56.5428798795618,15.0001439466332,15.0000501710391,""
133560.067168951,15.000000051635,3.00001694632746E-06,1.4205603278378,3.75002118290932E-06,1.77570040979725,56.5427981705891,15.0001424351698,15.0000486620496,""
133575.511668921,15.0000001735416,2.99923444166628E-06,1.42060665971103,3.74904305208284E-06,1.77575832463878,56.5430116861431,15.0001383350812,15.0000445657519,""
133590.958038568,15.0000003406364,2.99903593349637E-06,1.42065298581816,3.74879491687046E-06,1.7758162322727,56.5432469066217,15.0001342344963,15.0000404689584,""
133606.402538538,15.0000003687961,2.99695503190816E-06,1.42069927346366,3.7461937898852E-06,1.77587409182958,56.5433859092833,15.0001294692224,15.0000357101677,""
133621.848908186,15.0000003163805,2.99370133463841E-06,1.42074554624803,3.74212666829801E-06,1.77593193281004,56.5435178785282,15.0001247033717,15.0000309508009,""
133637.293408155,15.0000001997269,2.99082815573865E-06,1.42079175738016,3.73853519467331E-06,1.7759896967252,56.5435139088498,15.0001229001174,15.0000291534031,""
133652.739777803,15.0000000457803,2.988191479034E-06,1.42083793918182,3.73523934879249E-06,1.77604742397727,56.5434999951077,15.0001210966448,15.0000273557878,""
133668.184277773,15.0000000808138,2.98712914616127E-06,1.42088408953199,3.73391143270158E-06,1.77610511191499,56.5435723193422,15.0001223336576,15.0000285967203,""
133683.630647421,15.0000002255392,2.98704773994689E-06,1.42093022935014,3.73380967493361E-06,1.77616278668767,56.5436509490158,15.0001235708202,15.0000298378032,""
133699.07514739,15.0000002748798,2.9862940861803E-06,1.42097635165077,3.73286760772537E-06,1.77622043956346,56.5437311544606,15.0001237518609,15.0000300232169,""
133714.521517038,15.000000268848,2.98512120813057E-06,1.42102247209524,3.73140151016321E-06,1.77627809011905,56.5438114851463,15.0001239329236,15.0000302086531,""
133729.966017008,15.0000002684451,2.98418806675796E-06,1.42106856834428,3.73023508344745E-06,1.77633571043035,56.5439771381084,15.0001201710659,15.0000264521268,""
133745.412386417,15.0000002713115,2.98340423902742E-06,1.42111465856476,3.72925529878428E-06,1.77639332320596,56.5441490179929,15.000116408753,15.0000226951458,""
133760.856886625,15.0000002323291,2.98453634997491E-06,1.42116075788958,3.73067043746864E-06,1.77645094736197,56.5442658356376,15.0001117561783,15.0000180384239,""
133776.303256035,15.0000001690237,2.98686381047564E-06,1.42120687195301,3.73357976309455E-06,1.77650858994126,56.5443786714868,15.0001071030405,15.0000133811383,""
133791.747756004,15.0000001353885,2.98779973769136E-06,1.42125300321477,3.7347496721142E-06,1.77656625401846,56.5443742851257,15.0001081130552,15.0000143868995,""
133807.194125652,15.0000001189923,2.98786756760872E-06,1.42129915427657,3.73483445951089E-06,1.77662394284571,56.5443614053755,15.0001091231923,15.0000153927824,""
133822.638625622,15.0000000548337,2.98595237436359E-06,1.42134527041242,3.73244046795449E-06,1.77668158801553,56.5445722118384,15.000113719582,15.0000199968502,""
133838.08499527,14.9999999628912,2.98279906588439E-06,1.42139137381592,3.72849883235549E-06,1.7767392172699,56.5447992207262,15.0001183165282,15.0000246014754,""
133853.529495239,14.9999999466919,2.97952143775779E-06,1.42143740975059,3.72440179719724E-06,1.77679676218824,56.5446277101978,15.0001188680342,15.0000251592667,""
133868.975864887,14.9999999745463,2.97616554481614E-06,1.42148341261297,3.72020693102017E-06,1.77685426576621,56.5444274153837,15.0001194196071,15.0000257171255,""
133884.420365095,14.9999998737685,2.97526217827632E-06,1.42152938397629,3.7190777228454E-06,1.77691172997036,56.5445251257888,15.0001167971592,15.0000230902163,""
133899.866734505,14.9999996981244,2.9758903687071E-06,1.42157534470586,3.71986296088387E-06,1.77696918088232,56.5446443151037,15.0001141743939,15.0000204629891,""
133915.311234474,14.9999997820925,2.97367123429072E-06,1.4216212678369,3.71708904286339E-06,1.77702658479613,56.5445978796086,15.0001105486323,15.0000168558095,""
133930.757604122,15.0000000171913,2.96967280583022E-06,1.42166717651049,3.71209100728778E-06,1.77708397063811,56.544539530663,15.0001069224317,15.0000132481932,""
133946.202104092,15.0000001172294,2.968892071464E-06,1.42171305331459,3.71111508933E-06,1.77714131664324,56.5446142354497,15.0001013640333,15.0000076798532,""
133961.64847374,15.0000001386428,2.97012204987478E-06,1.4217589192267,3.71265256234348E-06,1.77719864903337,56.5446984971857,15.000095804962,15.0000021108391,""
133977.092973709,14.9999999440398,2.97172671833607E-06,1.42180480875451,3.71465839792008E-06,1.77725601094314,56.5445119894826,15.000094863721,15.0000011712866,""
133992.539343119,14.9999996235708,2.97356593375093E-06,1.42185072207268,3.71695741718866E-06,1.77731340259085,56.5443060662013,15.0000939223662,15.0000002316205,""
134007.983843088,14.9999996382486,2.97372419114853E-06,1.42189663882648,3.71715523893566E-06,1.77737079853311,56.5442787988769,15.0000992319428,15.0000055411372,""
134023.430212736,14.9999998482213,2.97283133154461E-06,1.42194256676277,3.71603916443076E-06,1.77742820845346,56.5442642977892,15.0001045421622,15.0000108512967,""
134038.874712706,14.9999998446026,2.96945600971954E-06,1.42198843382782,3.71182001214943E-06,1.77748554228477,56.5441701823038,15.0001103334952,15.0000166569084,""
134054.321082354,14.9999997164778,2.9645271933858E-06,1.4220342718425,3.70565899173225E-06,1.77754283980312,56.5440703750857,15.0001161255293,15.000022463223,""
134069.765582323,14.9999997805133,2.9616657575777E-06,1.42208004258573,3.70208219697212E-06,1.77760005323216,56.5440158457485,15.0001176528242,15.0000239880309,""
134085.211951971,14.9999999566144,2.96009734678365E-06,1.42212578024424,3.70012168347956E-06,1.7776572253053,56.5439645330801,15.0001191803041,15.0000255130234,""
134100.656451941,14.9999999320177,2.9603463810722E-06,1.42217151063986,3.70043297634025E-06,1.77771438829983,56.5436873118833,15.0001197040537,15.0000260345628,""
134116.102821589,14.9999997903425,2.96173301611696E-06,1.42221724549066,3.7021662701462E-06,1.77777155686333,56.5433940016567,15.0001202278666,15.0000265561653,""
134131.547321558,14.9999997096572,2.96110900040762E-06,1.42226297009119,3.70138625050952E-06,1.77782871261399,56.5434212710023,15.0001210389545,15.0000273773391,""
134146.993691206,14.9999996645468,2.95922599226375E-06,1.42230869727501,3.69903249032969E-06,1.77788587159377,56.5434712797947,15.0001218501405,15.0000281986124,""
134162.438191175,15.0000000153057,2.95860378771708E-06,1.42235440263068,3.69825473464636E-06,1.77794300328835,56.5434025533112,15.0001185797082,15.0000249232836,""
134177.884560823,15.0000005972217,2.95877109455472E-06,1.42240010331378,3.6984638681934E-06,1.77800012914222,56.5433254135448,15.0001153088799,15.0000216475583,""
134193.329060793,15.0000005629326,2.95729025788478E-06,1.42244577618549,3.69661282235598E-06,1.77805722023187,56.5433239427918,15.0001110188305,15.0000173661783,""
134208.775430202,15.0000001687959,2.95477658802155E-06,1.42249144062596,3.69347073502694E-06,1.77811430078245,56.5433278173849,15.0001067282618,15.0000130842801,""
134224.219930172,14.9999998885808,2.95379023360633E-06,1.42253707539513,3.69223779200792E-06,1.77817134424391,56.5433839140098,15.0001054881735,15.0000118405802,""
134239.66629982,14.9999996748618,2.95376082521216E-06,1.42258270055591,3.6922010315152E-06,1.77822837569489,56.5434436998156,15.000104247935,15.0000105967296,""
134255.110800028,14.9999998376247,2.95201770823625E-06,1.42262829316643,3.69002213529532E-06,1.77828536645804,56.5431538948093,15.0001052978046,15.000011660534,""
134270.557169437,15.0000002204281,2.94919996680908E-06,1.42267387434944,3.68649995851134E-06,1.7783423429368,56.5428394528683,15.0001063478014,15.0000127244672,""
134286.001669407,15.0000002884452,2.94747335333602E-06,1.42271941337217,3.68434169167002E-06,1.77839926671521,56.5428955755559,15.0001041076453,15.0000104807702,""
134301.448039055,15.0000001724537,2.94643061214649E-06,1.42276493492687,3.68303826518311E-06,1.77845616865858,56.5429777293679,15.000101867218,15.0000082368017,""
134316.892539024,15.0000001764411,2.94711710194696E-06,1.4228104578862,3.6838963774337E-06,1.77851307235775,56.5429493692261,15.000098412528,15.0000047809054,""
134332.338908672,15.0000002505932,2.9488884089449E-06,1.42285599069433,3.68611051118112E-06,1.77856998836791,56.5429132596058,15.0000949574197,15.0000013245908,""
134347.783408642,15.0000001700288,2.94930874808629E-06,1.42290153074574,3.68663593510786E-06,1.77862691343217,56.5428821405354,15.0000940725931,15.0000004409253,""
134363.22977829,14.9999999989381,2.9488814965549E-06,1.42294708431414,3.68610187069363E-06,1.77868385539268,56.5428513665247,15.0000931876594,14.9999995571528,""
134378.674278498,14.9999999583054,2.94584236877794E-06,1.42299258391742,3.68230296097242E-06,1.77874072989677,56.542763896741,15.0000957264332,15.0000021074982,""
134394.120647907,14.999999994012,2.94116329742163E-06,1.42303805861285,3.67645412177704E-06,1.77879757326606,56.5426724575996,15.0000982655144,15.0000046581523,""
134409.565147877,14.9999999854339,2.93862969413485E-06,1.4230834721496,3.67328711766856E-06,1.778854340187,56.5427639756595,15.0001017195169,15.0000081124945,""
134425.011517525,14.9999999509285,2.93744261144057E-06,1.42312885623712,3.67180326430071E-06,1.7789110702964,56.5428682527916,15.0001051739375,15.0000115672548,""
134440.456017494,14.9999998418189,2.93737497143797E-06,1.42317422959775,3.67171871429746E-06,1.77896778699718,56.5429848576153,15.0001084851906,15.0000148756372,""
134455.902386904,14.9999996889969,2.93801037089872E-06,1.42321960516327,3.6725129636234E-06,1.77902450645409,56.5431023347376,15.0001117968445,15.00001818442,""
134471.346886873,14.9999997778902,2.93672003783656E-06,1.42326495754721,3.6709000472957E-06,1.77908119693401,56.5429772682074,15.0001175922385,15.0000239946624,""
134486.793256521,15.0000000084102,2.93421964310532E-06,1.42331030430671,3.66777455388165E-06,1.77913788038339,56.5428353538536,15.0001233883341,15.0000298056081,""
134502.237756491,15.000000101465,2.9349026984431E-06,1.42335564731629,3.66862837305387E-06,1.77919455914537,56.5428328124045,15.0001264370108,15.0000328420226,""
134517.684126139,15.0000001139745,2.93758645227356E-06,1.42340099690796,3.67198306534194E-06,1.77925124613495,56.5428399233003,15.0001294860566,15.0000358788047,""
134533.128626108,15.0000002361239,2.93480341035104E-06,1.42344630747508,3.6685042629388E-06,1.77930788434385,56.5426830380384,15.00012971834,15.0000361306774,""
134548.574995756,15.0000004225758,2.928583280245E-06,1.42349160244388,3.66072910030625E-06,1.77936450305485,56.5425147971383,15.0001299506515,15.0000363825806,""
134564.019495726,15.00000024663,2.92696828220305E-06,1.42353684509294,3.65871035275381E-06,1.77942105636617,56.5425486982739,15.0001287186631,15.0000351404672,""
134579.465865374,14.99999985811,2.92824873987033E-06,1.42358206376356,3.66031092483791E-06,1.77947757970445,56.5425965477871,15.0001274865256,15.0000338982034,""
134594.910365343,14.9999998409922,2.92928503314583E-06,1.42362729747105,3.66160629143229E-06,1.77953412183881,56.5426791366234,15.000129258025,15.000035671985,""
134610.356734991,15.0000000417705,2.93016794923019E-06,1.42367254955714,3.66270993653773E-06,1.77959068694643,56.5427641276995,15.0001310297389,15.0000374459814,""
134625.801234961,15.0000000647256,2.92882894968646E-06,1.42371777858703,3.66103618710807E-06,1.77964722323379,56.5425628983255,15.0001316610402,15.0000380837469,""
134641.247604609,14.99999998332,2.92609164997585E-06,1.42376300203031,3.65761456246981E-06,1.77970375253789,56.5423419782644,15.000132292418,15.0000387215896,""
134656.692104578,14.9999999965243,2.92522479250257E-06,1.42380819699472,3.65653099062821E-06,1.77976024624341,56.542283640042,15.0001324953125,15.0000389245419,""
134672.138473988,15.0000000652782,2.92553501538496E-06,1.42385338294868,3.6569187692312E-06,1.77981672868585,56.5422364419129,15.0001326982315,15.0000391275187,""
134687.582973957,15.0000001162811,2.92349816661832E-06,1.42389853306174,3.6543727082729E-06,1.77987316632718,56.5422668365802,15.000134596256,15.0000410290505,""
134703.029343605,15.0000001568682,2.91998321919635E-06,1.42394366951622,3.64997902399544E-06,1.77992958689528,56.5423025447089,15.0001364945103,15.0000429308124,""
134718.473843575,15.0000003217158,2.91927084875287E-06,1.42398877717279,3.64908856094108E-06,1.77998597146599,56.5423586457172,15.0001352547318,15.0000416918295,""
134733.920213223,15.0000005596025,2.92032336172578E-06,1.42403387559251,3.65040420215723E-06,1.78004234449064,56.5424161466096,15.0001340148033,15.0000404526966,""
134749.36471343,15.0000002683603,2.92001674858419E-06,1.42407896750818,3.65002093573023E-06,1.78009870938522,56.5423942221147,15.0001309948258,15.0000374357454,""
134764.81108284,14.9999996660683,2.91885385203561E-06,1.42412406422221,3.64856731504452E-06,1.78015508027776,56.5423668817997,15.0001279744828,15.000034418429,""
134780.255582809,14.9999995844947,2.91690184809066E-06,1.42416912125321,3.64612731011333E-06,1.78021140156651,56.542335528557,15.0001249746012,15.0000314253734,""
134795.701952457,14.9999998090658,2.91445218317345E-06,1.42421416216832,3.64306522896681E-06,1.7802677027104,56.5423038983263,15.0001219743565,15.0000284319554,""
134811.146452427,14.9999999167403,2.91509043163461E-06,1.42425919891259,3.64386303954326E-06,1.78032399864073,56.5422338410515,15.0001176857918,15.0000241317179,""
134826.592822075,14.9999999556805,2.91767533257191E-06,1.42430424191655,3.64709416571488E-06,1.78038030239569,56.5421611664589,15.000113396708,15.0000198309598,""
134842.037322044,15.0000002260401,2.91782791721239E-06,1.42434929087019,3.64728489651549E-06,1.78043661358773,56.5422679018053,15.0001097034518,15.0000161486592,""
134857.483691692,15.000000632614,2.91644680065203E-06,1.4243943524678,3.64555850081503E-06,1.78049294058475,56.5423868037531,15.0001060097485,15.0000124659129,""
134872.9281919,15.0000004120147,2.91203841224931E-06,1.42443933569011,3.64004801531164E-06,1.78054916961264,56.5425177743525,15.0001046642003,15.0000111305754,""
134888.374561071,14.9999998222251,2.90571967585398E-06,1.42448427835441,3.63214959481747E-06,1.78060534794301,56.5426495777091,15.0001033184892,15.0000097950762,""
134903.819061041,14.9999997477673,2.90489224099961E-06,1.42452918071778,3.63111530124951E-06,1.78066147589723,56.5425263815455,15.0001040967907,15.0000105660194,""
134919.265430689,14.9999999767232,2.90752939827434E-06,1.42457406651779,3.63441174784292E-06,1.78071758314724,56.5423859667569,15.0001048751865,15.000011337056,""
134934.709930658,14.9999999701344,2.90696621239983E-06,1.42461894739568,3.63370776549978E-06,1.7807736842446,56.5423538649651,15.0001083631991,15.0000148328055,""
134950.156300306,14.9999998248057,2.90438302481313E-06,1.42466383402931,3.63047878101641E-06,1.78082979253663,56.542329051067,15.0001118516341,15.0000183289782,""
134965.600800276,14.999999802583,2.90408827992043E-06,1.42470870166143,3.63011034990054E-06,1.78088587707679,56.542279043247,15.0001177855133,15.0000242606001,""
134981.047169924,14.9999998528931,2.90523826884731E-06,1.42475356615787,3.63154783605914E-06,1.78094195769734,56.54222733629,15.0001237201108,15.00003019294,""
134996.491669893,14.9999998411678,2.90371915979915E-06,1.42479840577061,3.62964894974894E-06,1.78099800721327,56.5423122867182,15.0001298806469,15.0000363612915,""
135011.938039541,14.9999997928744,2.90051411474946E-06,1.42484323852466,3.62564264343682E-06,1.78105404815582,56.542406410733,15.0001360419287,15.0000425303897,""
135027.382539511,14.9999997397773,2.89863574321755E-06,1.42488802566716,3.62329467902193E-06,1.78111003208395,56.5423762153197,15.0001402972145,15.0000467900092,""
135042.828909159,14.9999996838376,2.8975951034596E-06,1.42493279284235,3.6219938793245E-06,1.78116599105294,56.5423376977627,15.0001445530154,15.0000510501444,""
135058.273409128,14.9999999073098,2.89445185374852E-06,1.42497750242325,3.61806481718566E-06,1.78122187802906,56.542284361222,15.0001447441102,15.000051250309,""
135073.719778776,15.000000295638,2.8899792861871E-06,1.42502218444144,3.61247410773388E-06,1.7812777305518,56.5422300282932,15.0001449352282,15.0000514504979,""
135089.164278746,15.0000001884163,2.8911680548101E-06,1.42506686384353,3.61396006851262E-06,1.78133357980441,56.5422895828855,15.0001414323703,15.0000479365299,""
135104.610648394,14.9999997887656,2.89593571545727E-06,1.42511155041973,3.61991964432158E-06,1.78138943802467,56.5423567340327,15.0001379290883,15.0000444221365,""
135120.055148363,14.9999997628997,2.89755868645957E-06,1.42515627324117,3.62194835807446E-06,1.78144534155146,56.5424341297887,15.0001331673028,15.0000396634173,""
135135.501517773,14.9999999576663,2.89719353627333E-06,1.42520102781786,3.62149192034166E-06,1.78150128477233,56.5425122167719,15.0001284049409,15.000034904122,""
135150.946017742,14.9999999953898,2.89622265966049E-06,1.42524576071238,3.62027832457562E-06,1.78155720089047,56.5425111240008,15.000127752021,15.0000342560042,""
135166.39238739,14.9999999403879,2.89486846167572E-06,1.4252904887327,3.61858557709465E-06,1.78161311091588,56.5425047767701,15.0001270990221,15.0000336078079,""
135181.83688736,14.9999997864618,2.89440163299718E-06,1.42533519942349,3.61800204124648E-06,1.78166899927936,56.5425300673943,15.0001291251562,15.0000356262786,""
135197.283257008,14.9999995740711,2.89449615728112E-06,1.42537990798689,3.6181201966014E-06,1.78172488498362,56.5425574563964,15.0001311515356,15.0000376449935,""
135212.727757216,14.9999996202999,2.89360511483315E-06,1.42542459770447,3.61700639354144E-06,1.78178074713059,56.5424428996746,15.0001337677393,15.0000402635194,""
135228.174126625,14.9999998193597,2.89209012852242E-06,1.42546928432673,3.61511266065302E-06,1.78183660540842,56.542318947811,15.0001363842596,15.0000428823622,""
135243.618626595,14.999999835693,2.89045045900215E-06,1.42551393495767,3.61306307375269E-06,1.78189241869709,56.5424535127933,15.0001386571361,15.0000451590439,""
135259.064996243,14.9999997440152,2.88873152866837E-06,1.42555857162955,3.61091441083546E-06,1.78194821453693,56.54260514344,15.0001409302879,15.0000474360012,""
135274.509496212,14.9999997420375,2.88721102584175E-06,1.42560317345235,3.60901378230218E-06,1.78200396681544,56.5426314806752,15.0001435207761,15.0000500307306,""
135289.95586586,14.9999997931024,2.88581588513262E-06,1.42564776202428,3.60726985641577E-06,1.78205970253035,56.5426495758697,15.000146111578,15.0000526257741,""
135305.400365829,14.9999999678791,2.88553826434919E-06,1.42569233607642,3.60692283043649E-06,1.78211542009553,56.5427502698733,15.0001454381289,15.0000519507759,""
135320.846735477,15.0000002158711,2.88596852449379E-06,1.42573690974481,3.60746065561724E-06,1.78217113718101,56.5428564012584,15.0001447645983,15.0000512756961,""
135336.291235685,15.0000002105424,2.88462467395312E-06,1.42578145875142,3.60578084244139E-06,1.78222682343927,56.5428491815275,15.0001430854396,15.0000495983442,""
135351.737604856,15.0000000553074,2.88215633287151E-06,1.42582600093823,3.60269541608938E-06,1.78228250117279,56.5428345325032,15.0001414060776,15.0000479207893,""
135367.182104826,15.0000000045352,2.88046052917832E-06,1.42587050299923,3.6005756614729E-06,1.78233812874904,56.5427656076175,15.0001441008989,15.000050619706,""
135382.628474474,15.0000000155923,2.87925408536394E-06,1.42591498842669,3.59906760670492E-06,1.78239373553337,56.5426931243808,15.0001467960465,15.0000533189495,""
135398.072974443,15.0000000062377,2.8782516649236E-06,1.42595944881365,3.5978145811545E-06,1.78244931101707,56.5427307823634,15.0001479775583,15.0000545027562,""
135413.519344091,14.9999999847937,2.87737841219172E-06,1.42600390211812,3.59672301523965E-06,1.78250487764765,56.5427756329407,15.000149159213,15.0000556867062,""
135428.963844061,15.0000000391436,2.87558150091439E-06,1.42604831926858,3.59447687614299E-06,1.78256039908572,56.5427322435925,15.0001511218104,15.0000576526642,""
135444.410213709,15.0000001384041,2.87319838533958E-06,1.42609272227518,3.59149798167447E-06,1.78261590284398,56.5426831022945,15.0001530846454,15.0000596188602,""
135459.854713678,15.0000000890761,2.87403144608949E-06,1.42613712454339,3.59253930761186E-06,1.78267140567924,56.5426111821195,15.0001542993378,15.0000608285362,""
135475.301083326,14.9999999516839,2.87690522418926E-06,1.42618153512877,3.59613153023657E-06,1.78272691891096,56.5425377723951,15.0001555141772,15.0000620383585,""
135490.745583296,14.9999999254864,2.87665071941942E-06,1.42622594632685,3.59581339927428E-06,1.78278243290857,56.5425188517065,15.0001591062147,15.0000656333926,""
135506.191952944,14.9999999652023,2.87441076528448E-06,1.42627036670228,3.59301345660559E-06,1.78283795837784,56.5425034620486,15.000162698687,15.000069228862,""
135521.636452913,15.0000000147854,2.8743180416538E-06,1.42631477254214,3.59289755206724E-06,1.78289346567767,56.5425026875228,15.0001644270145,15.0000709525061,""
135537.082822561,15.0000000702297,2.87558848301372E-06,1.42635917794246,3.59448560376714E-06,1.78294897242808,56.5425028586439,15.0001661555512,15.0000726763589,""
135552.527322531,14.999999974939,2.87416475410135E-06,1.42640356035633,3.59270594262668E-06,1.78300445044541,56.5424123963083,15.0001640164332,15.0000705433471,""
135567.973692179,14.9999997902072,2.8710298046729E-06,1.42644793695746,3.58878725584113E-06,1.78305992119683,56.5423160698504,15.0001618770563,15.000068410077,""
135583.418192148,14.9999997687283,2.87099334666681E-06,1.42649229682437,3.58874168333351E-06,1.78311537103046,56.5422428268342,15.0001583996632,15.0000649236774,""
135598.864561558,14.9999998441288,2.87292519147074E-06,1.42653665484166,3.59115648933843E-06,1.78317081855208,56.5421710617794,15.0001549218491,15.0000614368558,""
135614.309061527,14.9999998347163,2.87398370705473E-06,1.4265810304909,3.59247963381841E-06,1.78322628811362,56.5422263906614,15.0001510658931,15.0000575754872,""
135629.755431175,14.999999774951,2.87448748069488E-06,1.42662542612944,3.59310935086859E-06,1.78328178266181,56.5422898986342,15.0001472094703,15.0000537136512,""
135645.199931145,15.0000000012467,2.8726295778184E-06,1.42666978943021,3.590786972273E-06,1.78333723678776,56.5423063161704,15.00014838851,15.0000549013907,""
135660.646300793,15.0000003974723,2.86927013239612E-06,1.42671414096004,3.58658766549514E-06,1.78339267620006,56.542319714429,15.0001495676924,15.000056089274,""
135676.090800762,15.0000002453703,2.86503025123791E-06,1.42675841008203,3.58128781404739E-06,1.78344801260254,56.5423296757589,15.0001508867214,15.0000574140792,""
135691.53717041,14.9999997674809,2.86022971835521E-06,1.42680263557284,3.57528714794401E-06,1.78350329446605,56.5423394183245,15.00015220591,15.0000587390448,""
135706.981670618,14.9999996592245,2.858358544745E-06,1.42684681031501,3.57294818093125E-06,1.78355851289376,56.5423421964678,15.0001529444387,15.0000594811754,""
135722.428040028,14.9999997706223,2.85835016427013E-06,1.42689096152667,3.57293770533766E-06,1.78361370190833,56.54234453003,15.0001536830567,15.0000602233958,""
135737.872539997,14.9999998589108,2.85975868616888E-06,1.42693512912205,3.5746983577111E-06,1.78366891140256,56.5422668778716,15.0001534017659,15.0000599366025,""
135753.318909645,14.9999999334773,2.86206895869758E-06,1.42697931588941,3.57758619837198E-06,1.78372414486177,56.5421841165923,15.000153120441,15.0000596497744,""
135768.763409615,15.0000000264137,2.86028768948965E-06,1.42702347772212,3.57535961186206E-06,1.78377934715265,56.5421705433831,15.000149889218,15.0000564286512,""
135784.209779263,15.0000001302932,2.85590211604312E-06,1.42706763243439,3.5698776450539E-06,1.78383454054298,56.5421613697164,15.0001466576038,15.0000532071379,""
135799.654279232,15.0000002640629,2.85481064996221E-06,1.42711174990474,3.56851331245276E-06,1.78388968738092,56.5422291106383,15.0001432038955,15.0000497510928,""
135815.100648642,15.0000004156413,2.85581605906979E-06,1.4271558524063,3.56977007383723E-06,1.78394481550788,56.5423017425487,15.0001397497692,15.0000462946293,""
135830.545148611,15.0000002932795,2.85444180379339E-06,1.42719993178885,3.56805225474174E-06,1.78399991473606,56.5422199620238,15.0001359730023,15.0000425264295,""
135845.991518259,15.0000000078567,2.85155186990673E-06,1.42724400518273,3.56443983738341E-06,1.78405500647841,56.5421283905445,15.0001321957782,15.0000387577736,""
135861.436018229,14.9999999749693,2.85045758193607E-06,1.42728804644269,3.56307197742008E-06,1.78411005805336,56.5420963404014,15.000129064179,15.0000356240913,""
135876.882387877,15.0000000924275,2.85050692380927E-06,1.42733207596078,3.56313365476158E-06,1.78416509495098,56.5420680480466,15.0001259322008,15.0000324900297,""
135892.326887846,15.0000001049111,2.85105445789288E-06,1.42737610877547,3.56381807236609E-06,1.78422013596934,56.5420787817391,15.0001236411463,15.0000301956418,""
135907.773257494,15.000000054876,2.85191955227451E-06,1.42742015241795,3.56489944034314E-06,1.78427519052243,56.5420919780276,15.0001213498145,15.0000279009762,""
135923.217757463,14.999999966933,2.85185380239337E-06,1.42746419267232,3.56481725299171E-06,1.7843302408404,56.5421919224509,15.000122226096,15.0000287780752,""
135938.664127111,14.9999998563876,2.85119471596776E-06,1.42750823949679,3.5639933949597E-06,1.78438529937099,56.5422973387215,15.0001231024836,15.0000296552805,""
135954.108627081,14.9999998767505,2.85091382770576E-06,1.42755227439848,3.56364228463219E-06,1.78444034299811,56.5421768048174,15.0001285781558,15.0000351286325,""
135969.554996729,14.9999999751399,2.85087402286102E-06,1.42759631042788,3.56359252857628E-06,1.78449538803485,56.542042067448,15.0001340544908,15.0000406026471,""
135984.999496698,14.9999998230048,2.84766183894618E-06,1.42764029137567,3.55957729868273E-06,1.78455036421959,56.5421515567781,15.0001435871733,15.0000501452379,""
136000.445866346,14.9999995214725,2.84242568694498E-06,1.42768424591264,3.55303210868122E-06,1.7846053073908,56.542276362387,15.0001531210099,15.000059688984,""
136015.890366316,14.9999996488457,2.83874713893133E-06,1.42772812043802,3.54843392366417E-06,1.78466015054752,56.5422549017526,15.0001576641144,15.0000642395072,""
136031.336735725,15.0000000320574,2.8360616012059E-06,1.42777195261589,3.54507700150738E-06,1.78471494076986,56.5422242939375,15.0001622077688,15.0000687905812,""
136046.781235695,15.0000000710022,2.83450141361187E-06,1.42781574622983,3.54312676701483E-06,1.78476968278729,56.5422144248379,15.0001598176538,15.0000664085115,""
136062.227605343,14.9999999045486,2.83365910268332E-06,1.42785952391723,3.54207387835415E-06,1.78482440489654,56.5422058481995,15.0001574272495,15.0000640261534,""
136077.672105551,15.0000000375376,2.83311762698378E-06,1.42790328507146,3.54139703372973E-06,1.78487910633933,56.5423167277527,15.000145615884,15.0000522153628,""
136093.11847496,15.0000003492775,2.83276809272362E-06,1.42794704434894,3.54096011590452E-06,1.78493380543618,56.5424350572042,15.000133803089,15.0000404031427,""
136108.56297493,15.0000003196646,2.83215094793431E-06,1.42799078760724,3.54018868491789E-06,1.78498848450905,56.5424015798077,15.0001221824989,15.0000287893891,""
136124.009344578,15.0000000862333,2.83136278949173E-06,1.42803452931259,3.53920348686467E-06,1.78504316164074,56.5423586695048,15.0001105605021,15.0000171742296,""
136139.453844547,14.999999930204,2.83258196370113E-06,1.42807828187162,3.54072745462641E-06,1.78509785233952,56.5424331553551,15.0001106297009,15.0000172353759,""
136154.900214195,14.9999998203756,2.83508362055768E-06,1.42812205004367,3.5438545256971E-06,1.78515256255458,56.5425149261326,15.000110698908,15.0000172965296,""
136170.344714165,14.9999998075056,2.83572761921532E-06,1.4281658313756,3.54465952401914E-06,1.7852072892195,56.5424570500913,15.0001141547294,15.0000207548099,""
136185.791083813,14.9999998525657,2.83518474851147E-06,1.42820962980306,3.54398093563934E-06,1.78526203725383,56.5423905313896,15.0001176109692,15.0000242135088,""
136201.235584021,14.9999999189965,2.83481211883023E-06,1.42825341532847,3.54351514853779E-06,1.78531676916058,56.5425429527579,15.0001183342979,15.0000249321726,""
136216.68195343,14.9999999982138,2.83454822844682E-06,1.42829720129402,3.54318528555853E-06,1.78537150161753,56.5427089022452,15.0001190577142,15.0000256509233,""
136232.1264534,15.0000000740017,2.83520944696211E-06,1.42834099127689,3.54401180870264E-06,1.78542623909611,56.5427180136739,15.0001180597428,15.0000246436021,""
136247.572823048,15.0000001477537,2.83646228203431E-06,1.42838479251836,3.54557785254289E-06,1.78548099064795,56.5427174708131,15.0001170616506,15.000023636159,""
136263.017323017,14.999999999135,2.83461892512657E-06,1.42842856423909,3.54327365640821E-06,1.78553570529886,56.5427677715584,15.0001168368211,15.0000234203799,""
136278.463692427,14.9999997174787,2.83079498624152E-06,1.42847232576661,3.5384937328019E-06,1.78559040720826,56.5428212019283,15.0001166119644,15.0000232045746,""
136293.908192396,14.9999996909164,2.82704030351577E-06,1.42851601102866,3.53380037939471E-06,1.78564501378583,56.5428390605277,15.0001148863907,15.0000214875294,""
136309.354562044,14.9999998169853,2.82332918294897E-06,1.42855965617033,3.52916147868621E-06,1.78569957021291,56.5428547412103,15.0001131606081,15.0000197702764,""
136324.799062014,15.0000000447647,2.82090694240193E-06,1.42860324603202,3.52613367800241E-06,1.78575405754002,56.5429091258768,15.0001106546963,15.0000172658733,""
136340.245431662,15.0000003334685,2.81930905090008E-06,1.42864680917069,3.5241363136251E-06,1.78580851146336,56.5429658844397,15.0001081484812,15.000014761167,""
136355.689931631,15.0000003117333,2.82095564376617E-06,1.42869038705533,3.52619455470771E-06,1.78586298381916,56.542883120033,15.0001073091704,15.0000139115401,""
136371.136301279,15.0000001041088,2.82467953814748E-06,1.42873398303224,3.53084942268435E-06,1.7859174787903,56.5427918316005,15.0001064697581,15.0000130618104,""
136386.580801249,15.0000000114129,2.82332198339504E-06,1.42877756537295,3.5291524792438E-06,1.78597195671618,56.5428243585345,15.0001031866662,15.0000097944039,""
136402.027170897,14.9999999875405,2.81871024078299E-06,1.42882114763615,3.52338780097874E-06,1.78602643454519,56.5428644277248,15.0000999031769,15.0000065266018,""
136417.471670866,15.0000000561265,2.81705142536034E-06,1.42886468339643,3.52131428170043E-06,1.78608085424554,56.5428601166424,15.0000972083146,15.0000038281427,""
136432.918040514,15.0000001801277,2.81728377629431E-06,1.42890819801556,3.52160472036789E-06,1.78613524751944,56.5428531091091,15.0000945131262,15.0000011293569,""
136448.362540483,15.0000001294156,2.8157879851133E-06,1.42895168504926,3.51973498139163E-06,1.78618960631157,56.5429399008967,15.0000908197085,14.9999974442028,""
136463.808910131,14.9999999739669,2.81318459595557E-06,1.42899516304532,3.51648074494446E-06,1.78624395380665,56.5430323889301,15.0000871258438,14.9999937586026,""
136479.253410101,14.9999999906711,2.81147041156228E-06,1.42903860050363,3.51433801445285E-06,1.78629825062953,56.5431296708538,15.0000852835585,14.9999919178242,""
136494.69977951,15.0000001106077,2.81032581665127E-06,1.42908202060766,3.51290727081408E-06,1.78635252575957,56.5432272551661,15.0000834410502,14.999990076823,""
136510.14427948,15.0000001767913,2.80943104600547E-06,1.42912541777063,3.51178880750684E-06,1.78640677221329,56.5431311848834,15.0000830638396,14.9999897032745,""
136525.590649128,15.000000210744,2.80869627008477E-06,1.42916880884657,3.51087033760596E-06,1.78646101105822,56.5430234177438,15.0000826865834,14.9999893296808,""
136541.035149336,15.0000001474117,2.80882376758772E-06,1.42921219416058,3.51102970948465E-06,1.78651524270072,56.5431385617925,15.0000829371365,14.9999895799606,""
136556.481518745,15.0000000256899,2.80950429889142E-06,1.42925558439799,3.51188037361428E-06,1.78656948049748,56.5432671400615,15.00008318772,14.9999898302707,""
136571.926018715,15.0000000432722,2.80721707155997E-06,1.42929893635059,3.50902133944996E-06,1.78662367043824,56.5432540753171,15.0000837777571,14.9999904288184,""
136587.372388363,15.000000144479,2.80302546885293E-06,1.42934227235666,3.50378183606616E-06,1.78667784044583,56.5432325011354,15.0000843678658,14.9999910274386,""
136602.816888332,15.0000000326557,2.79976685349198E-06,1.42938553865766,3.49970856686497E-06,1.78673192332207,56.5433471470099,15.000088573311,14.9999952423773,""
136618.26325798,14.9999997928881,2.79710631853565E-06,1.42942876882561,3.49638289816956E-06,1.78678596103201,56.543469971098,15.0000927792653,14.9999994578264,""
136633.70775795,14.9999998780996,2.797705787326E-06,1.42947199405944,3.4971322341575E-06,1.78683999257431,56.5435216718948,15.0000971543438,15.0000038232459,""
136649.154127598,15.0000001585445,2.80039806784808E-06,1.42951522471774,3.5004975848101E-06,1.78689403089717,56.5435691266635,15.000101529952,15.0000081891939,""
136664.598627806,15.0000000308791,2.8002176602008E-06,1.42955845641897,3.50027207525099E-06,1.78694807052372,56.5436962655286,15.0001044900907,15.0000111606772,""
136680.044997215,14.9999996579473,2.79819258661808E-06,1.42960169738228,3.4977407332726E-06,1.78700212172785,56.5438281744027,15.0001074505876,15.0000141325201,""
136695.489497185,14.9999997710706,2.79590341831285E-06,1.42964489094235,3.49487927289106E-06,1.78705611367794,56.5439665676284,15.0001127228182,15.0000194127694,""
136710.935866833,15.0000001764003,2.79344416046927E-06,1.42968806264134,3.49180520058659E-06,1.78711007830167,56.5441053645595,15.000117995687,15.000024693658,""
136726.380366802,15.0000002393789,2.79293778111236E-06,1.42973121302694,3.49117222639045E-06,1.78716401628368,56.5442303649917,15.0001225735937,15.000029264842,""
136741.826736212,15.0000000964973,2.79368606774041E-06,1.42977435829761,3.49210758467551E-06,1.78721794787201,56.5443545621468,15.0001271520545,15.0000338365794,""
136757.271236181,15.0000001235609,2.79120870959822E-06,1.42981746259471,3.48901088699778E-06,1.78727182824339,56.5444392090533,15.0001280062446,15.000034708199,""
136772.717605829,15.0000002528624,2.78665767511161E-06,1.42986054912879,3.48332209388952E-06,1.78732568641099,56.5445215234914,15.0001288605381,15.0000355799241,""
136788.162105799,15.0000004480212,2.78546121883519E-06,1.42990359669045,3.48182652354399E-06,1.78737949586306,56.5446803220063,15.000126735977,15.0000334514603,""
136803.608475447,15.0000006828492,2.78642123901098E-06,1.42994662775772,3.48302654876373E-06,1.78743328469715,56.5448436621194,15.0001246111587,15.0000313227388,""
136819.052975416,15.0000005544575,2.7848481291218E-06,1.42998963253849,3.48106016140225E-06,1.78748704067311,56.5449308743501,15.0001198541307,15.000026576554,""
136834.499345064,15.0000002073853,2.78164561418594E-06,1.43003262896819,3.47705701773243E-06,1.78754078621024,56.5450136079154,15.0001150965269,15.0000218297946,""
136849.943845034,15.0000000410696,2.78111635639722E-06,1.43007560128303,3.47639544549653E-06,1.78759450160378,56.5451604761339,15.000113791512,15.000020522142,""
136865.390214682,14.9999999835742,2.78230673146572E-06,1.43011856663322,3.47788341433215E-06,1.78764820829152,56.5453111369854,15.0001124863392,15.0000192143311,""
136880.834714651,14.9999999794997,2.78225656870026E-06,1.43016152999563,3.47782071087533E-06,1.78770191249454,56.5454957399753,15.0001142576407,15.0000209888371,""
136896.281084299,15.0000000076061,2.78140809798816E-06,1.43020450062687,3.4767601224852E-06,1.78775562578359,56.5456823592397,15.0001160291567,15.0000227635579,""
136911.725584269,15.0000001724177,2.78204364878107E-06,1.43024747303311,3.47755456097633E-06,1.78780934129139,56.5456480398005,15.0001166408118,15.0000233746178,""
136927.171953917,15.0000004196446,2.78363460148539E-06,1.43029045513273,3.47954325185673E-06,1.78786306891591,56.5456007754559,15.000117252541,15.0000239857517,""
136942.616453886,15.0000003618157,2.78069900432831E-06,1.43033339200885,3.47587375541039E-06,1.78791674001107,56.5457519362222,15.0001178242632,15.0000245690539,""
136958.062823296,15.0000001200725,2.77484815478565E-06,1.43037630830944,3.46856019348206E-06,1.7879703853868,56.5459147113142,15.0001183960546,15.0000251524268,""
136973.507323265,15.0000000540846,2.77191089557032E-06,1.43041915448666,3.46488861946289E-06,1.78802394310832,56.5457428761002,15.0001198490788,15.0000266054571,""
136988.953692913,15.0000000940758,2.77084970387398E-06,1.43046196402452,3.46356212984248E-06,1.78807745503065,56.5455515113057,15.0001213022789,15.0000280586633,""
137004.398192883,15.0000000925177,2.77194186700252E-06,1.43050478170478,3.46492733375315E-06,1.78813097713097,56.5455645874172,15.0001188160047,15.0000255720939,""
137019.844562531,15.0000000658935,2.77442165573694E-06,1.43054761315429,3.46802706967118E-06,1.78818451644286,56.5455895562615,15.0001163294295,15.0000230852234,""
137035.289062738,14.9999999123454,2.77669777319474E-06,1.43059048285607,3.47087221649342E-06,1.78823810357008,56.5454176855401,15.0001132492039,15.0000199945488,""
137050.735432148,14.9999996821696,2.77884307782286E-06,1.43063338574411,3.47355384727858E-06,1.78829173218013,56.5452343705505,15.0001101686056,15.0000169035,""
137066.179932117,14.9999996333849,2.77817748387112E-06,1.43067628031652,3.4727218548389E-06,1.78834535039565,56.5450800948383,15.0001126102728,15.0000193500832,""
137081.626301765,14.9999996940984,2.77569958051263E-06,1.4307191780679,3.46962447564078E-06,1.78839897258488,56.5449274805332,15.0001150522356,15.0000217969626,""
137097.070801735,14.9999997159728,2.77109692832009E-06,1.43076199127258,3.46387116040011E-06,1.78845248909073,56.5449273838979,15.000119895677,15.0000266530887,""
137112.517171383,14.9999997143956,2.76512312048851E-06,1.43080475847884,3.45640390061063E-06,1.78850594809855,56.5449360962612,15.0001247397047,15.0000315098027,""
137127.961671352,14.9999998014498,2.7635339025879E-06,1.4308474760574,3.45441737823487E-06,1.78855934507175,56.5448778441328,15.0001272548576,15.0000340252938,""
137143.408041,14.9999999420665,2.76477283506466E-06,1.43089017012877,3.45596604383083E-06,1.78861271266096,56.544815725926,15.0001297703149,15.0000365410895,""
137158.852541208,14.9999998960081,2.76368152224801E-06,1.43093284630171,3.45460190281001E-06,1.78866605787714,56.5446501299608,15.0001258220283,15.0000325966663,""
137174.298910379,14.9999997371226,2.76108630632887E-06,1.43097551942261,3.45135788291108E-06,1.78871939927826,56.5444785642296,15.0001218732639,15.0000286517658,""
137189.743410349,14.9999997333607,2.76058540260261E-06,1.43101817100738,3.45073175325326E-06,1.78877271375923,56.5444364523399,15.0001211284017,15.0000279079758,""
137205.189779997,14.9999998233814,2.76143625462747E-06,1.43106081718615,3.45179531828433E-06,1.78882602148269,56.5444017593891,15.0001203834494,15.0000271640958,""
137220.634279966,14.9999998559564,2.76316199556577E-06,1.43110348768784,3.45395249445722E-06,1.7888793596098,56.5443650969265,15.0001252401438,15.0000320151732,""
137236.080649614,14.9999998537955,2.76545298487321E-06,1.43114618239549,3.45681623109151E-06,1.78893272799436,56.5443283170845,15.0001300974261,15.0000368668379,""
137251.525149584,15.0000000347998,2.7654025068038E-06,1.4311888787681,3.45675313350475E-06,1.78898609846013,56.5442688502463,15.0001339316509,15.0000407001865,""
137266.971519232,15.0000003266544,2.7638396990299E-06,1.43123158472325,3.45479962378737E-06,1.78903948090406,56.5442080808119,15.0001377663398,15.0000445339991,""
137282.416019201,15.0000002054029,2.76238659422034E-06,1.43127425787506,3.45298324277543E-06,1.78909282234382,56.5442474866052,15.0001367107996,15.0000434812071,""
137297.862388849,14.9999998341093,2.7610040771464E-06,1.43131691833671,3.451255096433E-06,1.78914614792089,56.5442926019504,15.0001356551317,15.0000424282876,""
137313.306888819,14.9999998351888,2.75932771984478E-06,1.43135954315397,3.44915964980598E-06,1.78919942894247,56.5441353824625,15.0001326079345,15.0000393823749,""
137328.753258467,15.0000000617149,2.75746112479145E-06,1.43140215342984,3.44682640598931E-06,1.7892526917873,56.5439666481997,15.0001295603684,15.0000363360936,""
137344.197758436,15.0000000316731,2.75604059369673E-06,1.43144473041679,3.44505074212091E-06,1.78930591302098,56.5441075270379,15.0001272680261,15.0000340464732,""
137359.644128084,14.9999998462358,2.75490815109576E-06,1.43148729436952,3.4436351888697E-06,1.7893591179619,56.5442659711914,15.0001249754064,15.0000317565756,""
137375.088628054,14.9999999167115,2.75495031784505E-06,1.43152985006881,3.44368789730631E-06,1.78941231258601,56.5442250395306,15.0001260777289,15.0000328555658,""
137390.534997702,15.000000142249,2.75575208806796E-06,1.43157240891398,3.44469011008495E-06,1.78946551114247,56.5441728299743,15.0001271801848,15.0000339546891,""
137405.979497671,15.0000001673437,2.75403020815296E-06,1.4316149386666,3.4425377601912E-06,1.78951867333326,56.544223255691,15.0001264550905,15.0000332352815,""
137421.425867081,15.000000070959,2.75067549285693E-06,1.43165745807832,3.43834436607116E-06,1.7895718225979,56.5442794769631,15.0001257299085,15.0000325157869,""
137436.87036705,15.0000000476727,2.74872412463092E-06,1.43169993110155,3.43590515578865E-06,1.78962491387693,56.5442458360998,15.0001243085647,15.0000310948389,""
137452.316736698,15.0000000687009,2.74768043945952E-06,1.43174238257623,3.43460054932439E-06,1.78967797822028,56.5442071344291,15.0001228870489,15.0000296737189,""
137467.761236668,15.0000000771698,2.74663986897243E-06,1.43178480938833,3.43329983621554E-06,1.78973101173541,56.5440862836658,15.0001235138991,15.0000303046898,""
137483.207606316,15.0000000780229,2.74560110703513E-06,1.43182722869753,3.43200138379391E-06,1.78978403587191,56.5439608060494,15.0001241408253,15.0000309357372,""
137498.652106285,14.9999998958858,2.74657486022904E-06,1.43186965447991,3.4332185752863E-06,1.78983706809989,56.5440230824994,15.0001250546421,15.0000318416086,""
137514.098475933,14.9999996026883,2.74885185707431E-06,1.43191209291489,3.43606482134289E-06,1.78989011614362,56.5440958810505,15.0001259685695,15.0000327475897,""
137529.542976141,14.999999660953,2.74922005948169E-06,1.43195453942063,3.43652507435211E-06,1.78994317427579,56.5440529976612,15.0001318615292,15.0000386430103,""
137544.989345551,14.999999932546,2.74835206298781E-06,1.43199699961838,3.43544007873476E-06,1.78999624952297,56.5440036462702,15.0001377552021,15.0000445391444,""
137560.43384552,14.9999998421262,2.74712853325854E-06,1.43203943291404,3.43391066657318E-06,1.79004929114255,56.5440107190943,15.0001439973096,15.0000507821004,""
137575.880215168,14.9999995318903,2.74567441994923E-06,1.43208185724513,3.43209302493653E-06,1.79010232155641,56.5440209373228,15.0001502401727,15.0000570258121,""
137591.324715137,14.9999996017226,2.74483814971898E-06,1.43212425872841,3.43104768714872E-06,1.79015532341051,56.5439002698597,15.000154962695,15.0000617490924,""
137606.771084785,14.9999999024118,2.74440211777702E-06,1.43216665386432,3.43050264722128E-06,1.79020831733039,56.5437723104237,15.0001596857889,15.0000664729446,""
137622.215584993,14.9999999934263,2.74410697546863E-06,1.43220903787344,3.43013371933579E-06,1.79026129734179,56.543566115024,15.00015724,15.0000640191862,""
137637.661954165,14.9999999570625,2.74390310853734E-06,1.43225142312416,3.42987888567167E-06,1.7903142789052,56.5433555543328,15.000154793915,15.000061565131,""
137653.106454134,14.9999999628821,2.7413119763738E-06,1.43229376255169,3.42663997046725E-06,1.79036720318961,56.5432887574921,15.0001456828228,15.0000524664146,""
137668.552823782,14.9999999943421,2.73717226436946E-06,1.4323360807128,3.42146533046183E-06,1.790420100891,56.5432299058581,15.0001365706275,15.0000433665966,""
137683.997323751,15.0000000715602,2.73629989134648E-06,1.43237836665239,3.4203748641831E-06,1.79047295831548,56.5433348908744,15.0001287399098,15.0000355333043,""
137699.443693399,15.0000001766151,2.73754675566262E-06,1.43242064013057,3.42193344457828E-06,1.79052580016321,56.5434489314836,15.0001209082441,15.0000276990637,""
137714.888193369,15.0000000332805,2.73670547660892E-06,1.43246289959827,3.42088184576114E-06,1.79057862449784,56.5434106584954,15.0001153467553,15.0000221396917,""
137730.334563017,14.9999997388382,2.73450910665279E-06,1.43250515841039,3.41813638331599E-06,1.79063144801299,56.5433639949242,15.0001097845933,15.0000165796467,""
137745.779062986,14.9999998154213,2.73614008073342E-06,1.43254743008068,3.42017510091677E-06,1.79068428760085,56.543229714026,15.0001104500561,15.0000172280674,""
137761.225432634,15.000000117771,2.74025557133471E-06,1.43258971853554,3.42531946416838E-06,1.79073714816943,56.5430906039709,15.0001111155995,15.0000178765666,""
137776.669932604,15.0000000672724,2.74065192503193E-06,1.43263202151064,3.42581490628991E-06,1.7907900268883,56.5430653311587,15.000111265976,15.0000180344895,""
137792.116302252,14.9999998019956,2.73863365998707E-06,1.43267434235924,3.42329207498383E-06,1.79084292794905,56.5430462918104,15.0001114163706,15.0000181924315,""
137807.560802221,14.999999878227,2.73463515550604E-06,1.43271658970008,3.41829394438255E-06,1.7908957371251,56.5430346796725,15.0001108901226,15.0000176767675,""
137823.007171869,15.0000001624128,2.72934976219898E-06,1.43275879773637,3.41168720274873E-06,1.79094849717047,56.5430234719592,15.0001103638109,15.000017161041,""
137838.451671839,15.0000000129313,2.72838261582618E-06,1.43280096838972,3.41047826978273E-06,1.79100121048715,56.5429313306993,15.0001104950886,15.000017288643,""
137853.898041487,14.9999995992727,2.73022067386711E-06,1.43284312317847,3.41277584233389E-06,1.79105390397309,56.5428347654445,15.0001106263822,15.0000174162604,""
137869.342541456,14.9999995744206,2.72803730222016E-06,1.43288524516476,3.4100466277752E-06,1.79110655645595,56.5428482218054,15.0001159572606,15.0000227525817,""
137884.788910866,14.9999997864709,2.72324012661348E-06,1.43292735424633,3.40405015826685E-06,1.79115919280792,56.5428676630954,15.0001212887843,15.000028089549,""
137900.233410835,15.0000000743144,2.72412627016578E-06,1.43296945620648,3.40515783770722E-06,1.7912118202581,56.5429847679537,15.0001286065116,15.000035400703,""
137915.679780483,15.0000004084126,2.72870708774269E-06,1.43301156194684,3.41088385967837E-06,1.79126445243355,56.5431071857716,15.0001359251247,15.0000427127422,""
137931.124280453,15.000000227723,2.72653752765569E-06,1.43305364407298,3.40817190956961E-06,1.79131705509123,56.5430951904537,15.0001394962354,15.0000462984737,""
137946.570650101,14.9999997331053,2.71997804011065E-06,1.4330957192508,3.39997255013831E-06,1.7913696490635,56.5430759200978,15.0001430677784,15.0000498846393,""
137962.01515007,14.9999994043003,2.71745968219359E-06,1.43313772898219,3.39682460274198E-06,1.79142216122774,56.5430430197007,15.000147822771,15.0000546375372,""
137977.461519718,14.999999176572,2.71756940769292E-06,1.43317970453699,3.39696175961614E-06,1.79147463067123,56.5430093793757,15.0001525783392,15.0000593910106,""
137992.906019926,14.9999995140159,2.71851372458366E-06,1.43322168995614,3.39814215572957E-06,1.79152711244517,56.5429282144286,15.0001570824622,15.0000638893061,""
138008.352389336,15.0000001963855,2.72000126347409E-06,1.43326369018163,3.40000157934261E-06,1.79157961272704,56.5428444802076,15.0001615871304,15.000068388146,""
138023.796889305,15.0000002997442,2.72018512359075E-06,1.43330569302259,3.40023140448844E-06,1.79163211627824,56.5428559500847,15.0001598130827,15.0000666213683,""
138039.243258953,15.0000000496933,2.71952051173069E-06,1.43334770595967,3.39940063966337E-06,1.79168463244958,56.5428725348085,15.0001580388203,15.0000648543767,""
138054.687758923,14.9999998914384,2.71933773257199E-06,1.43338970881883,3.39917216571499E-06,1.79173713602353,56.5428550605748,15.0001569678506,15.0000637760457,""
138070.134128571,14.999999789205,2.71946861727749E-06,1.43343171351195,3.39933577159686E-06,1.79178964188994,56.5428357593934,15.0001558967513,15.0000626975843,""
138085.57862854,14.9999999640083,2.72147674339122E-06,1.43347374456512,3.40184592923902E-06,1.79184218070641,56.5427147953144,15.0001571969178,15.0000639863789,""
138101.02499795,15.0000003080695,2.72470783607461E-06,1.4335158011867,3.40588479509326E-06,1.79189475148338,56.5425883828497,15.0001584972417,15.0000652753295,""
138116.469497919,15.0000003891872,2.73057722884186E-06,1.43355795390873,3.41322153605232E-06,1.79194744238591,56.5425787438903,15.0001567428949,15.0000634969907,""
138131.915867567,15.0000003096484,2.7381665310788E-06,1.43360017766277,3.4227081638485E-06,1.79200022207847,56.5425753285068,15.0001549883356,15.0000617184367,""
138147.360367537,15.0000001424562,2.74309854669483E-06,1.4336424972062,3.42887318336853E-06,1.79205312150774,56.5425997453887,15.0001489081442,15.0000556204101,""
138162.806737185,14.9999999216516,2.74629991300306E-06,1.43368488763291,3.43287489125383E-06,1.79210610954114,56.542625645291,15.0001428272167,15.0000495216454,""
138178.251237154,14.99999995896,2.74499892257655E-06,1.43372726325391,3.43124865322069E-06,1.79215907906739,56.5426869454324,15.0001394978049,15.0000461886125,""
138193.697606802,15.0000001541084,2.74076278744104E-06,1.43376963769758,3.42595348430131E-06,1.79221204712198,56.5427501309499,15.0001361679901,15.0000428551762,""
138209.142106771,15.0000001119964,2.74048794535216E-06,1.43381198898785,3.4256099316902E-06,1.79226498623481,56.5427255717245,15.0001338010417,15.0000404606218,""
138224.588476419,14.999999924743,2.74279602884927E-06,1.43385433365084,3.42849503606159E-06,1.79231791706355,56.542696367331,15.0001314338067,15.0000380657776,""
138240.032976389,14.9999999368476,2.74369526088528E-06,1.43389669458022,3.4296190761066E-06,1.79237086822527,56.5426898492741,15.0001308641703,15.0000374894703,""
138255.479346037,15.000000070946,2.74367574283059E-06,1.43393907459239,3.42959467853824E-06,1.79242384324048,56.5426845275381,15.000130294465,15.0000369130933,""
138270.923846006,15.0000000445424,2.74056105625395E-06,1.4339814013019,3.42570132031744E-06,1.79247675162737,56.5426337721984,15.0001299422451,15.0000365594071,""
138286.370215654,14.9999999198843,2.73542628985242E-06,1.43402370170099,3.41928286231553E-06,1.79252962712624,56.5425806189679,15.0001295899826,15.0000362056782,""
138301.814715624,14.999999950473,2.73420491329418E-06,1.43406596144728,3.41775614161772E-06,1.79258245180909,56.5425111223958,15.0001327201266,15.000039324907,""
138317.261085033,15.000000076134,2.73553738349861E-06,1.43410820311545,3.41942172937326E-06,1.79263525389431,56.542440758921,15.0001358506496,15.0000424445134,""
138332.705585003,14.9999999796206,2.73742475422489E-06,1.43415047314567,3.42178094278111E-06,1.79268809143209,56.5424447402988,15.0001398851213,15.0000464655188,""
138348.151954651,14.9999997469903,2.73967477181481E-06,1.4341927701496,3.42459346476851E-06,1.792740962687,56.5424526154281,15.0001439200814,15.000050487011,""
138363.596454859,14.999999693457,2.73900847153655E-06,1.43423505903604,3.42376058942069E-06,1.79279382379505,56.542384811157,15.0001476672588,15.0000542332623,""
138379.042824268,14.9999997496622,2.73643752399296E-06,1.43427735108224,3.4205469049912E-06,1.7928466888528,56.5423130452637,15.0001514148897,15.0000579799671,""
138394.487324238,14.9999998691537,2.7355027762159E-06,1.43431961524405,3.41937847026987E-06,1.79289951905506,56.5424207997815,15.0001509848649,15.0000575426869,""
138409.933693886,15.0000000274635,2.73563669600444E-06,1.43436186964857,3.41954587000555E-06,1.79295233706071,56.5425379209142,15.000150554788,15.0000571053538,""
138425.378193855,14.9999999926902,2.73658434129746E-06,1.43440413400929,3.42073042662182E-06,1.79300516751161,56.5425401029051,15.0001451007596,15.000051639138,""
138440.824563503,14.9999998395066,2.73806390879934E-06,1.43444641333573,3.42257988599917E-06,1.79305801666967,56.542536312323,15.0001396460709,15.0000461722606,""
138456.269063473,15.0000000324917,2.73593923070749E-06,1.43448865951266,3.41992403838437E-06,1.79311082439083,56.5424607935548,15.0001310922026,15.0000376235646,""
138471.715433121,15.0000004378692,2.73145819567446E-06,1.43453089247844,3.41432274459308E-06,1.79316361559805,56.5423815473993,15.0001225372988,15.0000290738337,""
138487.159933329,15.0000004219259,2.72882110603284E-06,1.43457306511588,3.41102638254105E-06,1.79321633139486,56.5424145996922,15.0001169040021,15.0000234367444,""
138502.606302738,15.0000001474314,2.72738916089072E-06,1.43461520674912,3.4092364511134E-06,1.7932690084364,56.5424534617394,15.0001112700236,15.0000177989729,""
138518.050802708,14.9999999991507,2.72614106322766E-06,1.43465731937855,3.40767632903458E-06,1.79332164922318,56.5423430555956,15.0001136266343,15.0000201541791,""
138533.497172356,14.9999999283208,2.7250129620164E-06,1.43469942146995,3.4062662025205E-06,1.79337427683744,56.5422249385912,15.0001159835304,15.0000225096704,""
138548.941672325,14.999999885098,2.72475805270226E-06,1.43474151088649,3.40594756587783E-06,1.79342688860811,56.5423860758284,15.0001207116505,15.0000272373696,""
138564.388041735,14.9999998588202,2.7250743826721E-06,1.43478360043863,3.40634297834013E-06,1.79347950054829,56.5425615955509,15.0001254403428,15.000031965641,""
138579.832541704,14.9999999906909,2.7259840330481E-06,1.43482569996758,3.40748004131012E-06,1.79353212495947,56.5426446571121,15.0001282223106,15.0000347398401,""
138595.278911352,15.0000002197402,2.72728216744034E-06,1.43486781445738,3.40910270930043E-06,1.79358476807173,56.5427229865141,15.0001310046152,15.000037514375,""
138610.723411322,15.0000001700371,2.72654661327899E-06,1.43490991667249,3.40818326659874E-06,1.79363739584061,56.5428458554473,15.0001330962176,15.0000396047465,""
138626.16978097,14.9999999490222,2.72447954556863E-06,1.43495201928535,3.40559943196079E-06,1.79369002410669,56.5429710187561,15.0001351880732,15.0000416953711,""
138641.614280939,15.0000000369642,2.72242829734851E-06,1.43499407846018,3.40303537168563E-06,1.79374259807522,56.5429844904978,15.0001388973505,15.0000454065835,""
138657.060650587,15.0000003148546,2.72038699768839E-06,1.4350361176152,3.40048374711049E-06,1.793795147019,56.5429922645056,15.0001426070767,15.0000491182451,""
138672.505150557,15.0000003066231,2.71723672108666E-06,1.43507809645189,3.39654590135833E-06,1.79384762056486,56.5429973881476,15.0001410794635,15.0000475999709,""
138687.951520205,15.0000001224341,2.71335937041951E-06,1.43512004418743,3.39169921302438E-06,1.79390005523429,56.5430023775518,15.0001395516653,15.0000460815129,""
138703.396020174,14.9999999805983,2.71136396969867E-06,1.43516194355276,3.38920496212334E-06,1.79395242944095,56.5429749781123,15.0001353030983,15.0000418343446,""
138718.842389822,14.9999998647897,2.71060133057069E-06,1.43520381961902,3.38825166321336E-06,1.79400477452378,56.5429459310952,15.000131054017,15.0000375866621,""
138734.286889791,15.0000000999876,2.70964202780231E-06,1.43524567334772,3.38705253475288E-06,1.79405709168465,56.542917035553,15.0001250884454,15.0000316265095,""
138749.733259439,15.0000005512424,2.7085536280576E-06,1.43528752082284,3.385692035072E-06,1.79410940102855,56.5428881440045,15.0001191221517,15.0000256656354,""
138765.177759409,15.0000006198732,2.70751772668264E-06,1.43532934373608,3.3843971583533E-06,1.79416167967009,56.5430386921563,15.0001116443923,15.000018189961,""
138780.624128819,15.0000004529657,2.70651603869627E-06,1.43537115892705,3.38314504837034E-06,1.79421394865881,56.5431983200489,15.0001041657279,15.0000107133817,""
138796.068628788,15.0000003492085,2.70488675176739E-06,1.43541294067605,3.38110843970924E-06,1.79426617584507,56.5433383361293,15.0000999306149,15.0000064829991,""
138811.514998436,15.0000002843215,2.702845521753E-06,1.43545470886676,3.37855690219124E-06,1.79431838608345,56.5434773823571,15.0000956949891,15.0000022521043,""
138826.959498405,15.0000001918831,2.70247453159523E-06,1.4354964597241,3.37809316449404E-06,1.79437057465513,56.5434889577608,15.00009420813,15.0000007646592,""
138842.405868053,15.0000000824533,2.70319924440198E-06,1.43553820757989,3.37899905550247E-06,1.79442275947486,56.5434941321932,15.0000927210909,14.9999992770341,""
138857.850368261,15.0000000278442,2.70265875102158E-06,1.43557994435746,3.37832343877697E-06,1.79447493044682,56.5435456752164,15.0000950662604,15.0000016282724,""
138873.296737671,15.000000007009,2.70128784434061E-06,1.43562168223148,3.37660980542577E-06,1.79452710278936,56.5435995475431,15.0000974117138,15.0000039797952,""
138888.74123764,15.0000000696802,2.69882105525483E-06,1.43566337256103,3.37352631906854E-06,1.79457921570128,56.5435906000389,15.000102201648,15.0000087726024,""
138904.187607288,15.0000001838451,2.69563436702197E-06,1.43570504003909,3.36954295877746E-06,1.79463130004886,56.543578512933,15.0001069921621,15.0000135659899,""
138919.632107258,15.0000002077536,2.69388260096345E-06,1.43574666521603,3.36735325120431E-06,1.79468333152004,56.5437772587927,15.0001059582715,15.0000125372145,""
138935.078476906,15.0000001760045,2.69307274279961E-06,1.43578827096343,3.36634092849951E-06,1.79473533870429,56.543986534944,15.0001049242557,15.0000115083147,""
138950.522977114,15.0000001881282,2.69368298506826E-06,1.43582987851087,3.36710373133533E-06,1.79478734813859,56.543941066341,15.0001041339977,15.0000107144722,""
138965.969346523,15.0000002273208,2.69522616129342E-06,1.43587149558447,3.36903270161678E-06,1.79483936948059,56.5438829329456,15.0001033436439,15.0000099205337,""
138981.413846493,15.0000002124968,2.6955003838697E-06,1.43591311678922,3.36937547983712E-06,1.79489139598652,56.5439434482827,15.0001061540271,15.0000127338751,""
138996.860216141,15.0000001643335,2.69494087753494E-06,1.43595474905722,3.36867609691867E-06,1.79494343632153,56.5440098514891,15.0001089647504,15.0000155475571,""
139012.30471611,14.9999999605828,2.69410154216644E-06,1.4359963615345,3.36762692770805E-06,1.79499545191813,56.5439805239604,15.0001147722124,15.0000213538128,""
139027.75108552,14.9999996607371,2.69307811656409E-06,1.4360379693519,3.36634764570511E-06,1.79504746168987,56.5439464610966,15.0001205803772,15.0000271607714,""
139043.195585489,14.9999996537102,2.69139777511915E-06,1.43607954291257,3.36424721889893E-06,1.79509942864071,56.5440392372774,15.0001259664702,15.0000325548424,""
139058.641955137,14.9999998275232,2.68928519657659E-06,1.43612110229188,3.36160649572074E-06,1.79515137786485,56.5441382775135,15.0001313532153,15.0000379495664,""
139074.086455107,14.9999999233773,2.6865850587306E-06,1.43616260819645,3.35823132341325E-06,1.79520326024556,56.5441697671051,15.0001319051021,15.000038506607,""
139089.532824755,14.9999999710867,2.68349796051917E-06,1.43620408726155,3.35437245064897E-06,1.79525510907694,56.5441979399271,15.0001324570558,15.0000390637151,""
139104.977324724,14.9999999170655,2.68373103525197E-06,1.43624555506684,3.35466379406496E-06,1.79530694383355,56.5442170919854,15.0001328082161,15.0000394046691,""
139120.423694372,14.9999998001616,2.68614839361127E-06,1.43628702378715,3.35768549201409E-06,1.79535877973393,56.5442358042198,15.000133159419,15.0000397456643,""
139135.868194342,14.999999831844,2.68623141037428E-06,1.43632849646931,3.35778926296785E-06,1.79541062058664,56.544139830482,15.0001362849491,15.0000428818354,""
139151.31456399,14.9999999553954,2.68477828461184E-06,1.43636998008316,3.3559728557648E-06,1.79546247510395,56.5440382371871,15.0001394108576,15.000046018386,""
139166.759063959,14.999999923041,2.68219469173085E-06,1.43641141414471,3.35274336466356E-06,1.79551426768089,56.5439761043439,15.0001410745757,15.0000476867822,""
139182.205433607,14.9999997942584,2.67886642664974E-06,1.43645282390519,3.34858303331217E-06,1.79556602988149,56.5439158877075,15.0001427384952,15.0000493553803,""
139197.649933577,14.9999997900197,2.67802764852583E-06,1.43649420511233,3.34753456065729E-06,1.79561775639041,56.5439279036846,15.0001441886692,15.0000507997094,""
139213.096303225,14.9999998628333,2.67882795978054E-06,1.43653557582604,3.34853494972567E-06,1.79566946978255,56.5439434336403,15.0001456390186,15.0000522442133,""
139228.540803194,14.9999998831959,2.68042504594784E-06,1.43657696874419,3.3505313074348E-06,1.79572121093024,56.5439050870359,15.0001451960133,15.0000518011058,""
139243.987172604,14.9999998711006,2.68254726725799E-06,1.43661838459869,3.35318408407249E-06,1.79577298074837,56.5438641228819,15.0001447529544,15.0000513579446,""
139259.431672573,14.9999998980099,2.68265394512138E-06,1.43665980382839,3.35331743140173E-06,1.79582475478549,56.5439045754467,15.000141818051,15.0000484215744,""
139274.878042221,14.9999999490731,2.68143265344149E-06,1.43670123359929,3.35179081680186E-06,1.79587654199912,56.5439489705248,15.0001388827922,15.0000454848487,""
139290.322542191,15.0000000474841,2.67752958110742E-06,1.43674259419264,3.34691197638428E-06,1.7959282427408,56.5438897284064,15.0001341797578,15.0000407976693,""
139305.768911839,15.0000001752388,2.67185822677827E-06,1.43678391749973,3.33982278347283E-06,1.79597989687467,56.5438254805777,15.000129476154,15.0000361099226,""
139321.213412046,15.0000001689892,2.67093914309289E-06,1.43682520362351,3.33867392886611E-06,1.79603150452939,56.5438210103737,15.0001201742658,15.0000267962223,""
139336.659781456,15.0000000797148,2.6731529411444E-06,1.43686647352456,3.34144117643049E-06,1.7960830919057,56.5438194145958,15.0001108712517,15.0000174813947,""
139352.104281425,14.9999999195939,2.67589775169783E-06,1.43690778784287,3.34487218962228E-06,1.79613473480359,56.5437118170937,15.000102335274,15.0000089374175,""
139367.550651073,14.9999997155325,2.67899330542028E-06,1.4369491397528,3.34874163177535E-06,1.796186424691,56.5435991219037,15.000093798263,15.000000392406,""
139382.995151043,14.9999997119317,2.67695935606046E-06,1.43699046504408,3.34619919507557E-06,1.7962380813051,56.543631262543,15.0000921542075,14.9999987622281,""
139398.441520691,14.9999998326152,2.67154116273006E-06,1.43703178107852,3.33942645341258E-06,1.79628972634815,56.5436703345989,15.000090509953,14.9999971318529,""
139413.88602066,14.9999999860496,2.66981830796824E-06,1.43707304835445,3.33727288496029E-06,1.79634131044306,56.5435694512933,15.0000920325525,14.9999986467391,""
139429.332390308,15.0000001598268,2.6705335964229E-06,1.43711429174782,3.33816699552862E-06,1.79639286468478,56.5434618798801,15.0000935553363,15.0000001618088,""
139444.776890516,14.9999999500251,2.66949910002905E-06,1.43715551643273,3.33687387503631E-06,1.79644439554091,56.5434411089307,15.000100575882,15.0000071886378,""
139460.223259687,14.999999502196,2.66730939050425E-06,1.43719673705091,3.33413673813031E-06,1.79649592131364,56.5434244638526,15.0001075972773,15.0000142163171,""
139475.667759657,14.9999994338017,2.66630112302199E-06,1.4372379301876,3.33287640377749E-06,1.79654741273451,56.5432525860077,15.0001145827566,15.000021201442,""
139491.114129305,14.9999996008924,2.66607274254448E-06,1.43727911345725,3.33259092818059E-06,1.79659889182156,56.5430733236245,15.0001215690815,15.0000281874125,""
139506.558629274,14.99999969798,2.66403757160476E-06,1.4373202595855,3.33004696450595E-06,1.79665032448188,56.5430609106614,15.0001237571743,15.0000303806164,""
139522.004998922,14.9999997516234,2.66080862860599E-06,1.43736138945332,3.32601078575749E-06,1.79670173681665,56.5430563876936,15.000125945532,15.0000325740857,""
139537.449498892,14.9999998305136,2.66011501209716E-06,1.43740249344003,3.32514376512145E-06,1.79675311680004,56.5430225432578,15.0001267577967,15.0000333870927,""
139552.89586854,14.9999999250998,2.66109632000429E-06,1.43744358859088,3.32637040000536E-06,1.7968044857386,56.5429873115907,15.0001275701596,15.0000342001981,""
139568.340368509,14.9999998852655,2.66104131369658E-06,1.43748468101214,3.32630164212072E-06,1.79685585126518,56.5428943445356,15.0001294254364,15.0000360523371,""
139583.786738157,14.9999997619058,2.66030140510062E-06,1.43752577989164,3.32537675637577E-06,1.79690722486456,56.5427986502817,15.0001312809377,15.0000379047002,""
139599.231238127,14.9999997467298,2.65685589087522E-06,1.43756681824554,3.32106986359403E-06,1.79695852280692,56.5425454502523,15.0001349445858,15.0000415844562,""
139614.677607775,14.9999997987906,2.6516210257995E-06,1.43760782483869,3.31452628224937E-06,1.79700978104836,56.5422848312104,15.0001386086774,15.0000452646578,""
139630.122107744,14.9999999238367,2.65009376534643E-06,1.43764878639494,3.31261720668304E-06,1.79706098299367,56.5423907742111,15.0001401913824,15.0000468443109,""
139645.568477392,15.0000000942862,2.65101801945792E-06,1.43768972640639,3.31377252432241E-06,1.79711215800799,56.5425138735401,15.000141774279,15.0000484241552,""
139661.012977362,15.000000065149,2.65113819879468E-06,1.43773066622677,3.31392274849335E-06,1.79716333278347,56.5424773913126,15.0001428440497,15.0000494983189,""
139676.45934701,14.9999999118681,2.6507265089553E-06,1.43777161415529,3.31340813619412E-06,1.79721451769412,56.5424334625223,15.0001439139499,15.0000505726126,""
139691.903846979,14.9999999252175,2.65046356994371E-06,1.43781255177154,3.31307946242964E-06,1.79726568971443,56.5423758697361,15.0001456780225,15.0000523345047,""
139707.350216389,15.0000000422458,2.65029900637988E-06,1.43785349079862,3.31287375797485E-06,1.79731686349828,56.542317634258,15.0001474423086,15.0000540966101,""
139722.794716358,15.0000000900625,2.65071659464215E-06,1.43789443080396,3.31339574330269E-06,1.79736803850495,56.542364177304,15.0001458940622,15.0000525476427,""
139738.241086006,15.0000000948102,2.65151959416277E-06,1.43793537969295,3.31439949270346E-06,1.79741922461619,56.5424155847174,15.0001443456283,15.0000509984878,""
139753.685585976,15.0000003535129,2.65292422362251E-06,1.43797634784244,3.31615527952814E-06,1.79747043480305,56.5424303352375,15.0001438555496,15.0000505004929,""
139769.131955624,15.0000007703875,2.65472747717399E-06,1.43801733698762,3.31840934646749E-06,1.79752167123452,56.5424433927418,15.0001433654115,15.0000500024377,""
139784.576455593,15.0000006206161,2.65218275157413E-06,1.43805828752311,3.31522843946766E-06,1.79757285940389,56.5424691804487,15.0001428283632,15.0000494807903,""
139800.022825241,15.0000001178775,2.64675782118395E-06,1.43809922072787,3.30844727647994E-06,1.79762402590984,56.5424955583339,15.0001422912499,15.0000489590798,""
139815.467325449,14.9999999881607,2.6429723665188E-06,1.43814007350029,3.3037154581485E-06,1.79767509187536,56.5424542248752,15.0001423587492,15.0000490218167,""
139830.913694859,15.0000000908389,2.64027231632396E-06,1.43818088120597,3.30034039540495E-06,1.79772610150746,56.5424097733921,15.0001424262567,15.0000490845612,""
139846.358194828,15.0000002047854,2.64099047798977E-06,1.43822168660646,3.30123809748721E-06,1.79777710825807,56.5424542592217,15.0001418747126,15.0000485313988,""
139861.804564476,15.0000003257778,2.64397406938615E-06,1.43826249869234,3.30496758673268E-06,1.79782812336542,56.5425028274874,15.0001413231017,15.0000479781695,""
139877.249064445,15.0000001539564,2.64420966923086E-06,1.43830331881788,3.30526208653857E-06,1.79787914852235,56.5424033982713,15.0001394462152,15.0000461036921,""
139892.695434093,14.9999997995275,2.64262363736139E-06,1.43834415249047,3.30327954670174E-06,1.79793019061309,56.5422971919951,15.0001375691014,15.0000442289879,""
139908.139934063,14.9999998264975,2.64144265140093E-06,1.43838495801717,3.30180331425116E-06,1.79798119752146,56.5423622210885,15.0001388177222,15.0000454796176,""
139923.586303473,15.0000000913649,2.64053001985674E-06,1.43842575309477,3.30066252482093E-06,1.79803219136846,56.5424350623469,15.0001400664942,15.0000467303987,""
139939.030803442,15.0000003229433,2.63788168382229E-06,1.43846649947582,3.29735210477786E-06,1.79808312434478,56.5424774682574,15.0001397030814,15.0000463747626,""
139954.47717309,15.0000005337962,2.63408149070237E-06,1.43850722175976,3.29260186337797E-06,1.79813402719971,56.5425184964909,15.0001393396246,15.0000460190835,""
139969.921673059,15.0000002696509,2.63342129752914E-06,1.43854791704587,3.29177662191143E-06,1.79818489630733,56.5425972609444,15.0001413097917,15.0000479835507,""
139985.368042707,14.9999997089711,2.63484442540021E-06,1.43858860261366,3.29355553175026E-06,1.79823575326707,56.5426777451829,15.0001432801974,15.0000499482557,""
140000.812542677,14.9999996027949,2.63670890603415E-06,1.43862931649797,3.29588613254269E-06,1.79828664562246,56.5426448438815,15.0001485956883,15.0000552603691,""
140016.258912325,14.9999997803887,2.63886669814407E-06,1.43867005737665,3.29858337268009E-06,1.79833757172081,56.5426068159452,15.0001539118227,15.0000605731255,""
140031.703412294,14.9999999096609,2.63766033146879E-06,1.43871078142131,3.29707541433599E-06,1.79838847677663,56.5425882347349,15.000153250625,15.0000599162096,""
140047.149781942,15.000000008776,2.63422017080984E-06,1.43875150249252,3.2927752135123E-06,1.79843937811566,56.5425705271565,15.0001525893471,15.0000592592141,""
140062.594281912,14.9999999653804,2.6310234169392E-06,1.43879215853436,3.288779271174E-06,1.79849019816795,56.5425640548655,15.000148642189,15.0000553198612,""
140078.04065156,14.9999998329301,2.62798767237803E-06,1.43883277957874,3.28498459047254E-06,1.79854097447343,56.5425580863671,15.000144694553,15.0000513800314,""
140093.485151529,14.999999929231,2.6263931248583E-06,1.438873361621,3.28299140607288E-06,1.79859170202625,56.5426395619394,15.0001362331765,15.0000429196467,""
140108.931521177,15.0000001685339,2.62575568787576E-06,1.43891392592943,3.28219460984469E-06,1.79864240741178,56.5427249636417,15.0001277707756,15.0000344582378,""
140124.376021147,15.0000000778281,2.62546343041123E-06,1.43895447882953,3.28182928801404E-06,1.79869309853692,56.5427250983664,15.0001181452733,15.0000248314635,""
140139.822390795,14.9999997807568,2.6254004974807E-06,1.43899503232004,3.28175062185088E-06,1.79874379040005,56.5427214260413,15.0001085186058,15.0000152035238,""
140155.266890764,14.9999997451263,2.62370096330796E-06,1.43903555445508,3.27962620413495E-06,1.79879444306885,56.5427983704923,15.0001082608878,15.0000149579331,""
140170.713260174,14.99999987302,2.6209131780711E-06,1.43907606391277,3.27614147258887E-06,1.79884507989096,56.5428789134634,15.0001080031386,15.0000147123126,""
140186.157760382,14.9999999129888,2.61963390850287E-06,1.43911654004414,3.27454238562859E-06,1.79889567505517,56.5427918602585,15.0001142961446,15.0000209985957,""
140201.604129791,14.9999998979489,2.61935745264675E-06,1.43915700217156,3.27419681580844E-06,1.79894625271445,56.5426973573503,15.0001205899122,15.0000272856395,""
140217.048629761,14.9999998984357,2.61781761058425E-06,1.43919743475892,3.27227201323032E-06,1.79899679344865,56.5425946615417,15.000126590321,15.0000332976783,""
140232.494999409,14.9999999086414,2.61543712650718E-06,1.43923785584788,3.26929640813397E-06,1.79904731980985,56.5424915901935,15.0001325914563,15.0000393104449,""
140247.939499378,14.9999999260123,2.61451937453031E-06,1.43927825048063,3.26814921816288E-06,1.79909781310078,56.5426368724382,15.0001371693743,15.0000438859809,""
140263.385869026,14.9999999478732,2.61457465940138E-06,1.43931863565455,3.26821832425172E-06,1.79914829456819,56.5427931305672,15.0001417478466,15.0000484620709,""
140278.830369234,14.9999999866385,2.61479273591971E-06,1.43935901948061,3.26849091989964E-06,1.79919877435077,56.5428323742985,15.0001409263106,15.0000476452684,""
140294.276738644,15.0000000360002,2.61511920209958E-06,1.43939941055044,3.26889900262448E-06,1.79924926318805,56.5428664756767,15.0001401046751,15.0000468283671,""
140309.721238613,15.0000000787877,2.61247910007935E-06,1.43943975696454,3.26559887509919E-06,1.79929969620567,56.542836182714,15.0001345915291,15.0000413235979,""
140325.167608261,15.0000001174642,2.60786346887714E-06,1.43948008178455,3.25982933609642E-06,1.79935010223068,56.542803061795,15.0001290777158,15.0000358181624,""
140340.612108231,15.0000000862657,2.60540393823962E-06,1.43952034944015,3.25675492279953E-06,1.79940043680018,56.5427574087642,15.0001234650291,15.0000302079202,""
140356.058477879,15.0000000112617,2.6043797763454E-06,1.43956058714791,3.25547472043175E-06,1.79945073393489,56.5427112019999,15.0001178516629,15.0000245969989,""
140371.502977848,14.9999999488712,2.60213811503988E-06,1.43960078219122,3.25267264379985E-06,1.79950097773902,56.5427225918758,15.0001185121769,15.0000252700538,""
140386.949347258,14.9999998943779,2.59908495514539E-06,1.43964095692005,3.24885619393174E-06,1.79955119615007,56.5427364940024,15.0001191727708,15.0000259431901,""
140402.393847227,14.9999999029446,2.59812840295259E-06,1.43968110257066,3.24766050369074E-06,1.79960137821332,56.5426799905899,15.0001219518313,15.0000287199382,""
140417.840216875,14.9999999510685,2.59856875510908E-06,1.43972123694268,3.24821094388635E-06,1.79965154617835,56.5426204201282,15.0001247312282,15.0000314970224,""
140433.284716845,14.9999999546975,2.59999125128139E-06,1.43976138978926,3.24998906410174E-06,1.79970173723658,56.5425848644331,15.0001255366075,15.0000323012717,""
140448.731086493,14.9999999304071,2.60206869637875E-06,1.43980156305118,3.25258587047344E-06,1.79975195381398,56.5425503447936,15.0001263420842,15.0000331056184,""
140464.175586462,14.999999905044,2.60028839946778E-06,1.43984171036647,3.25036049933472E-06,1.79980213795809,56.5426372999313,15.0001288538477,15.0000356332141,""
140479.62195611,14.9999998790027,2.59593552659585E-06,1.43988184848214,3.24491940824481E-06,1.79985231060267,56.542729513479,15.0001313659153,15.0000381611158,""
140495.066456079,14.9999998353483,2.5926260292971E-06,1.43992191719031,3.24078253662138E-06,1.79990239648789,56.5426532839692,15.0001341836201,15.000040979447,""
140510.512825727,14.9999997806254,2.59001176516384E-06,1.43996194769157,3.2375147064548E-06,1.79995243461447,56.5425697906724,15.000137001666,15.0000437981193,""
140525.957325697,14.9999999864029,2.58778482365453E-06,1.44000193088982,3.23473102956816E-06,1.80000241361228,56.5425328372142,15.0001325630076,15.0000393702611,""
140541.403695345,15.0000003558556,2.58581584434741E-06,1.44004189059831,3.23226980543426E-06,1.80005236324789,56.5424978772449,15.0001281238118,15.0000349418669,""
140556.848195314,15.0000003426933,2.58602038183026E-06,1.44008184256296,3.23252547728783E-06,1.80010230320369,56.5423945994575,15.000120031932,15.0000268504659,""
140572.294564962,15.0000000891019,2.58767551707454E-06,1.44012179742381,3.23459439634317E-06,1.80015224677976,56.5422883844507,15.0001119390725,15.0000187580854,""
140587.739064932,14.9999999402746,2.58661908038667E-06,1.44016173622628,3.23327385048334E-06,1.80020217028285,56.5423655606204,15.0001051393668,15.0000119670729,""
140603.18543458,14.9999998572723,2.58375223619702E-06,1.44020167237107,3.22969029524627E-06,1.80025209046384,56.5424505720156,15.0000983388378,15.0000051752384,""
140618.629934549,14.9999999445396,2.58330981988347E-06,1.44024158802874,3.22913727485433E-06,1.80030198503592,56.5422563564667,15.0000917836636,14.9999986183557,""
140634.076303959,15.0000001388929,2.58448630999536E-06,1.44028149806371,3.2306078874942E-06,1.80035187257964,56.5420502382624,15.0000852276959,14.9999920606794,""
140649.520804167,15.000000112922,2.58363546214528E-06,1.44032139374357,3.2295443276816E-06,1.80040174217947,56.5420456613461,15.0000797665164,14.9999866032682,""
140664.967173576,14.9999999483528,2.58143020442615E-06,1.4403612878882,3.22678775553268E-06,1.80045160986025,56.5420496307901,15.0000743046759,14.9999811451965,""
140680.411673546,15.0000000580428,2.57942978972656E-06,1.44040113953183,3.22428723715821E-06,1.80050142441479,56.5420142267531,15.0000723802426,14.9999792247626,""
140695.858043194,15.000000340336,2.57756584553661E-06,1.44044097082418,3.22195730692076E-06,1.80055121353023,56.5419771536818,15.0000704555764,14.9999773040963,""
140711.302543163,15.0000003204081,2.57644311242766E-06,1.44048077423189,3.22055389053457E-06,1.80060096778986,56.5419842659278,15.0000684396562,14.9999752955512,""
140726.748912811,15.0000001102323,2.57581557485096E-06,1.44052056704081,3.21976946856369E-06,1.80065070880101,56.5419932412549,15.0000664234919,14.9999732867629,""
140742.193412781,14.9999999133085,2.5764142856702E-06,1.44056036235589,3.22051785708775E-06,1.80070045294486,56.5419756953371,15.000072827542,14.99997968553,""
140757.639782429,14.9999997246907,2.5778329864147E-06,1.44060016738512,3.22229123301837E-06,1.8007502092314,56.5419570329584,15.0000792323673,14.9999860850717,""
140773.084282637,14.9999999142398,2.57592777469579E-06,1.44063994251739,3.21990971836973E-06,1.80079992814673,56.5420419092811,15.0000889375281,14.9999958063062,""
140788.530652046,15.0000003420449,2.57179913485379E-06,1.44067970568828,3.21474891856724E-06,1.80084963211035,56.5421311327125,15.0000986438635,15.0000055287172,""
140803.975152016,15.0000003154367,2.56977835741552E-06,1.44071942018844,3.2122229467694E-06,1.80089927523556,56.5421893475164,15.0001014953111,15.0000083751883,""
140819.421521664,15.0000000024739,2.56916734659413E-06,1.44075911015131,3.21145918324266E-06,1.80094888768913,56.5422462750332,15.0001043471039,15.000011222004,""
140834.866021633,14.999999939174,2.57023967233145E-06,1.44079881000307,3.21279959041431E-06,1.80099851250383,56.5423791406422,15.0001024612651,15.0000093350374,""
140850.312391043,15.0000000332425,2.57243872208702E-06,1.44083852449417,3.21554840260877E-06,1.80104815561771,56.5425151834879,15.000100575198,15.0000074478424,""
140865.756891012,15.0000000570938,2.57153032068334E-06,1.44087822687293,3.21441290085417E-06,1.80109778359116,56.5425614521985,15.0001020717696,15.0000089493801,""
140881.20326066,15.0000000366711,2.56854156124929E-06,1.44091792916679,3.21067695156162E-06,1.80114741145848,56.5426040022006,15.0001035685225,15.0000104510996,""
140896.64776063,14.9999999409081,2.56720980536594E-06,1.44095759695084,3.20901225670742E-06,1.80119699618854,56.5426050232102,15.0001099627798,15.0000168422253,""
140912.094130278,14.9999997976002,2.56698734136147E-06,1.44099724964414,3.20873417670183E-06,1.80124656205517,56.5426043268488,15.0001163578111,15.0000232341247,""
140927.538630247,14.9999997807965,2.56644264644228E-06,1.44103688844503,3.20805330805285E-06,1.80129611055629,56.5426543506405,15.0001253968147,15.0000322800199,""
140942.984999895,14.9999998438188,2.56568200372467E-06,1.44107652595326,3.20710250465584E-06,1.80134565744158,56.5427064716952,15.0001344369126,15.0000413270102,""
140958.429499865,15.00000003156,2.56258984226619E-06,1.44111610858099,3.20323730283273E-06,1.80139513572624,56.5427230812707,15.0001382857879,15.0000451863508,""
140973.875869513,15.0000002980688,2.55793487484544E-06,1.44115566243971,3.1974185935568E-06,1.80144457804964,56.5427382336255,15.0001421351293,15.0000490461586,""
140989.320369482,15.0000002127989,2.55665142868092E-06,1.44119517749233,3.19581428585115E-06,1.80149397186541,56.5425165794405,15.0001406288282,15.0000475331542,""
141004.76673913,14.999999905369,2.55762742201083E-06,1.44123467452562,3.19703427751354E-06,1.80154334315702,56.5422851970276,15.0001391223448,15.0000460199667,""
141020.2112391,14.9999999589291,2.55834247996613E-06,1.4412741807967,3.19792809995767E-06,1.80159272599588,56.5423711521165,15.0001372232227,15.0000441228959,""
141035.657608747,15.0000002405402,2.5588827421778E-06,1.44131370125007,3.19860342772225E-06,1.80164212656259,56.5424700755005,15.0001353238707,15.0000422255953,""
141051.102108717,15.0000002014307,2.5569537646902E-06,1.44135318876974,3.19619220586275E-06,1.80169148596217,56.5424169944163,15.0001326815108,15.0000395944661,""
141066.548478127,14.9999999596402,2.55336842681778E-06,1.44139266218826,3.19171053352223E-06,1.80174082773532,56.5423577199603,15.000130038831,15.0000369630184,""
141081.992978096,15.0000000354718,2.55276878822805E-06,1.44143211065902,3.19096098528506E-06,1.80179013832378,56.5424288879346,15.0001296312454,15.0000365518081,""
141097.439347744,15.0000003121044,2.55417196712155E-06,1.44147155037253,3.19271495890193E-06,1.80183943796566,56.5425053568713,15.0001292236104,15.0000361405481,""
141112.883847713,15.0000001443171,2.55371350368875E-06,1.44151098249668,3.19214187961094E-06,1.80188872812085,56.542437300773,15.0001269535035,15.0000338719502,""
141128.330217361,14.9999996954562,2.55200569533466E-06,1.44155041750487,3.19000711916833E-06,1.80193802188109,56.5423633917217,15.0001246831219,15.0000316030777,""
141143.774717569,14.9999996986233,2.55002003953222E-06,1.44158981188163,3.18752504941527E-06,1.80198726485203,56.5423338417642,15.0001274056956,15.0000343324295,""
141159.221086979,14.9999999877433,2.54784747619803E-06,1.44162918695299,3.18480934524753E-06,1.80203648369124,56.5423060760915,15.0001301285988,15.0000370621116,""
141174.665586948,15.0000000057858,2.54674208639874E-06,1.44166853358976,3.18342760799842E-06,1.8020856669872,56.5423321883024,15.0001365193143,15.0000434518868,""
141190.111956596,14.9999998522879,2.5463530343891E-06,1.44170786909502,3.18294129298638E-06,1.80213483636878,56.5423604684276,15.0001429108035,15.0000498424356,""
141205.556456566,14.9999998653135,2.54518763351513E-06,1.44174718065804,3.18148454189392E-06,1.80218397582255,56.5424138057289,15.0001455950256,15.0000525356753,""
141221.002826214,14.9999999837583,2.54350055291565E-06,1.44178648409536,3.17937569114456E-06,1.8022331051192,56.5424681531744,15.0001482795728,15.0000552292411,""
141236.447326183,15.0000002469216,2.54047767000123E-06,1.44182573096995,3.17559708750154E-06,1.80228216371244,56.5424135847593,15.0001438678009,15.0000508280556,""
141251.893695831,15.0000006017824,2.53655669464283E-06,1.44186494778524,3.17069586830354E-06,1.80233118473155,56.5423546621379,15.0001394554949,15.0000464263374,""
141267.338196039,15.0000004156553,2.53589283419323E-06,1.44190413772387,3.16986604274154E-06,1.80238017215483,56.5423867049707,15.0001320263365,15.0000389916858,""
141282.784565449,14.9999998867806,2.53741785161705E-06,1.44194331753058,3.17177231452131E-06,1.80242914691323,56.5424223707827,15.000124596279,15.0000315561344,""
141298.229065418,14.9999998096978,2.53958450780652E-06,1.44198253067734,3.17448063475816E-06,1.80247816334668,56.5426050766283,15.000120655596,15.0000276147216,""
141313.675434828,15.0000000189064,2.54218296064526E-06,1.44202177417518,3.17772870080657E-06,1.80252721771897,56.5427936360276,15.000116714436,15.0000236728316,""
141329.119934797,15.0000000339757,2.54236445903513E-06,1.44206102358566,3.17795557379391E-06,1.80257627948207,56.5426734114415,15.0001155384895,15.0000224948398,""
141344.566304445,14.9999999259757,2.54092063981598E-06,1.44210028491857,3.17615079976998E-06,1.80262535614821,56.5425409679436,15.0001143624007,15.0000213167053,""
141360.010804415,14.9999998647125,2.53958756767513E-06,1.44213951654511,3.17448445959391E-06,1.80267439568138,56.5425543754263,15.0001156068609,15.0000225608653,""
141375.457174063,14.9999998330759,2.53832872350496E-06,1.44217873613268,3.1729109043812E-06,1.80272342016585,56.5425735298514,15.0001168514718,15.0000238051759,""
141390.901674032,14.9999998638299,2.53877256399547E-06,1.44221795402699,3.17346570499434E-06,1.80277244253374,56.5426253933358,15.0001184515973,15.0000254010805,""
141406.34804368,14.9999999341696,2.5403622137046E-06,1.44225717872419,3.17545276713075E-06,1.80282147340523,56.5426785475198,15.0001200519164,15.0000269971782,""
141421.79254365,14.9999999965633,2.53871732476972E-06,1.44229637806351,3.17339665596215E-06,1.80287047257938,56.5426327424902,15.000122275382,15.0000292285004,""
141437.238913298,15.0000000539267,2.53489495167219E-06,1.44233556827406,3.16861868959024E-06,1.80291946034257,56.5425830594457,15.0001244991167,15.0000314600927,""
141452.683413267,15.0000000080264,2.53088912301398E-06,1.44237468034104,3.16361140376748E-06,1.8029683504263,56.5424961040894,15.0001281787137,15.0000351431024,""
141468.129782915,14.9999998965619,2.52675896234541E-06,1.44241374771675,3.15844870293176E-06,1.80301718464594,56.5424076842099,15.0001318587561,15.0000388265581,""
141483.574282885,14.9999999049385,2.52653361697111E-06,1.44245279443835,3.15816702121388E-06,1.80306599304794,56.5423445995678,15.0001345888792,15.0000415540406,""
141499.020652533,14.9999999894224,2.52893813699493E-06,1.44249183515982,3.16117267124366E-06,1.80311479394978,56.5422824917329,15.0001373193328,15.0000442818534,""
141514.465152502,15.0000001114279,2.52920841036866E-06,1.44253088256995,3.16151051296082E-06,1.80316360321243,56.5423570790559,15.0001373174046,15.0000442838341,""
141529.911521912,15.0000002572942,2.52804087608228E-06,1.44256994239729,3.16005109510285E-06,1.80321242799662,56.5424369710266,15.0001373154763,15.0000442858152,""
141545.356021881,15.0000001802547,2.52856828726148E-06,1.44260900213109,3.16071035907685E-06,1.80326125266387,56.5425834487445,15.0001321253055,15.0000390864561,""
141560.802391529,14.9999999615432,2.53023805395949E-06,1.44264806971653,3.16279756744937E-06,1.80331008714566,56.5427325155696,15.0001269345065,15.0000338864676,""
141576.246891499,15.0000000931699,2.5306053985062E-06,1.44268714326695,3.16325674813275E-06,1.80335892908368,56.542724474169,15.0001222883954,15.0000292435409,""
141591.693261147,15.000000447541,2.53009482891585E-06,1.44272622875734,3.16261853614482E-06,1.80340778594667,56.5427103867601,15.0001176417218,15.0000246000521,""
141607.137761354,15.0000003900433,2.52723426486671E-06,1.44276526379925,3.15904283108338E-06,1.80345657974906,56.5427827922579,15.000115919108,15.0000228829508,""
141622.584130764,15.0000000706069,2.52278846126181E-06,1.4428042727329,3.15348557657726E-06,1.80350534091612,56.5428585235226,15.0001141962858,15.0000211656416,""
141638.028630733,14.9999999259145,2.51792130278571E-06,1.44284318842185,3.14740162848213E-06,1.80355398552732,56.5429317168197,15.0001164736369,15.000023459389,""
141653.475000381,14.9999998923606,2.51276894114041E-06,1.44288204910284,3.14096117642552E-06,1.80360256137855,56.5430048223261,15.0001187512637,15.0000257534142,""
141668.919500351,14.9999999791784,2.50833745306505E-06,1.44292082117655,3.13542181633132E-06,1.80365102647069,56.5429017318731,15.0001259192565,15.000032931899,""
141684.365869999,15.0000001426175,2.50439146547188E-06,1.44295954132444,3.13048933183985E-06,1.80369942665555,56.5427919180152,15.0001330881171,15.0000401112529,""
141699.810369968,15.0000000634575,2.50471467249236E-06,1.44299824995056,3.13089334061545E-06,1.8037478124382,56.542746487404,15.0001393310304,15.0000463509177,""
141715.256739616,14.9999998298385,2.50791939826523E-06,1.44303695864892,3.13489924783153E-06,1.80379619831115,56.5427034947319,15.0001455746995,15.0000525913378,""
141730.701239824,14.9999998181061,2.50981340220163E-06,1.44307570151543,3.13726675275203E-06,1.80384462689429,56.5427695671382,15.0001458171439,15.000052832879,""
141746.147609234,14.9999999476784,2.5108228615091E-06,1.44311447530549,3.13852857688637E-06,1.80389309413187,56.5428397731563,15.0001460596176,15.0000530744494,""
141761.592109203,15.0000002573495,2.50989350295285E-06,1.44315323306904,3.13736687869106E-06,1.8039415413363,56.5428874056321,15.000140758316,15.0000477817188,""
141777.038478613,15.0000006818169,2.50765457239726E-06,1.44319198786869,3.13456821549657E-06,1.80398998483586,56.5429341932048,15.0001354563728,15.0000424883475,""
141792.482978582,15.0000004149645,2.50617847190955E-06,1.44323070848258,3.13272308988694E-06,1.80403838560322,56.5431191504142,15.0001284942717,15.0000355256858,""
141807.92934823,14.9999997074872,2.50521740721274E-06,1.4432694138557,3.13152175901592E-06,1.80408676731962,56.5433093210081,15.0001215313279,15.0000285621811,""
141823.3738482,14.9999996887965,2.50505003270838E-06,1.44330810908664,3.13131254088547E-06,1.8041351363583,56.5434768021969,15.000120420103,15.000027448556,""
141838.820217848,15.0000001092143,2.50541897030305E-06,1.44334680531377,3.13177371287881E-06,1.80418350664221,56.5436434550797,15.0001193087436,15.0000263347961,""
141854.264717817,15.0000002319365,2.50528089523807E-06,1.44338549582591,3.13160111904759E-06,1.80423186978238,56.5436944990897,15.000117712904,15.0000247443107,""
141869.711087465,15.000000164831,2.50480006781083E-06,1.44342419032478,3.13100008476354E-06,1.80428023790598,56.5437412369444,15.0001161168711,15.0000231536328,""
141885.155587435,15.0000000237087,2.50145014326723E-06,1.44346282696236,3.12681267908403E-06,1.80432853370295,56.5437650570675,15.0001170981632,15.0000241480987,""
141900.601957083,14.9999998353385,2.49615953117017E-06,1.44350143231558,3.12019941396271E-06,1.80437679039448,56.5437880282647,15.0001180795741,15.000025142685,""
141916.046457052,14.999999873372,2.49384158238886E-06,1.44353998141916,3.11730197798607E-06,1.80442497677394,56.5439019605729,15.0001194687454,15.000026530874,""
141931.4928267,15.0000000559014,2.49353381107153E-06,1.44357850029974,3.11691726383941E-06,1.80447312537468,56.5440192766217,15.0001208580849,15.0000279192311,""
141946.93732667,15.0000000223326,2.49389691916999E-06,1.44361701920954,3.11737114896249E-06,1.80452127401193,56.5440632620502,15.0001193139418,15.0000263753804,""
141962.383696318,14.9999998507975,2.4947140079298E-06,1.44365554595705,3.11839250991225E-06,1.80456943244631,56.5441045461882,15.0001177696118,15.0000248313427,""
141977.828196287,14.9999998707967,2.4948655729884E-06,1.44369407281464,3.1185819662355E-06,1.8046175910183,56.5442442585979,15.000119051428,15.0000261117257,""
141993.274565697,15.0000000131206,2.49456674851859E-06,1.44373260756667,3.11820843564824E-06,1.80466575945833,56.54438760896,15.0001203333993,15.0000273922637,""
142008.719065666,15.0000000569225,2.49576158226555E-06,1.44377115522141,3.11970197783193E-06,1.80471394402676,56.5444905455891,15.0001210220479,15.0000280734567,""
142024.165435314,15.0000000377912,2.49796786014075E-06,1.44380971943655,3.12245982517594E-06,1.80476214929569,56.5445920138833,15.0001217107798,15.0000287547322,""
142039.609935284,14.9999999513633,2.49820863514415E-06,1.44384828926072,3.12276079393018E-06,1.8048103615759,56.544569130088,15.0001220757487,15.0000291255978,""
142055.056304932,14.99999982191,2.49711841564051E-06,1.4438868707145,3.12139801955063E-06,1.80485858839313,56.5445417018172,15.0001224407619,15.0000294965084,""
142070.500804901,14.9999997006741,2.49319818709344E-06,1.4439253837083,3.1164977338668E-06,1.80490672963537,56.544560617217,15.0001258010575,15.0000328634767,""
142085.947174549,14.9999995846676,2.48736009068078E-06,1.44396385814731,3.10920011335098E-06,1.80495482268414,56.544581221533,15.0001291617598,15.0000362308527,""
142101.391674757,14.9999997811412,2.48631033474507E-06,1.44400229438852,3.10788791843133E-06,1.80500286798564,56.544562876431,15.0001308818885,15.0000379493307,""
142116.838044167,15.0000001774956,2.48850501360864E-06,1.44404071255071,3.1106312670108E-06,1.80505089068838,56.5445431166407,15.0001326022253,15.0000396680168,""
142132.282544136,15.0000000985524,2.48831630997662E-06,1.44407912965711,3.11039538747078E-06,1.80509891207139,56.5445315844528,15.0001334840776,15.0000405511126,""
142147.728913784,14.9999997155173,2.48651206279305E-06,1.44411755385051,3.10814007849131E-06,1.80514694231313,56.5445203480991,15.0001343660366,15.0000414343153,""
142163.173413754,14.9999996002437,2.48255464661662E-06,1.44415590692002,3.10319330827078E-06,1.80519488365003,56.5443718633213,15.0001382825088,15.0000453691072,""
142178.619783401,14.9999996563105,2.4771365210696E-06,1.44419421955665,3.096420651337E-06,1.80524277444581,56.5442184186805,15.0001421994551,15.0000493043754,""
142194.064283371,14.9999997511978,2.47525679565507E-06,1.44423248247792,3.09407099456884E-06,1.8052906030974,56.5441750423636,15.0001423763857,15.0000494743541,""
142209.510652781,14.9999998709572,2.47577654640154E-06,1.44427071945366,3.09472068300193E-06,1.80533839931707,56.5441356090066,15.0001425533377,15.0000496443533,""
142224.95515275,15.0000000614006,2.47790324193337E-06,1.44430898618846,3.09737905241671E-06,1.80538623273557,56.5441670757013,15.0001358751109,15.0000429626034,""
142240.401522398,15.0000002971504,2.48112058314989E-06,1.44434728088791,3.10140072893737E-06,1.80543410110989,56.5442010804795,15.0001291960756,15.0000362800447,""
142255.846022367,15.0000002258826,2.4813456443792E-06,1.44438558394067,3.101682055474E-06,1.80548197992584,56.5440765840331,15.0001183271894,15.000025414744,""
142271.292392015,14.999999957907,2.47954005570086E-06,1.44442390044605,3.09942506962607E-06,1.80552987555757,56.5439464273455,15.0001074569875,15.0000145481281,""
142286.736891985,15.0000000669503,2.47854598724087E-06,1.44446219162481,3.09818248405109E-06,1.80557773953101,56.5440952605745,15.000100484398,15.0000075740755,""
142302.183261633,15.0000004176408,2.47810261821132E-06,1.44450047339279,3.09762827276415E-06,1.80562559174099,56.5442540117854,15.0000935109644,15.0000005991786,""
142317.627761602,15.0000003966047,2.47537286976347E-06,1.44453870705447,3.09421608720434E-06,1.80567338381809,56.5441290171462,15.0000901122809,14.999997215338,""
142333.07413125,15.0000001372468,2.47108998328184E-06,1.44457691582071,3.0888624791023E-06,1.80572114477589,56.5439939755877,15.000086713186,14.9999938310877,""
142348.51863122,15.0000000134908,2.4683914224027E-06,1.44461506564641,3.08548927800338E-06,1.80576883205802,56.5440575507184,15.0000916515103,14.9999987668823,""
142363.965000868,14.9999999766763,2.46676848811747E-06,1.44465318319134,3.08346061014683E-06,1.80581647898918,56.5441281297345,15.0000965904325,15.0000037032744,""
142379.409500837,14.9999998844545,2.46428628398081E-06,1.44469125299862,3.08035785497601E-06,1.80586406624827,56.5441041583459,15.0001051641703,15.0000122902696,""
142394.855870485,14.9999997566673,2.46121972683301E-06,1.44472929810966,3.07652465854126E-06,1.80591162263708,56.5440768658496,15.000113738946,15.0000208783044,""
142410.300370455,14.9999998467521,2.46184407755644E-06,1.44476733922746,3.07730509694555E-06,1.80595917403433,56.5440686967742,15.0001214063282,15.000028539133,""
142425.746740103,15.0000000766817,2.46497717954643E-06,1.44480538536636,3.08122147443303E-06,1.80600673170795,56.5440611953029,15.0001290746386,15.0000362008891,""
142441.191240072,15.0000001389058,2.46646802870901E-06,1.44484345914846,3.08308503588626E-06,1.80605432393557,56.5439952893484,15.0001326061809,15.0000397318155,""
142456.637609482,15.0000000934735,2.46684264082318E-06,1.44488155946692,3.08355330102898E-06,1.80610194933364,56.543927340668,15.0001361381507,15.0000432631693,""
142472.08210969,15.0000000280499,2.46612784640584E-06,1.44491964523569,3.0826598080073E-06,1.80614955654462,56.5437812820494,15.0001359834006,15.0000431106661,""
142487.528479099,14.9999999497742,2.4646720123104E-06,1.4449577288536,3.08084001538799E-06,1.806197161067,56.5436324943692,15.0001358286318,15.0000429581445,""
142502.972979069,14.9999999514663,2.46296194221839E-06,1.44499577717063,3.07870242777299E-06,1.80624472146328,56.5436161676246,15.000133611214,15.0000407420751,""
142518.419348717,15.000000004535,2.46107856842422E-06,1.44503380921171,3.07634821053027E-06,1.80629226151464,56.5436044186685,15.0001313935277,15.0000385257375,""
142533.863848686,14.9999998820961,2.46085365612155E-06,1.44507182764526,3.07606707015194E-06,1.80633978455658,56.543501890509,15.0001334753907,15.0000406011226,""
142549.310218334,14.9999996468365,2.46175728640566E-06,1.44510984455323,3.07719660800708E-06,1.80638730569154,56.5433962225828,15.0001355575056,15.0000426767589,""
142564.754718304,14.9999997078772,2.46011189305033E-06,1.44514783409599,3.07513986631291E-06,1.80643479261999,56.5433403165763,15.0001396037795,15.0000467357761,""
142580.201087952,14.9999999594254,2.45673101927221E-06,1.44518581274046,3.07091377409027E-06,1.80648226592557,56.5432861111943,15.0001436505432,15.0000507952846,""
142595.64558816,15.0000000834091,2.45474502205263E-06,1.44522374620099,3.06843127756579E-06,1.80652968275124,56.5432034483177,15.0001490053747,15.0000561504504,""
142611.091957569,15.0000001253761,2.45370841545245E-06,1.44526165661247,3.06713551931557E-06,1.80657707076559,56.5431198022351,15.0001543608542,15.0000615062643,""
142626.536457539,15.0000000707041,2.45177044127342E-06,1.4452995294651,3.06471305159177E-06,1.80662441183137,56.5431191070351,15.0001555406699,15.0000626899845,""
142641.982827187,14.9999999538473,2.44921813007384E-06,1.44533738444274,3.0615226625923E-06,1.80667173055342,56.5431212368024,15.0001567206285,15.000063873848,""
142657.427327156,15.0000000576864,2.44984718971813E-06,1.44537523708364,3.06230898714766E-06,1.80671904635455,56.5429767645287,15.0001514111411,15.0000585595211,""
142672.873696566,15.000000303584,2.45264394187535E-06,1.44541309583633,3.06580492734418E-06,1.80676636979542,56.54282730033,15.000146101011,15.0000532445509,""
142688.318196535,15.0000002908695,2.45414172846805E-06,1.44545098132218,3.06767716058506E-06,1.80681372665272,56.5428849268786,15.0001392669287,15.0000464111577,""
142703.764566183,15.0000001116542,2.45475452636869E-06,1.44548889273937,3.06844315796087E-06,1.80686111592421,56.5429495599226,15.000132432019,15.0000395769374,""
142719.209066153,14.9999999341961,2.45244063528237E-06,1.44552676561828,3.06555079410297E-06,1.80690845702285,56.5427711093053,15.000129170332,15.0000363224315,""
142734.655435801,14.9999997578344,2.44813101950874E-06,1.44556461993442,3.06016377438592E-06,1.80695577491802,56.5425844520226,15.0001259082502,15.0000330675316,""
142750.09993577,14.9999998938641,2.4451767165763E-06,1.44560241145054,3.05647089572038E-06,1.80700301431318,56.5426331431489,15.0001291195362,15.0000362788775,""
142765.546305418,15.0000002311844,2.44314606952026E-06,1.44564016783498,3.05393258690033E-06,1.80705020979373,56.542689733828,15.0001323312109,15.0000394906122,""
142780.990805387,15.0000002347074,2.44278418917592E-06,1.44567790813394,3.05348023646989E-06,1.80709738516742,56.5426091653951,15.0001363923548,15.0000435536001,""
142796.437175035,15.0000000231009,2.44356059839001E-06,1.44571564514542,3.05445074798752E-06,1.80714455643177,56.5425240043734,15.0001404539903,15.0000476170798,""
142811.881675005,14.9999999861151,2.44361418931279E-06,1.44575338068078,3.05451773664099E-06,1.80719172585097,56.5423649056003,15.0001415731089,15.0000487386079,""
142827.328044653,15.0000000617031,2.4431745648612E-06,1.44579112289423,3.0539682060765E-06,1.80723890361779,56.5422033262095,15.0001426923629,15.0000498602716,""
142842.772544622,15.000000083804,2.44155764177692E-06,1.44582883428336,3.05194705222115E-06,1.8072860428542,56.5422906883889,15.0001379819915,15.0000451500969,""
142858.21891427,15.000000071413,2.43913679737984E-06,1.44586653231402,3.0489209967248E-06,1.80733316539252,56.5423863143279,15.0001332710499,15.000040439352,""
142873.66341424,15.0000000303788,2.43955690272376E-06,1.44590422522257,3.04944612840469E-06,1.80738028152821,56.5422807380871,15.0001225681443,15.0000297298399,""
142889.109783888,14.9999999708568,2.44191683723212E-06,1.44594192231241,3.05239604654014E-06,1.80742740289051,56.5421685044472,15.000111863943,15.0000190190314,""
142904.554283857,15.0000001190166,2.44254156362521E-06,1.44597963135409,3.05317695453151E-06,1.80747453919262,56.5421876712275,15.0000993401759,15.0000064985221,""
142920.000653267,15.0000004012435,2.44198129229738E-06,1.44601735624095,3.05247661537172E-06,1.80752169530119,56.5422111625997,15.0000868148929,14.9999939764972,""
142935.445153475,15.0000003213729,2.43917655817681E-06,1.44605503161209,3.04897069772101E-06,1.80756878951511,56.5422805495797,15.0000779910053,14.9999851629116,""
142950.891522884,15.0000000077074,2.43483784784708E-06,1.44609268082927,3.04354730980885E-06,1.80761585103659,56.5423514489661,15.0000691660497,14.9999763482593,""
142966.336022854,14.9999999044097,2.43145315245288E-06,1.44613026060771,3.0393164405661E-06,1.80766282575964,56.5422248237831,15.0000715122068,14.9999786967325,""
142981.782392502,14.9999999369577,2.42871974304571E-06,1.44616780058952,3.03589967880714E-06,1.8077097507369,56.542091736535,15.0000738586478,14.99998104549,""
142997.226892471,14.9999999395981,2.42783007283522E-06,1.44620531435228,3.03478759104403E-06,1.80775664294035,56.5421636764987,15.000082136258,14.9999893271988,""
143012.673262119,14.9999999229165,2.42820061877436E-06,1.4462428178373,3.03525077346795E-06,1.80780352229662,56.5422422900765,15.0000904148703,14.9999976099102,""
143028.117762089,14.9999998849574,2.42962564400052E-06,1.44628033986832,3.03703205500065E-06,1.8078504248354,56.5422008554403,15.0000980350365,15.0000052198562,""
143043.564131737,14.999999833239,2.43177203050092E-06,1.44631788222987,3.03971503812615E-06,1.80789735278734,56.542155528825,15.0001056561251,15.0000128307235,""
143059.008631945,14.9999998949451,2.43033339838462E-06,1.44635540404645,3.03791674798077E-06,1.80794425505806,56.5421931886912,15.0001095538732,15.0000167389839,""
143074.455001354,15.0000000299959,2.42644223269119E-06,1.44639291945756,3.03305279086398E-06,1.80799114932195,56.5422335294107,15.0001134520931,15.0000206477173,""
143089.899501324,15.0000001820069,2.42547924580143E-06,1.44643040418695,3.03184905725178E-06,1.80803800523369,56.542186082667,15.0001131422002,15.0000203328243,""
143105.345870972,15.0000003450174,2.42651961639125E-06,1.44646787556526,3.03314952048906E-06,1.80808484445658,56.5421358103467,15.0001128322697,15.0000200178933,""
143120.790370941,15.0000002410712,2.42521993225445E-06,1.44650532534308,3.03152491531806E-06,1.80813165667885,56.5422228547332,15.000109896801,15.0000170922799,""
143136.236740351,14.9999999643876,2.42231835682887E-06,1.44654276797265,3.02789794603608E-06,1.80817845996581,56.5423143027663,15.0001069609771,15.0000141663124,""
143151.68124032,14.9999998587056,2.42077655879073E-06,1.44658017386749,3.02597069848842E-06,1.80822521733436,56.5423107670758,15.0001022271643,15.0000094304499,""
143167.127609968,14.9999998636767,2.42016541441151E-06,1.44661756224016,3.02520676801439E-06,1.8082719528002,56.5423042046489,15.0000974927786,15.0000046940142,""
143182.572109938,14.999999914956,2.41724865059896E-06,1.44665489926944,3.0215608132487E-06,1.8083186240868,56.5423739179756,15.0000955736154,15.0000027908568,""
143198.018479586,14.9999999962272,2.41275227654652E-06,1.44669220875138,3.01594034568314E-06,1.80836526093923,56.5424460604168,15.0000936542199,15.000000887469,""
143213.462979555,14.9999999624862,2.41326649108305E-06,1.44672950868105,3.01658311385381E-06,1.80841188585132,56.5423738989259,15.0000960135254,15.0000032325065,""
143228.909349203,14.9999998542493,2.41721337921545E-06,1.44676680967564,3.02151672401931E-06,1.80845851209455,56.5422971679162,15.0000983731164,15.0000055778279,""
143244.353849173,15.0000000071949,2.41760783103957E-06,1.44680412363164,3.02200978879946E-06,1.80850515453956,56.5423550971243,15.0001039554978,15.0000111709264,""
143259.800218821,15.000000329389,2.41556798244285E-06,1.44684145408236,3.01945997805356E-06,1.80855181760295,56.5424172719518,15.000109538555,15.000016764702,""
143275.24471879,15.0000002907478,2.416084977732E-06,1.44687878212119,3.020106222165E-06,1.80859847765149,56.5422811828319,15.0001151176137,15.0000223324162,""
143290.691088438,15.000000018235,2.41835474051847E-06,1.44691611612316,3.02294342564809E-06,1.80864514515395,56.5421388619616,15.0001206973478,15.0000279008045,""
143306.135588408,14.9999999540877,2.41697270593496E-06,1.44695343079546,3.0212158824187E-06,1.80869178849433,56.5420685731895,15.0001261173201,15.0000333317772,""
143321.581958055,15.0000000250203,2.41308640067957E-06,1.44699073982832,3.01635800084946E-06,1.8087384247854,56.5420005242799,15.0001315379485,15.0000387634073,""
143337.026458025,15.0000000843951,2.40990574804651E-06,1.44702798403414,3.01238218505813E-06,1.80878498004267,56.5419869824252,15.0001328881155,15.0000401168475,""
143352.472827435,15.0000001362856,2.40720844965331E-06,1.44706519137608,3.00901056206664E-06,1.8088314892201,56.5419751334194,15.0001342384459,15.0000414704514,""
143367.917327404,15.0000000693147,2.40637307576275E-06,1.44710237355645,3.00796634470344E-06,1.80887796694557,56.5420262607315,15.0001312654483,15.0000384959097,""
143383.363697052,14.999999925213,2.4068150028347E-06,1.4471395460625,3.00851875354337E-06,1.80892443257812,56.5420793441566,15.0001282920907,15.000035521008,""
143398.808197021,14.999999951395,2.40635464760732E-06,1.44717670822804,3.00794330950915E-06,1.80897088528505,56.5421841115786,15.0001263046779,15.0000335354288,""
143414.254566669,15.0000000881008,2.40527495227329E-06,1.44721387088312,3.00659369034162E-06,1.8090173386039,56.5422904855497,15.0001243170244,15.0000315496093,""
143429.699066877,14.9999999317151,2.40352387489238E-06,1.44725099889389,3.00440484361547E-06,1.80906374861736,56.5420995049061,15.0001263466588,15.0000335871632,""
143445.145436287,14.9999995850071,2.40131152356615E-06,1.44728811069944,3.00163940445768E-06,1.8091101383743,56.541899370907,15.0001283765387,15.0000356249638,""
143460.589936256,14.9999995845149,2.40166894702112E-06,1.44732521718826,3.0020861837764E-06,1.80915652148533,56.5420245887809,15.000133182539,15.0000404256157,""
143476.036305904,14.9999998088834,2.40379117769073E-06,1.44736232760238,3.00473897211342E-06,1.80920290950298,56.5421597695584,15.0001379891211,15.0000452268487,""
143491.480805874,14.9999998679532,2.40581987624765E-06,1.44739947094245,3.00727484530957E-06,1.80924933867806,56.5420882778804,15.0001396524331,15.0000468831193,""
143506.927175522,14.9999998196389,2.40778473857645E-06,1.4474366444858,3.00973092322057E-06,1.80929580560726,56.5420104850669,15.0001413159464,15.0000485395904,""
143522.371675491,14.9999998106192,2.40509524170463E-06,1.44747377761474,3.00636905213079E-06,1.80934222201842,56.541819544148,15.000139065307,15.0000463022727,""
143537.818045139,14.9999998271367,2.39920698176503E-06,1.44751089055729,2.99900872720629E-06,1.80938861319662,56.541625149121,15.0001368143951,15.0000440646842,""
143553.262545347,14.9999997545747,2.39561058284853E-06,1.44754792660816,2.99451322856066E-06,1.8094349082602,56.5416158304324,15.0001344975517,15.0000417473483,""
143568.708914757,14.9999996240819,2.39358876483977E-06,1.44758491737109,2.99198595604972E-06,1.80948114671386,56.5416120977326,15.0001321804279,15.0000394297319,""
143584.153414726,14.9999997136995,2.39378595973991E-06,1.44762190092185,2.99223244967489E-06,1.80952737615231,56.5415887434861,15.0001295852797,15.0000368323556,""
143599.599784136,14.999999946493,2.39550890061132E-06,1.44765888706832,2.99438612576415E-06,1.80957360883539,56.541564796506,15.0001269898174,15.0000342346649,""
143615.044284105,14.9999999591952,2.39721552000558E-06,1.4476959000215,2.99651940000697E-06,1.80961987502687,56.5415429526963,15.0001241114487,15.0000313497539,""
143630.490653753,14.9999998287042,2.39891126266772E-06,1.44773293897352,2.99863907833465E-06,1.8096661737169,56.5415211691142,15.0001212327316,15.0000284644937,""
143645.935153723,14.9999999236712,2.3990768463044E-06,1.44776998084092,2.9988460578805E-06,1.80971247605115,56.5413809023437,15.0001216085769,15.000028841659,""
143661.381523371,15.0000001653958,2.39818974874774E-06,1.44780703228328,2.99773718593467E-06,1.8097587903541,56.5412370869221,15.0001219844676,15.0000292188699,""
143676.82602334,15.0000001901255,2.39476512711893E-06,1.44784402381358,2.99345640889867E-06,1.80980502976697,56.5413952275491,15.0001215735991,15.0000288149655,""
143692.272392988,15.00000007358,2.38959351684239E-06,1.44788098167313,2.98699189605299E-06,1.80985122709142,56.5415623483551,15.0001211626809,15.0000284110121,""
143707.716892958,15.000000132814,2.38678669963382E-06,1.44791787696432,2.98348337454228E-06,1.8098973462054,56.5416134095402,15.0001187732715,15.0000260295183,""
143723.163262606,15.0000003065455,2.38560721973417E-06,1.44795473672494,2.98200902466772E-06,1.80994342090617,56.5416610479449,15.0001163835729,15.0000236477361,""
143738.607762575,15.0000003012582,2.38473270320357E-06,1.44799157515691,2.98091587900447E-06,1.80998946894614,56.541680488836,15.0001112803567,15.0000185434124,""
143754.054132223,15.0000001793334,2.38406800670445E-06,1.44802840643238,2.98008500838056E-06,1.81003550804048,56.5416991026325,15.0001061765227,15.0000134384707,""
143769.498632193,15.0000001797212,2.3839696487834E-06,1.44806522983884,2.97996206097925E-06,1.81008153729855,56.5416597599806,15.0001041385001,15.0000113973332,""
143784.945001841,15.0000002598274,2.38426137162452E-06,1.44810205535336,2.98032671453065E-06,1.8101275691917,56.5416187148917,15.0001021002308,15.0000093559485,""
143800.38950181,15.0000000646391,2.38715730817306E-06,1.44813892197056,2.98394663521633E-06,1.8101736524632,56.5416372243013,15.0001015489687,15.0000087916858,""
143815.83587122,14.9999996899233,2.39184819437984E-06,1.44817582444588,2.9898102429748E-06,1.81021978055735,56.5416574727219,15.0001009976399,15.0000082273549,""
143831.280371189,14.9999997010884,2.39105706503362E-06,1.44821272356333,2.98882133129203E-06,1.81026590445416,56.5416544552435,15.00010341346,15.0000106559048,""
143846.726740837,14.9999999639331,2.38648740575328E-06,1.4482496279117,2.9831092571916E-06,1.81031203488962,56.5416507619005,15.0001058295726,15.0000130847487,""
143862.171240807,15.000000000308,2.38083580106952E-06,1.448286427525,2.97604475133689E-06,1.81035803440625,56.5416339444688,15.0001110914639,15.0000183572987,""
143877.617610455,14.9999998889316,2.37443710560006E-06,1.44832316245616,2.96804638200007E-06,1.8104039530702,56.5416167455873,15.0001163539922,15.000023630487,""
143893.062110424,14.9999998527183,2.37351477286425E-06,1.4483598605429,2.96689346608031E-06,1.81044982567862,56.5417371785451,15.000122109311,15.0000293767312,""
143908.508480072,14.9999998655546,2.37636901141379E-06,1.44839654072638,2.97046126426724E-06,1.81049567590797,56.5418615871482,15.0001278653265,15.000035123671,""
143923.95298028,14.9999998369522,2.37617371868065E-06,1.44843322154438,2.97021714835081E-06,1.81054152693047,56.5420429542859,15.0001305780941,15.000037847831,""
143939.399349689,14.9999997812887,2.37387464716653E-06,1.4484699103024,2.96734330895816E-06,1.810587387878,56.5422259758088,15.0001332911899,15.0000405723207,""
143954.843849659,14.9999998246801,2.37341407390972E-06,1.44850658099453,2.96676759238715E-06,1.81063322624317,56.5422526322882,15.0001364074565,15.0000436831576,""
143970.290219307,14.9999999327757,2.37422209075326E-06,1.44854324672229,2.96777761344157E-06,1.81067905840286,56.5422748324087,15.0001395241003,15.0000467943711,""
143985.734719276,15.0000000591598,2.37291611791931E-06,1.44857989012652,2.96614514739913E-06,1.81072486265816,56.5421414890297,15.0001410503062,15.0000483314123,""
144001.181088924,15.000000197518,2.3701506444336E-06,1.44861652561941,2.962688305542E-06,1.81077065702426,56.5420037127202,15.0001425766969,15.0000498686395,""
144016.625588894,15.0000001281143,2.36935428730542E-06,1.4486531365573,2.96169285913177E-06,1.81081642069663,56.5420494276843,15.0001418713882,15.0000491596389,""
144032.071958542,14.9999999229066,2.36991741004192E-06,1.44868973803268,2.9623967625524E-06,1.81086217254084,56.5421003346975,15.0001411659941,15.0000484505524,""
144047.51645875,14.9999999662895,2.36977174887504E-06,1.44872633441945,2.9622146860938E-06,1.81090791802431,56.5421944960367,15.0001387504723,15.0000460367504,""
144062.962827921,15.0000001722133,2.36913650590722E-06,1.44876293477972,2.96142063238403E-06,1.81095366847465,56.5422898861344,15.0001363346581,15.0000436226563,""
144078.40732789,15.0000000974496,2.36716690911206E-06,1.44879949849509,2.95895863639008E-06,1.81099937311887,56.542222811391,15.0001338546321,15.0000411506422,""
144093.853697538,14.9999998390891,2.36427500117468E-06,1.44883604437612,2.95534375146835E-06,1.81104505547016,56.5421511778257,15.0001313743058,15.0000386783289,""
144109.298197508,14.9999998485606,2.36364454759238E-06,1.44887256793766,2.95455568449047E-06,1.81109070992207,56.5422899470035,15.000131650703,15.0000389448492,""
144124.744567156,15.0000000332689,2.364576881991E-06,1.44890908355111,2.95572110248875E-06,1.81113635443889,56.5424345997004,15.0001319271337,15.0000392114018,""
144140.189067125,15.0000001849421,2.36826821427011E-06,1.44894565438887,2.96033526783764E-06,1.81118206798608,56.5424765654425,15.000135421468,15.0000426900894,""
144155.635436773,15.0000003150242,2.37386765509516E-06,1.44898227089213,2.96733456886895E-06,1.81122783861516,56.5425156865153,15.0001389162252,15.0000461691981,""
144171.079936743,15.0000001525853,2.37308924441327E-06,1.44901888671021,2.96636155551659E-06,1.81127360838776,56.5425562190802,15.0001424213949,15.0000496901473,""
144186.526306391,14.9999997985918,2.36790019720705E-06,1.44905550955241,2.95987524650881E-06,1.81131938694051,56.5425967956803,15.0001459269889,15.0000532115227,""
144201.97080636,14.9999997060277,2.36276388733683E-06,1.44909203402345,2.95345485917103E-06,1.81136504252931,56.5424739254188,15.0001514827516,15.0000587719774,""
144217.417176008,14.9999997846704,2.35766300606564E-06,1.44912849792741,2.94707875758205E-06,1.81141062240926,56.5423465454917,15.0001570391868,15.0000643331053,""
144232.861675978,14.9999999105523,2.35536814097978E-06,1.44916490762805,2.94421017622472E-06,1.81145613453507,56.5424864781717,15.0001584134021,15.0000657063014,""
144248.308045626,15.0000000674098,2.35501442637437E-06,1.44920128728033,2.94376803296796E-06,1.81150160910041,56.5426337445271,15.0001597877837,15.0000670796638,""
144263.752545595,15.0000000950778,2.35582701100859E-06,1.44923767408647,2.94478376376074E-06,1.81154709260808,56.5425640659309,15.0001584481653,15.000065742523,""
144279.198915005,15.0000000380784,2.35744702623139E-06,1.44927407329746,2.94680878278923E-06,1.81159259162182,56.5424884686611,15.0001571083847,15.0000644052203,""
144294.643414974,14.999999899288,2.3559591886793E-06,1.44931044966998,2.94494898584913E-06,1.81163806208747,56.5424941254123,15.0001538939725,15.0000611962875,""
144310.089784622,14.9999997068439,2.35231926746328E-06,1.44934681768207,2.9403990843291E-06,1.81168352210258,56.5425019860101,15.0001506791712,15.0000579869663,""
144325.534284592,14.9999997151602,2.35011241812418E-06,1.44938313699468,2.93764052265522E-06,1.81172892124335,56.542460929053,15.0001459691647,15.0000532797878,""
144340.98065424,14.9999998551518,2.34889763067632E-06,1.44941943002094,2.9361220383454E-06,1.81177428752617,56.5424185468745,15.000141258588,15.0000485720394,""
144356.425154209,14.999999828664,2.34820907528997E-06,1.44945570461388,2.93526134411247E-06,1.81181963076735,56.5424717852485,15.0001366987195,15.0000440133009,""
144371.871523857,14.999999692943,2.34788494590534E-06,1.44949197387002,2.93485618238168E-06,1.81186496733753,56.5425275985043,15.0001321382991,15.0000394540105,""
144387.316024065,14.9999998556476,2.3472144931021E-06,1.44952822747302,2.93401811637762E-06,1.81191028434127,56.5424214015302,15.0001298130439,15.0000371326094,""
144402.762393475,15.0000002142513,2.34630390167912E-06,1.44956447765711,2.9328798770989E-06,1.81195559707138,56.5423108606173,15.0001274875074,15.0000348109273,""
144418.206893444,15.0000003083483,2.34754931516517E-06,1.44960074014244,2.93443664395646E-06,1.81200092517805,56.5423610232167,15.000125588198,15.0000329017806,""
144433.653263092,15.0000002287992,2.35028954218344E-06,1.44963701858764,2.9378619277293E-06,1.81204627323455,56.5424154673569,15.0001236886588,15.0000309924028,""
144449.097763062,15.0000000278862,2.35101132788871E-06,1.44967331145214,2.93876415986089E-06,1.81209163931517,56.5424290364114,15.0001205038352,15.0000278080125,""
144464.54413271,14.9999997472222,2.35033363983011E-06,1.44970962175531,2.93791704978763E-06,1.81213702719414,56.5424415249383,15.0001173186261,15.0000246232367,""
144479.988632679,14.9999998137055,2.3481211229763E-06,1.44974589159551,2.93515140372037E-06,1.81218236449439,56.542299102551,15.0001169082524,15.0000242202588,""
144495.435002089,15.0000001082854,2.34484355384379E-06,1.44978214080522,2.93105444230473E-06,1.81222767600653,56.542152580787,15.000116497829,15.000023817232,""
144510.879502058,15.0000001133013,2.34312117146301E-06,1.44981834987438,2.92890146432876E-06,1.81227293734297,56.5421166514501,15.0001195846646,15.0000269027676,""
144526.325871706,14.9999999280023,2.34247748212761E-06,1.44985453851689,2.92809685265951E-06,1.81231817314612,56.5420836175061,15.000122671874,15.0000299886767,""
144541.770371675,14.99999999478,2.3408355782498E-06,1.44989069562274,2.92604447281224E-06,1.81236336952842,56.5420449805314,15.0001254811908,15.0000328004187,""
144557.216741323,15.0000002273068,2.33850052978836E-06,1.44992683825567,2.92312566223544E-06,1.81240854781959,56.542006192554,15.0001282908476,15.0000356125011,""
144572.661241293,15.0000001521758,2.33756337279921E-06,1.44996295553062,2.92195421599901E-06,1.81245369441327,56.5421137882332,15.0001311262288,15.000038453089,""
144588.107610941,14.9999998746802,2.33759651969838E-06,1.44999906260838,2.92199564962297E-06,1.81249882826047,56.5422251983027,15.0001339619533,15.0000412940208,""
144603.55211091,14.9999998552696,2.33394016815547E-06,1.45003510893192,2.91742521019434E-06,1.8125438861649,56.5423160037541,15.0001356302381,15.0000429726591,""
144618.998480558,15.0000000056596,2.32772083083788E-06,1.45007112045778,2.90965103854735E-06,1.81258890057222,56.5424062880839,15.0001372987248,15.0000446515006,""
144634.442980528,15.0000000962014,2.32617955568548E-06,1.45010708651284,2.90772444460685E-06,1.81263385814105,56.5424007626,15.0001357884883,15.0000431381692,""
144649.889350176,15.0000001473713,2.32788770835004E-06,1.45014302835894,2.90985963543755E-06,1.81267878544868,56.5423927730233,15.000134278069,15.0000416246545,""
144665.333850145,15.0000000995152,2.32965894446835E-06,1.45017899796212,2.91207368058544E-06,1.81272374745265,56.5424008984463,15.00013027047,15.0000376185412,""
144680.780219793,14.999999986451,2.33147437991812E-06,1.45021499423356,2.91434297489765E-06,1.81276874279195,56.5424094371656,15.0001262623858,15.0000336119428,""
144696.224719763,14.999999816036,2.33184615072348E-06,1.45025099693352,2.91480768840436E-06,1.8128137461669,56.5425170532422,15.0001249497435,15.000032298631,""
144711.671089411,14.9999996078139,2.33121450953078E-06,1.45028701148985,2.91401813691348E-06,1.81285876436231,56.5426272048668,15.0001236369424,15.0000309851602,""
144727.11558938,14.9999997642255,2.32976531484962E-06,1.45032299754934,2.91220664356203E-06,1.81290374693668,56.5427240132076,15.0001241297257,15.000031480431,""
144742.56195879,15.0000001609107,2.32774737110636E-06,1.45035897117963,2.90968421388295E-06,1.81294871397454,56.5428204955848,15.0001246225687,15.0000319757618,""
144758.006458998,15.0000001602955,2.32594757324308E-06,1.4503949070603,2.90743446655385E-06,1.81299363382538,56.5427522183358,15.0001220417172,15.0000293994245,""
144773.452828407,14.9999998978237,2.32429913057949E-06,1.45043082405959,2.90537391322437E-06,1.81303853007448,56.5426797803009,15.0001194605535,15.0000268227753,""
144788.897328377,15.0000000038434,2.32362376173114E-06,1.45046672171201,2.90452970216393E-06,1.81308340214001,56.5426299106566,15.0001171460345,15.000024508381,""
144804.343698025,15.0000003528379,2.32362525000694E-06,1.45050261327299,2.90453156250867E-06,1.81312826659123,56.542580600727,15.0001148312353,15.0000221937066,""
144819.788197994,15.0000003395202,2.32325437810453E-06,1.45053849476517,2.90406797263066E-06,1.81317311845646,56.542558426308,15.0001098416949,15.0000172017875,""
144835.234567642,15.000000087237,2.32262428988361E-06,1.45057437661679,2.90328036235451E-06,1.81321797077099,56.5425369261101,15.0001048515505,15.0000122092641,""
144850.679067612,15.0000000757876,2.320947417138E-06,1.45061022648094,2.9011842714225E-06,1.81326278310117,56.5425672459219,15.0001011676628,15.0000085347174,""
144866.12543726,15.0000002232332,2.31854148094408E-06,1.45064606143813,2.8981768511801E-06,1.81330757679766,56.5425988557035,15.0000974833291,15.0000048597258,""
144881.569937468,15.0000001488564,2.31805057187538E-06,1.4506818778247,2.89756321484423E-06,1.81335234728088,56.5424806653837,15.000098487126,15.00000585882,""
144897.016306877,14.9999999280594,2.31889311160171E-06,1.45071768863312,2.89861638950213E-06,1.8133971107914,56.542358761306,15.0000994910443,15.0000068580352,""
144912.460806847,14.9999998939207,2.31810287528475E-06,1.45075348522867,2.89762859410594E-06,1.81344185653584,56.5424780422568,15.0001043619501,15.0000117309506,""
144927.907176495,14.9999999830146,2.3161751316615E-06,1.45078927927558,2.89521891457688E-06,1.81348659909447,56.5426032630703,15.0001092334455,15.0000166044559,""
144943.351676464,15.0000001045677,2.31360820949838E-06,1.45082502402082,2.89201026187298E-06,1.81353128002602,56.5426174818798,15.0001112604243,15.000018638651,""
144958.798045874,15.0000002475837,2.31059539199588E-06,1.45086074175527,2.88824423999485E-06,1.81357592719408,56.5426289896278,15.0001132876485,15.0000206730923,""
144974.242545843,15.000000291985,2.30984399118242E-06,1.4508964352525,2.88730498897803E-06,1.81362054406562,56.5426745988051,15.0001116443482,15.0000190326971,""
144989.688915491,15.0000002712403,2.3106686272042E-06,1.45093211918885,2.88833578400525E-06,1.81366514898606,56.5427210427257,15.000110000849,15.0000173921032,""
145005.133415461,15.0000001452107,2.3103562078917E-06,1.45096779625245,2.88794525986462E-06,1.81370974531556,56.5428342185973,15.0001119580156,15.0000193463546,""
145020.579785109,14.9999999495697,2.30925096532021E-06,1.45100347585455,2.88656370665026E-06,1.81375434481819,56.5429490224413,15.0001139154191,15.0000213008426,""
145036.024285078,15.0000000245818,2.30647916870725E-06,1.45103910528185,2.88309896088406E-06,1.81379888160232,56.5428379981757,15.0001185388895,15.0000259369874,""
145051.470654726,15.0000002785548,2.30254452367747E-06,1.45107470703785,2.87818065459683E-06,1.81384338379731,56.5427215270715,15.0001231629196,15.0000305736935,""
145066.915154696,15.000000294908,2.30044426441262E-06,1.45111026122027,2.87555533051578E-06,1.81388782652534,56.5428481764292,15.0001271655742,15.0000345778236,""
145082.361524343,15.0000001541043,2.29962328758608E-06,1.45114578952094,2.8745291094826E-06,1.81393223690117,56.5429806597268,15.0001311687133,15.0000385824383,""
145097.806024313,15.0000000585756,2.30222296956717E-06,1.4511813514193,2.87777871195896E-06,1.81397668927412,56.5429388469206,15.0001328717656,15.0000402747328,""
145113.252393961,14.9999999929828,2.30721024585353E-06,1.45121694407262,2.88401280731691E-06,1.81402118009078,56.5428928798814,15.000134575024,15.0000419672321,""
145128.69689393,15.000000011018,2.30608529321455E-06,1.45125252873838,2.88260661651819E-06,1.81406566092297,56.5431229544208,15.0001319885542,15.0000393991177,""
145144.143263578,15.0000000844063,2.30069348427097E-06,1.45128811514329,2.87586685533871E-06,1.81411014392911,56.543359593516,15.0001294017713,15.0000368306923,""
145159.587763548,14.99999993282,2.29397623052868E-06,1.45132357869051,2.86747028816084E-06,1.81415447336314,56.5435062192499,15.0001267086862,15.0000341517855,""
145175.034133196,14.9999996322505,2.2863320928671E-06,1.4513589637422,2.85791511608388E-06,1.81419870467774,56.5436507432556,15.0001240152751,15.0000314725543,""
145190.478633165,14.9999997044437,2.28286348301236E-06,1.45139426997585,2.85357935376545E-06,1.81424283746982,56.5436612492743,15.0001216057596,15.0000290707041,""
145205.925002575,15.0000000235383,2.28231063872177E-06,1.45142952841641,2.85288829840222E-06,1.81428691052051,56.543668617344,15.0001191959525,15.0000266685632,""
145221.369502544,15.0000002563074,2.28223819067528E-06,1.45146477995613,2.8527977383441E-06,1.81433097494517,56.5437707878652,15.0001123405967,15.000019815197,""
145236.815872192,15.0000004319285,2.28250137131321E-06,1.45150003392309,2.85312671414151E-06,1.81437504240386,56.5438751796874,15.0001054844111,15.0000129610013,""
145252.2603724,15.0000003595826,2.28497974026852E-06,1.45153532262462,2.85622467533565E-06,1.81441915328077,56.5439555616596,15.0000990853454,15.0000065538784,""
145267.70674181,15.0000001228746,2.28900679602533E-06,1.45157064285802,2.86125849503167E-06,1.81446330357252,56.544035397263,15.0000926855054,15.0000001459802,""
145283.151241779,14.9999998607753,2.29018034503661E-06,1.45160598795742,2.86272543129576E-06,1.81450748494678,56.5441091010723,15.0000926697003,15.000000138651,""
145298.597611427,14.9999995817883,2.28935923969253E-06,1.45164135771048,2.86169904961566E-06,1.8145516971381,56.5441826727091,15.0000926538932,15.0000001313209,""
145314.042111397,14.9999995485265,2.28683573502779E-06,1.45167668196032,2.85854466878474E-06,1.81459585245041,56.5441438775193,15.0000970687966,15.0000045477327,""
145329.488481045,14.9999996782332,2.28312119868329E-06,1.45171198165586,2.85390149835411E-06,1.81463997706982,56.5441025023924,15.0001014842344,15.0000089646792,""
145344.932981253,14.9999998015848,2.28461955354057E-06,1.45174729008018,2.85577444192572E-06,1.81468411260023,56.5441237794694,15.0001055763553,15.0000130434542,""
145360.379350662,14.9999999207449,2.28976476877572E-06,1.45178261187344,2.86220596096965E-06,1.8147282648418,56.544146487059,15.0001096689715,15.0000171227228,""
145375.823850632,14.999999927135,2.29081100802118E-06,1.45181795958939,2.86351376002648E-06,1.81477244948673,56.5442772129137,15.0001119930583,15.0000194537935,""
145391.27022028,14.9999998586805,2.28898925608998E-06,1.4518533327174,2.86123657011248E-06,1.81481666589676,56.5444104030716,15.0001143174265,15.0000217851465,""
145406.714720249,14.9999999765282,2.2857196937829E-06,1.45188864609602,2.85714961722863E-06,1.81486080762003,56.5442686655093,15.000116953107,15.0000244223804,""
145422.161089659,15.0000002180921,2.28143606559247E-06,1.45192392491979,2.85179508199059E-06,1.81490490614974,56.5441207142631,15.0001195891065,15.0000270599335,""
145437.605589628,15.0000002561793,2.27947396058234E-06,1.45195915749976,2.84934245072793E-06,1.8149489468747,56.5440165061886,15.0001213712072,15.0000288428294,""
145453.051959276,15.0000001591317,2.27913689035613E-06,1.45199436495277,2.84892111294516E-06,1.81499295619096,56.5439132655358,15.0001231535236,15.0000306259411,""
145468.496459246,15.000000147602,2.27860515348045E-06,1.45202955901362,2.84825644185056E-06,1.81503694876702,56.5438952544832,15.0001231002343,15.000030575841,""
145483.942828894,15.0000001928881,2.27793696808601E-06,1.45206475093945,2.84742121010751E-06,1.81508093867431,56.5438791404826,15.0001230469384,15.0000305257348,""
145499.387328863,15.0000002322974,2.27584630775373E-06,1.45209990449626,2.84480788469216E-06,1.81512488062032,56.5440160683301,15.000121301227,15.0000287882435,""
145514.833698511,15.0000002678089,2.27275865440981E-06,1.4521350384094,2.84094831801227E-06,1.81516879801175,56.5441564041904,15.0001195553041,15.0000270505418,""
145530.278198481,15.0000002172821,2.27151857236401E-06,1.45217014052655,2.83939821545502E-06,1.81521267565819,56.5438608187746,15.0001137497095,15.0000212412591,""
145545.724568129,15.0000001095416,2.27157300423834E-06,1.45220522758855,2.83946625529793E-06,1.81525653448569,56.5435555928647,15.000107943412,15.0000154312731,""
145561.169068098,14.9999999900634,2.27020088854906E-06,1.45224028935757,2.83775111068633E-06,1.81530036169696,56.5435439866767,15.0001059149953,15.0000134119976,""
145576.615437746,14.9999998627543,2.26782847046185E-06,1.45227534061596,2.83478558807731E-06,1.81534417576995,56.5435388107603,15.000103886333,15.0000113924777,""
145592.059937716,14.9999998475079,2.26422020487901E-06,1.45231032546337,2.83027525609877E-06,1.81538790682921,56.5437230170301,15.0001047736162,15.0000122904344,""
145607.506307364,14.9999999068166,2.2597445966844E-06,1.45234527094714,2.8246807458555E-06,1.81543158868393,56.5439113705454,15.0001056610068,15.0000131884999,""
145622.950807333,14.9999998116753,2.25841775204876E-06,1.45238017957696,2.82302219006095E-06,1.8154752244712,56.5438510363141,15.0001047980422,15.000012327121,""
145638.397176743,14.9999996137196,2.25929927350626E-06,1.45241506954594,2.82412409188283E-06,1.81551883693242,56.5437853100026,15.000103934973,15.0000114656379,""
145653.841676712,14.9999998265922,2.26105109674461E-06,1.45244998473798,2.82631387093076E-06,1.81556248092248,56.543730371719,15.0001003941944,15.0000079222534,""
145669.28804636,15.0000003130328,2.26341392167443E-06,1.45248492481966,2.82926740209304E-06,1.81560615602458,56.5436756588625,15.0000968529872,15.00000437844,""
145684.732546329,15.0000002403443,2.26089449237677E-06,1.45251982814992,2.82611811547096E-06,1.81564978518741,56.5435466191999,15.0000982485755,15.0000057934971,""
145700.178915977,14.9999997952495,2.25494791154492E-06,1.45255471287692,2.81868488943115E-06,1.81569339109614,56.5434159730259,15.0000996443327,15.0000072087256,""
145715.623416185,14.9999998064047,2.25077042116945E-06,1.45258951278054,2.81346302646181E-06,1.81573689097567,56.5434107067552,15.0001051319947,15.0000126987066,""
145731.069785595,15.00000012154,2.24783408943045E-06,1.45262426030152,2.80979261178806E-06,1.8157803253769,56.5434081070691,15.0001106203208,15.0000181893521,""
145746.514285564,15.0000000441908,2.24805379936064E-06,1.45265899907937,2.8100672492008E-06,1.81582374884921,56.5434565399222,15.0001156699012,15.0000232386568,""
145761.960655212,14.999999705241,2.2504899752152E-06,1.45269373887548,2.813112469019E-06,1.81586717359435,56.5435060579467,15.0001207200929,15.0000282885727,""
145777.405155182,14.9999996561118,2.24894200268409E-06,1.45272845713147,2.81117750335511E-06,1.81591057141434,56.5434698551107,15.0001275158161,15.0000351002358,""
145792.85152483,14.999999800201,2.24459488379143E-06,1.45276316741116,2.80574360473929E-06,1.81595395926395,56.5434318458817,15.0001343123619,15.0000419127236,""
145808.296024799,14.9999997956878,2.2412303578288E-06,1.45279780979853,2.801537947286E-06,1.81599726224816,56.5433756811783,15.000138670603,15.0000462790546,""
145823.742394447,14.9999996920635,2.23855560928912E-06,1.45283241161846,2.7981945116114E-06,1.81604051452307,56.5433191301825,15.0001430293717,15.0000506459142,""
145839.186894655,14.9999996722391,2.23947915402177E-06,1.45286701630901,2.79934894252721E-06,1.81608377038626,56.5434257132768,15.0001465721006,15.0000541810131,""
145854.633264065,14.9999997083204,2.24293218384921E-06,1.45290163014973,2.80366522981151E-06,1.81612703768716,56.5435356975795,15.0001501152583,15.0000577165399,""
145870.077764034,14.9999998882061,2.24584732676105E-06,1.45293629412431,2.80730915845131E-06,1.81617036765539,56.5435634577227,15.0001495809879,15.0000571780375,""
145885.524133444,15.0000001641052,2.24838486759664E-06,1.45297100049539,2.8104810844958E-06,1.81621375061924,56.543589523998,15.0001490466529,15.00005663947,""
145900.968633413,15.0000001701321,2.24888595262071E-06,1.45300571723129,2.81110744077589E-06,1.81625714653911,56.5435277087986,15.000144215825,15.000051808735,""
145916.415003061,14.9999999959811,2.24795482057221E-06,1.45304044841549,2.80994352571526E-06,1.81630056051937,56.5434640829646,15.0001393844122,15.0000469774153,""
145931.859503031,14.9999999798718,2.24577428981886E-06,1.45307513921278,2.80721786227357E-06,1.81634392401598,56.5433832322027,15.0001334248076,15.0000410230218,""
145947.305872679,15.0000000693121,2.24271429224082E-06,1.45310980875,2.80339286530103E-06,1.8163872609375,56.5433020202342,15.0001274644815,15.0000350679075,""
145962.750372648,15.0000000493484,2.24103756006851E-06,1.45314443997492,2.80129695008564E-06,1.81643054996865,56.5432690128661,15.0001224448206,15.000030047263,""
145978.196742296,14.9999999562866,2.2403339752421E-06,1.45317905137984,2.80041746905263E-06,1.8164738142248,56.5432369782476,15.000117424552,15.0000250260107,""
145993.641242266,15.0000000581995,2.23921180295474E-06,1.45321363937447,2.79901475369342E-06,1.81651704921809,56.5432809723611,15.0001136801148,15.0000212873259,""
146009.087611914,15.0000002904431,2.23779472320429E-06,1.45324821802361,2.79724340400536E-06,1.81656027252951,56.5433265029874,15.0001099352244,15.0000175481885,""
146024.532111883,15.0000003637305,2.23657437983404E-06,1.45328276983895,2.79571797479255E-06,1.81660346229869,56.5431953703466,15.0001057281572,15.0000133393188,""
146039.978481531,15.0000003307583,2.23549232441619E-06,1.45331730988645,2.79436540552024E-06,1.81664663735806,56.543060686092,15.0001015205807,15.0000091299395,""
146055.422981501,15.0000001788595,2.23305145158216E-06,1.45335180515309,2.79131431447769E-06,1.81668975644136,56.5431090754947,15.0000992017946,15.0000068217286,""
146070.869351149,14.9999999473909,2.22965292114494E-06,1.45338627599345,2.78706615143118E-06,1.81673284499181,56.543161111524,15.0000968827277,15.0000045132382,""
146086.313851118,14.9999998793799,2.22771563138792E-06,1.45342070364268,2.7846445392349E-06,1.81677587955335,56.5430385302514,15.0000982533932,15.0000058863174,""
146101.760220528,14.9999999207152,2.22680755372919E-06,1.45345510796264,2.78350944216149E-06,1.8168188849533,56.5429124833438,15.0000996242245,15.0000072595629,""
146117.204720497,15.000000005305,2.22615112004977E-06,1.45348949555127,2.78268890006221E-06,1.81686186943909,56.5429148100401,15.0001011414451,15.0000087750128,""
146132.651090145,15.0000001188611,2.22567191651697E-06,1.45352387844382,2.78208989564621E-06,1.81690484805478,56.542919657578,15.0001026588493,15.0000102906462,""
146148.095590115,15.0000000387357,2.22534406916028E-06,1.45355825083033,2.78168008645035E-06,1.81694781353791,56.5426893427958,15.0001020595507,15.0000097035605,""
146163.541959763,14.9999998289228,2.22512286633794E-06,1.4535926229044,2.78140358292243E-06,1.8169907786305,56.5424544118817,15.0001014601795,15.0000091164037,""
146178.986459732,14.9999997109835,2.22293342522642E-06,1.45362695640937,2.77866678153302E-06,1.81703369551171,56.5423603248916,15.0001021029396,15.0000097628003,""
146194.43282938,14.999999654552,2.21935542589387E-06,1.45366126980096,2.77419428236734E-06,1.81707658725121,56.5422689562499,15.0001027457776,15.0000104092751,""
146209.877329588,14.9999996498661,2.21860043817773E-06,1.4536955578349,2.77325054772216E-06,1.81711944729363,56.5422341513564,15.0001076486455,15.0000153080928,""
146225.323698997,14.9999996798474,2.21983683322868E-06,1.45372983505755,2.77479604153585E-06,1.81716229382194,56.5422004314233,15.0001125521069,15.0000202075034,""
146240.768198967,14.9999998438134,2.22135731686989E-06,1.45376413491201,2.77669664608737E-06,1.81720516864002,56.5421581392585,15.0001176665446,15.0000253199935,""
146256.214568615,15.0000000976099,2.22307858977809E-06,1.45379845781933,2.77884823722261E-06,1.81724807227417,56.5421156778776,15.0001227816015,15.0000304331025,""
146271.659068584,15.0000001725476,2.22361662797177E-06,1.45383278946583,2.77952078496472E-06,1.81729098683229,56.5421888912866,15.0001235087807,15.0000311571892,""
146287.105438232,15.0000001275863,2.22331954153839E-06,1.45386713437113,2.77914942692299E-06,1.81733391796392,56.5422643122,15.0001242360479,15.0000318813635,""
146302.549938202,15.0000001230394,2.22224060734055E-06,1.45390145766363,2.77780075917569E-06,1.81737682207953,56.5422109294373,15.0001250095177,15.0000326592853,""
146317.99630785,15.0000001455967,2.2206093838009E-06,1.45393577278425,2.77576172975112E-06,1.81741971598032,56.5421551082836,15.0001257830812,15.0000334373013,""
146333.440808058,15.0000000843132,2.21887215010987E-06,1.45397005258243,2.77359018763733E-06,1.81746256572804,56.5422316241455,15.0001254017061,15.0000330574452,""
146348.887177229,14.9999999667679,2.21705968080495E-06,1.45400431451072,2.77132460100619E-06,1.8175053931384,56.5423106313292,15.0001250202849,15.0000326775431,""
146364.331677198,14.9999999604651,2.21332288449949E-06,1.4540385097606,2.76665360562436E-06,1.81754813720075,56.5423053202002,15.0001252743121,15.000032945614,""
146379.778046846,15.0000000288204,2.20822571934721E-06,1.45407266496373,2.76028214918402E-06,1.81759083120467,56.5422984376759,15.0001255283701,15.0000332137173,""
146395.222546816,15.0000001670694,2.2032064853762E-06,1.4541067249795,2.75400810672025E-06,1.81763340622437,56.542072385999,15.0001235826115,15.0000312826469,""
146410.668916464,15.0000003522711,2.19824129177376E-06,1.45414072475943,2.74780161471719E-06,1.81767590594929,56.5418422511412,15.0001216366173,15.0000293513427,""
146426.113416433,15.0000001176996,2.19889358452248E-06,1.45417471733465,2.7486169806531E-06,1.81771839666831,56.5419729951656,15.000117798045,15.0000254998851,""
146441.559786081,14.9999996011577,2.20351733618632E-06,1.45420871184067,2.7543966702329E-06,1.81776088980084,56.5421103873741,15.000113959008,15.0000216479613,""
146457.004286051,14.9999996675428,2.20811357329227E-06,1.45424278547422,2.76014196661534E-06,1.81780348184278,56.5420275993482,15.0001115015501,15.0000191860167,""
146472.450655699,15.0000001255759,2.21269130279511E-06,1.45427692210633,2.76586412849389E-06,1.81784615263291,56.5419407823828,15.0001090437946,15.0000167237739,""
146487.895155668,15.0000003746703,2.21304648951569E-06,1.45431107220922,2.76630811189461E-06,1.81788884026153,56.5419864162984,15.0001052591294,15.0000129383633,""
146503.341525316,15.0000004833928,2.21041479001445E-06,1.45434523889971,2.76301848751806E-06,1.81793154862463,56.5420344567119,15.000101474006,15.0000091524943,""
146518.786025286,15.0000003549916,2.2083303681439E-06,1.45437936229878,2.76041296017987E-06,1.81797420287348,56.5418743801498,15.0000932895024,15.0000009689447,""
146534.232394934,15.0000000671441,2.206632767659E-06,1.4544134621189,2.75829095957375E-06,1.81801682764862,56.5417105375365,15.0000851040081,14.9999927844044,""
146549.676894903,14.9999999926639,2.20441979362318E-06,1.45444751914424,2.75552474202897E-06,1.8180593989303,56.5417550655224,15.000080662579,14.9999883485926,""
146565.123264313,15.0000000616671,2.20184157506021E-06,1.45448155291953,2.75230196882526E-06,1.81810194114941,56.5418033237457,15.0000762206123,14.999983912244,""
146580.567764521,15.0000000822363,2.19897199527972E-06,1.45451553144609,2.74871499409965E-06,1.81814441430762,56.5418922298657,15.0000807603639,14.9999884578984,""
146596.01413393,15.0000000702244,2.19589553143562E-06,1.45454947787916,2.74486941429453E-06,1.81818684734895,56.5419818684464,15.000085300665,14.9999930041029,""
146611.4586339,15.0000001704088,2.1951173219527E-06,1.45458340006841,2.74389665244088E-06,1.81822925008551,56.5420023595513,15.0000954909868,15.000003193603,""
146626.905003548,15.0000003461227,2.19596666271694E-06,1.45461731210185,2.74495832839617E-06,1.81827164012731,56.5420216344663,15.0001056825422,15.0000133843366,""
146642.349503517,15.000000217122,2.19835399909528E-06,1.45465125914375,2.74794249886911E-06,1.81831407392969,56.542082274824,15.0001190523847,15.0000267451064,""
146657.795873165,14.9999998829477,2.20183142471719E-06,1.45468523800843,2.75228928089649E-06,1.81835654751053,56.5421436465259,15.0001324238458,15.0000401074936,""
146673.240373373,14.9999998126502,2.2001553512829E-06,1.45471919602916,2.75019418910362E-06,1.81839899503645,56.5418797075992,15.0001397468777,15.0000474442625,""
146688.686742783,14.999999920054,2.19482682557554E-06,1.45475314630122,2.74353353196943E-06,1.81844143287652,56.5416100841601,15.0001470707959,15.0000547819194,""
146704.131242752,14.9999999731529,2.18931661587998E-06,1.45478699333415,2.73664576984997E-06,1.81848374166768,56.5415255731634,15.0001470055157,15.000054724308,""
146719.5776124,14.9999999896768,2.18367647436079E-06,1.45482077418469,2.72959559295099E-06,1.81852596773087,56.5414442447494,15.0001469402276,15.0000546666896,""
146735.02211237,14.9999999050189,2.18179014088995E-06,1.45485450698337,2.72723767611244E-06,1.81856813372921,56.5415963401177,15.0001447005296,15.0000524307647,""
146750.468482018,14.9999997521527,2.18256521528298E-06,1.45488821268809,2.72820651910372E-06,1.81861026586011,56.5417524512845,15.0001424605605,15.000050194569,""
146765.912981987,14.9999996767618,2.18368634406697E-06,1.45492193366566,2.72960793008372E-06,1.81865241708207,56.5417448021669,15.000143590909,15.0000513230574,""
146781.359351635,14.9999996535879,2.18505316349586E-06,1.45495567245407,2.73131645436982E-06,1.81869459056759,56.541734368438,15.0001447213942,15.0000524516824,""
146796.803851843,14.9999997898173,2.18453188424816E-06,1.45498940269434,2.7306648553102E-06,1.81873675336793,56.5417916755623,15.0001460589571,15.0000537950713,""
146812.250221014,15.0000000335785,2.18267085263017E-06,1.45502313384811,2.72833856578772E-06,1.81877891731014,56.5418501327478,15.0001473966819,15.0000551386228,""
146827.694720984,15.0000000610104,2.18219693997634E-06,1.45505684872034,2.72774617497043E-06,1.81882106090043,56.5417668989612,15.0001465141648,15.0000542527958,""
146843.141090631,14.9999999425013,2.18270741531433E-06,1.45509055901446,2.72838426914291E-06,1.81886319876808,56.5416812818725,15.0001456315408,15.0000533668615,""
146858.585590601,15.0000000217654,2.1843859740792E-06,1.4551242924925,2.730482467599E-06,1.81890536561562,56.5417666292063,15.0001410394231,15.000048771597,""
146874.031960249,15.0000002345196,2.18689415922748E-06,1.45515804941285,2.73361769903435E-06,1.81894756176606,56.5418548289832,15.0001364467496,15.0000441757763,""
146889.476460218,15.0000001645616,2.18508978876037E-06,1.45519178094193,2.73136223595046E-06,1.81898972617741,56.5417263883926,15.0001277139919,15.000035450729,""
146904.922829866,14.9999999037253,2.18022242976337E-06,1.45522550142248,2.72527803720422E-06,1.8190318767781,56.5415943578887,15.0001189801771,15.0000267246256,""
146920.367329836,14.9999998557783,2.1762426320631E-06,1.4552591436203,2.72030329007888E-06,1.81907392952537,56.5415674820827,15.0001100545899,15.0000178022463,""
146935.813699484,14.999999951597,2.17289251301884E-06,1.45529273717368,2.71611564127355E-06,1.8191159214671,56.5415423246501,15.0001011279222,15.0000088787869,""
146951.258199453,15.0000000499103,2.1714207833511E-06,1.45532629517479,2.71427597918888E-06,1.81915786896848,56.5416004053488,15.0001016170187,15.0000093760325,""
146966.704569101,15.0000001499289,2.17128351481204E-06,1.45535983486198,2.71410439351505E-06,1.81919979357748,56.5416598456288,15.0001021061744,15.0000098733383,""
146982.149069071,15.0000000281697,2.17064471749783E-06,1.4553933602642,2.71330589687229E-06,1.81924170033025,56.5418084887112,15.0001078092578,15.0000155739672,""
146997.595438719,14.9999997565033,2.16964929881667E-06,1.4554268824559,2.71206162352083E-06,1.81928360306988,56.5419585882757,15.0001135130317,15.0000212752862,""
147013.039938688,14.9999998624946,2.16991457117575E-06,1.4554604020909,2.71239321396969E-06,1.81932550261363,56.5419405633986,15.0001184764119,15.000026240344,""
147028.486308098,15.0000002238257,2.17107627380911E-06,1.45549392685052,2.71384534226139E-06,1.81936740856314,56.5419198466824,15.0001234403929,15.0000312060027,""
147043.930808306,15.0000001945515,2.16826479516593E-06,1.4555274071547,2.71033099395741E-06,1.81940925894338,56.5420356917562,15.0001203930785,15.0000281732021,""
147059.377177715,14.9999999011079,2.1626268751589E-06,1.45556086277466,2.70328359394862E-06,1.81945107846833,56.5421537187035,15.0001173453952,15.0000251400344,""
147074.821677685,14.9999998576937,2.16133741360158E-06,1.45559427974796,2.70167176700198E-06,1.81949284968495,56.5420964806965,15.0001128947823,15.0000206833574,""
147090.268047333,14.9999999834225,2.1631413860277E-06,1.45562767614928,2.70392673253463E-06,1.8195345951866,56.5420364755828,15.0001084436305,15.000016226141,""
147105.712547302,14.9999999602507,2.16563435260437E-06,1.45566111170783,2.70704294075547E-06,1.81957638963479,56.5420925366662,15.0001058385385,15.0000136167715,""
147121.15891695,14.9999998363039,2.16861816682079E-06,1.45569458206131,2.71077270852599E-06,1.81961822757663,56.542150417955,15.0001032331311,15.0000110070861,""
147136.60341692,14.9999997634122,2.16674021230516E-06,1.45572802711259,2.70842526538145E-06,1.81966003389074,56.5421929343244,15.0001020860297,15.0000098694298,""
147152.049786568,14.9999997250699,2.16140088912027E-06,1.45576146108287,2.70175111140034E-06,1.81970182635359,56.5422352177914,15.0001009387894,15.0000087316357,""
147167.494286776,14.9999998143074,2.15832008935728E-06,1.45579482955383,2.6979001116966E-06,1.81974353694228,56.5423688605237,15.0001037987132,15.0000115937442,""
147182.940656185,14.9999999899642,2.15684692560368E-06,1.45582815829792,2.6960586570046E-06,1.8197851978724,56.5425039241842,15.000106658983,15.000014456199,""
147198.385156155,14.9999999048009,2.15639244079299E-06,1.45586147216568,2.69549055099124E-06,1.81982684020711,56.5423810114181,15.0001102249561,15.0000180210821,""
147213.831525803,14.999999642923,2.15666347258765E-06,1.45589478234216,2.69582934073457E-06,1.8198684779277,56.5422541497572,15.0001137913608,15.0000215863968,""
147229.276025772,14.9999997645627,2.15558625763469E-06,1.45592807255068,2.69448282204336E-06,1.81991009068835,56.5422835071228,15.0001163681734,15.0000241755056,""
147244.722395182,15.000000146138,2.15354816622384E-06,1.45596135543264,2.6919352077798E-06,1.8199516942908,56.5423152307322,15.0001189452979,15.0000267649278,""
147260.166895151,15.0000001292486,2.15150340445529E-06,1.45599459742371,2.68937925556911E-06,1.81999324677964,56.5423191885123,15.0001197135877,15.0000275341154,""
147275.613264799,14.9999998422213,2.14945346455036E-06,1.45602781716245,2.68681683068796E-06,1.82003477145306,56.5423227303147,15.0001204819704,15.0000283033961,""
147291.057764769,14.9999997522212,2.14705615866102E-06,1.45606099054598,2.68382019832627E-06,1.82007623818248,56.5423172982096,15.000121017466,15.0000288495933,""
147306.504134417,14.9999997958214,2.1444107011537E-06,1.45609413775961,2.68051337644213E-06,1.82011767219952,56.5423117319549,15.0001215530264,15.0000293958568,""
147321.948634386,14.9999998917947,2.14390782952125E-06,1.45612726635298,2.67988478690157E-06,1.82015908294123,56.5422909436188,15.0001202813855,15.0000281210013,""
147337.395004034,15.0000000233181,2.14493286986976E-06,1.45616038853765,2.6811660873372E-06,1.82020048567207,56.5422699282062,15.0001190095907,15.0000268459914,""
147352.839504004,15.0000001990908,2.14488904544798E-06,1.45619350868444,2.68111130680997E-06,1.82024188585555,56.5423686649395,15.0001178423352,15.0000256848204,""
147368.285873652,15.0000004049289,2.14408270586166E-06,1.45622663424716,2.68010338232708E-06,1.82028329280895,56.5424691651947,15.0001166749384,15.0000245235087,""
147383.730373621,15.0000002789249,2.14420160417059E-06,1.45625975555536,2.68025200521324E-06,1.8203246944442,56.5425034394502,15.0001149307184,15.0000227723066,""
147399.176743269,14.9999999276144,2.14498077158535E-06,1.45629288069838,2.68122596448169E-06,1.82036610087297,56.5425367576015,15.0001131862872,15.0000210208925,""
147414.621243238,14.9999998096184,2.14453024517592E-06,1.45632599688249,2.6806628064699E-06,1.82040749610311,56.5424503788478,15.0001109076532,15.000018750531,""
147430.067612886,14.9999998500461,2.14320185855071E-06,1.45635911354227,2.67900232318838E-06,1.82044889192783,56.5423622687258,15.0001086287434,15.0000164798945,""
147445.512112856,14.9999999989489,2.14205867566546E-06,1.45639220511295,2.67757334458183E-06,1.82049025639118,56.5425017261851,15.0001071113978,15.000014961793,""
147460.958482504,15.0000002215746,2.14104749552975E-06,1.45642528563578,2.67630936941219E-06,1.82053160704472,56.542644443933,15.0001055938684,15.0000134435077,""
147476.402982473,15.0000003520489,2.14158304737102E-06,1.45645836782327,2.67697880921377E-06,1.82057295977909,56.5425941240569,15.0001030322662,15.0000108732488,""
147491.849351883,15.0000004199249,2.14322344702932E-06,1.45649145806452,2.67902930878665E-06,1.82061432258065,56.5425410709766,15.000100470354,15.0000083026788,""
147507.293851852,15.0000003586143,2.14047804305317E-06,1.45652450611493,2.67559755381647E-06,1.82065563264366,56.5426415021972,15.0000999035932,15.0000077539183,""
147522.7402215,15.0000002094672,2.13459861254004E-06,1.45655753088062,2.66824826567505E-06,1.82069691360077,56.5427440949024,15.0000993367639,15.0000072050913,""
147538.184721708,15.0000000061689,2.13226465290869E-06,1.45659050048898,2.66533081613587E-06,1.82073812561122,56.5427103255564,15.0001013250115,15.0000091857121,""
147553.631091118,14.9999997660033,2.13246404888971E-06,1.45662343752034,2.66558006111214E-06,1.82077929690043,56.5426746596328,15.0001033134996,15.0000111665725,""
147569.075591087,14.9999997832129,2.13148766191389E-06,1.45665635599613,2.66435957739236E-06,1.82082044499516,56.5425938395267,15.0001046809932,15.0000125418602,""
147584.521960735,14.999999975517,2.12967052292337E-06,1.45668926804034,2.66208815365421E-06,1.82086158505043,56.5425123884702,15.0001060486524,15.0000139173143,""
147599.966460705,15.0000000362544,2.12948281017808E-06,1.45672216853956,2.6618535127226E-06,1.82090271067444,56.5425964360933,15.000105977198,15.0000138438353,""
147615.412830353,15.0000000074688,2.13046026119332E-06,1.45675506761395,2.66307532649165E-06,1.82094383451744,56.5426827496423,15.0001059057349,15.0000137703473,""
147630.857330322,15.0000000252646,2.12911183730414E-06,1.45678794438378,2.66138979663017E-06,1.82098493047973,56.5425924635163,15.0001062247616,15.0000140989348,""
147646.30369997,15.000000074775,2.12609939933319E-06,1.45682081202577,2.65762424916648E-06,1.82102601503221,56.5424997813654,15.000106543827,15.0000144275621,""
147661.748200178,15.0000001212614,2.12473563221308E-06,1.45685364691042,2.65591954026635E-06,1.82106705863802,56.5423461980118,15.0001064448913,15.000014328877,""
147677.194569588,15.0000001656981,2.12455125655153E-06,1.45688646517391,2.65568907068941E-06,1.82110808146739,56.5421917809329,15.0001063459437,15.0000142301799,""
147692.639069557,14.9999999471235,2.12501334806789E-06,1.45691928613119,2.65626668508487E-06,1.82114910766399,56.5422255022968,15.0001072202255,15.0000151009106,""
147708.085438967,14.9999995493308,2.12593824195206E-06,1.45695211583273,2.65742280244007E-06,1.82119014479092,56.5422617217975,15.0001080946132,15.0000159717466,""
147723.529938936,14.9999996565104,2.12579849015454E-06,1.45698494176678,2.65724811269318E-06,1.82123117720848,56.5422849833232,15.0001102602963,15.0000181387876,""
147738.976308584,15.0000001078381,2.12489646380254E-06,1.45701777182204,2.65612057975317E-06,1.82127221477755,56.5423080775385,15.0001124262416,15.0000203060909,""
147754.420808554,15.0000002022284,2.12241289504528E-06,1.45705055723832,2.65301611880659E-06,1.8213131965479,56.5423190576623,15.0001142207257,15.0000221084216,""
147769.867178202,15.0000000533095,2.11879614567992E-06,1.45708331749656,2.6484951820999E-06,1.82135414687071,56.5423298815561,15.000116015427,15.0000239109706,""
147785.311678171,14.9999998510663,2.11526571588459E-06,1.4571160100288,2.64408214485574E-06,1.821395012536,56.5424948764204,15.0001181499663,15.000026055858,""
147800.758047819,14.9999996124174,2.11179639124442E-06,1.45714866083555,2.63974548905552E-06,1.82143582604443,56.5426618777781,15.0001202847641,15.000028201005,""
147816.202547789,14.9999997616272,2.10983154229196E-06,1.45718126849555,2.63728942786494E-06,1.82147658561943,56.5426328185781,15.0001213085846,15.0000292270726,""
147831.648917437,15.0000001754587,2.10894440505862E-06,1.45721385201238,2.63618050632327E-06,1.82151731501548,56.5426012542157,15.000122332529,15.0000302532644,""
147847.093417406,15.0000002591333,2.11051758657598E-06,1.45724645362469,2.63814698321997E-06,1.82155806703087,56.5426448149424,15.0001226113271,15.0000305318101,""
147862.539787054,15.0000001175186,2.11385471100057E-06,1.45727907498404,2.64231838875071E-06,1.82159884373004,56.5426893302274,15.0001228901588,15.0000308103895,""
147877.984287024,15.0000000437415,2.11515996799109E-06,1.45731172104916,2.64394995998886E-06,1.82163965131145,56.5427406283091,15.000122656941,15.0000305695363,""
147893.430656672,15.0000000162592,2.11500856624127E-06,1.45734439161518,2.64376070780159E-06,1.82168048951897,56.5427920175384,15.0001224236948,15.0000303286539,""
147908.875156641,15.0000001916452,2.11347434530456E-06,1.45737703414407,2.6418429316307E-06,1.82172129268009,56.5428556530534,15.0001168109326,15.0000247221718,""
147924.321526289,15.0000005056046,2.11094797045775E-06,1.45740966334915,2.63868496307218E-06,1.82176207918643,56.5429194480618,15.000111197491,15.0000191150111,""
147939.766026258,15.0000004708245,2.11000259558372E-06,1.45744226758391,2.63750324447965E-06,1.82180283447989,56.5429143272725,15.0001023755506,15.0000102925076,""
147955.212395668,15.0000001978022,2.11019134668259E-06,1.45747486068155,2.63773918335324E-06,1.82184357585194,56.5429083607473,15.0000935525425,15.0000014689363,""
147970.656895638,15.0000000405669,2.11181941163339E-06,1.45750747546072,2.63977426454174E-06,1.8218843443259,56.5430309552391,15.0000912169578,14.999999125508,""
147986.103265285,14.9999999624249,2.11448079271553E-06,1.457540112582,2.64310099089442E-06,1.8219251407275,56.5431551253413,15.0000888810903,14.999996781796,""
148001.547765493,15.0000000378623,2.11203759280617E-06,1.45757271476509,2.64004699100771E-06,1.82196589345636,56.5433543060032,15.0000938016691,15.0000017126576,""
148016.994134903,15.0000002183029,2.10592928832716E-06,1.45760529864468,2.63241161040895E-06,1.82200662330586,56.5435544123066,15.0000987228434,15.000006644116,""
148032.438634872,15.0000003701742,2.1028725258295E-06,1.45763781588866,2.62859065728688E-06,1.82204726986082,56.5435346895687,15.0001044550645,15.0000123734436,""
148047.88500452,15.0000005025395,2.10200649957017E-06,1.45767029204324,2.62750812446271E-06,1.82208786505406,56.5435123504394,15.0001101879795,15.0000181034648,""
148063.32950449,15.0000003333823,2.10337955216693E-06,1.45770278328259,2.62922444020866E-06,1.82212847910324,56.5435643520693,15.0001141623889,15.0000220713796,""
148078.775874138,14.9999999579254,2.10636130048379E-06,1.45773529211662,2.63295162560474E-06,1.82216911514578,56.5436172348368,15.0001181372794,15.0000260397747,""
148094.220374107,14.9999999439241,2.10514464634101E-06,1.45776778576496,2.63143080792626E-06,1.8222097322062,56.5437093200239,15.0001232221449,15.0000311344758,""
148109.666743755,15.0000001772702,2.1009109696592E-06,1.4578002752617,2.626138712074E-06,1.82225034407713,56.543801872926,15.0001283076261,15.0000362297936,""
148125.111243963,15.000000200038,2.09741673301868E-06,1.45783269615569,2.62177091627335E-06,1.82229087019461,56.5440034107882,15.0001300162349,15.0000379455834,""
148140.557613373,15.0000000786584,2.09445325524094E-06,1.45786507448469,2.61806656905118E-06,1.82233134310586,56.5442062287464,15.0001317250505,15.0000396615809,""
148156.002113342,15.0000000346142,2.09423622358757E-06,1.45789743806063,2.61779527948446E-06,1.82237179757579,56.5442385999448,15.0001280869506,15.0000360191517,""
148171.448482752,15.0000000435196,2.09599379804087E-06,1.45792979776324,2.61999224755109E-06,1.82241224720405,56.544269032799,15.0001244484103,15.0000323762817,""
148186.892982721,15.0000000472405,2.09609394487489E-06,1.4579621595298,2.62011743109362E-06,1.82245269941226,56.5444611726711,15.0001196517487,15.0000275815228,""
148202.339352369,15.0000000474107,2.09500208969003E-06,1.45799452951562,2.61875261211253E-06,1.82249316189452,56.5446551587601,15.0001148545065,15.0000227861835,""
148217.783852339,14.9999999890595,2.09196320768448E-06,1.45802684589295,2.61495400960561E-06,1.82253355736618,56.5447927187959,15.0001141175079,15.0000220639911,""
148233.230221987,14.9999998905937,2.08752296916727E-06,1.45805913043004,2.60940371145908E-06,1.82257391303755,56.5449296666437,15.0001133804201,15.0000213417113,""
148248.674721956,14.999999963518,2.08525319541333E-06,1.45809136481991,2.60656649426666E-06,1.82261420602488,56.5449279082977,15.000117407208,15.0000253640165,""
148264.121091604,15.0000001539454,2.08454488783339E-06,1.45812356983256,2.60568110979174E-06,1.8226544622907,56.5449246206312,15.0001214344833,15.0000293868085,""
148279.565591574,14.9999999216274,2.08251667682332E-06,1.45815573783736,2.60314584602914E-06,1.8226946722967,56.5450750393512,15.0001294354921,15.0000374052183,""
148295.011961222,14.9999993993681,2.07953791140112E-06,1.45818788589948,2.5994223892514E-06,1.82273485737435,56.5452271519299,15.0001374374694,15.0000454245987,""
148310.456461191,14.9999994040627,2.07907282228421E-06,1.4582200153995,2.59884102785526E-06,1.82277501924937,56.545219119109,15.0001477884418,15.0000557687031,""
148325.902830839,14.9999997702371,2.08041764977626E-06,1.45825213822381,2.60052206222032E-06,1.82281517277977,56.5452093594765,15.0001581406673,15.0000661140598,""
148341.347330809,14.9999998655234,2.08200032434447E-06,1.45828428498301,2.60250040543059E-06,1.82285535622877,56.5452548843216,15.0001646894451,15.0000726665867,""
148356.793700457,14.9999997749414,2.08375464566974E-06,1.45831645567679,2.60469330708717E-06,1.82289556959598,56.5453010036805,15.0001712390157,15.0000792199068,""
148372.238200426,14.9999997470117,2.084516647575E-06,1.45834863864789,2.60564580946875E-06,1.82293579830987,56.5451976480021,15.0001740126174,15.0000819838854,""
148387.684569836,14.9999997620842,2.08456384257687E-06,1.45838083716739,2.60570480322108E-06,1.82297604645923,56.5450927058066,15.000176786555,15.0000847481986,""
148403.129069805,14.9999998836351,2.08368480469021E-06,1.45841301833065,2.60460600586276E-06,1.82301627291331,56.5450489660345,15.0001763131983,15.000084278958,""
148418.575439453,15.0000000783286,2.08213803266239E-06,1.45844519368818,2.60267254082799E-06,1.82305649211022,56.5450058577701,15.0001758397843,15.0000838096606,""
148434.019939423,14.9999999838183,2.08081516973573E-06,1.45847734084437,2.60101896216967E-06,1.82309667605547,56.5449204676535,15.0001713462877,15.0000793182603,""
148449.466309071,14.9999996906261,2.07965345465311E-06,1.45850947436661,2.59956681831639E-06,1.82313684295826,56.5448346323436,15.0001668522471,15.0000748263162,""
148464.91080904,14.9999997935949,2.07773089104522E-06,1.45854157139658,2.59716361380652E-06,1.82317696424572,56.5449183620212,15.0001582864202,15.0000662668586,""
148480.357178688,15.0000001688134,2.07525924117815E-06,1.45857364879785,2.59407405147269E-06,1.82321706099732,56.5450038244875,15.0001497195564,15.0000577063647,""
148495.801678896,15.0000003488611,2.07487818306019E-06,1.45860571025216,2.59359772882523E-06,1.8232571378152,56.5450084486691,15.000140598728,15.0000485834452,""
148511.248048306,15.0000003947841,2.07600512838686E-06,1.45863776688264,2.59500641048357E-06,1.8232972086033,56.5450122621925,15.0001314767958,15.0000394594215,""
148526.692548275,15.0000001892803,2.07656481713429E-06,1.45866983109304,2.59570602141786E-06,1.82333728886629,56.5450933196179,15.0001235098237,15.0000314853119,""
148542.138917923,14.9999998108428,2.07671529957726E-06,1.45870190745516,2.59589412447157E-06,1.82337738431895,56.5451751525683,15.0001155418871,15.0000235102369,""
148557.583417892,14.9999997312599,2.07454720220535E-06,1.45873394682173,2.59318400275669E-06,1.82341743352716,56.5449806577098,15.0001114989184,15.0000194776382,""
148573.02978754,14.9999998572372,2.07070510108183E-06,1.45876596616311,2.58838137635229E-06,1.82345745770389,56.5447834343232,15.0001074554602,15.0000154445512,""
148588.47428751,14.9999999649038,2.06922016058603E-06,1.45879794911355,2.58652520073253E-06,1.82349743639194,56.5447971976875,15.0001071700575,15.0000151560418,""
148603.920657158,15.0000000599924,2.06943682151896E-06,1.45882991245638,2.5867960268987E-06,1.82353739057048,56.5448130018741,15.0001068846203,15.0000148674974,""
148619.365157366,15.0000000097689,2.07087118597981E-06,1.45886189462562,2.58858898247476E-06,1.82357736828203,56.5448324254547,15.0001095957055,15.0000175737249,""
148634.811526537,14.9999998595085,2.07318531679852E-06,1.45889389705808,2.59148164599815E-06,1.8236173713226,56.5448518859423,15.0001123071188,15.0000202802799,""
148650.256026506,14.9999998395321,2.07173881105897E-06,1.45892587903406,2.58967351382371E-06,1.82365734879257,56.5448272115507,15.0001184424885,15.0000264231025,""
148665.702396154,14.9999999092646,2.06757512572822E-06,1.45895785289928,2.58446890716027E-06,1.8236973161241,56.5448021184794,15.0001245786009,15.0000325666688,""
148681.146896124,14.9999998639419,2.06389067126023E-06,1.45898975563187,2.57986333907528E-06,1.82373719453983,56.5445652891818,15.0001288024621,15.0000367979916,""
148696.593265772,14.9999997393559,2.06055177360364E-06,1.45902161361219,2.57568971700455E-06,1.82377701701524,56.5443264629192,15.0001330268347,15.0000410298267,""
148712.037765741,14.999999827146,2.06037795783506E-06,1.45905345675748,2.57547244729382E-06,1.82381682094685,56.5442615062313,15.0001302494159,15.0000382461352,""
148727.484135389,15.0000000612966,2.06249209915373E-06,1.45908529582022,2.57811512394216E-06,1.82385661977528,56.5441981362375,15.0001274716608,15.0000354621068,""
148742.928635359,15.0000001754367,2.06284202248955E-06,1.45911714168089,2.57855252811194E-06,1.82389642710111,56.5442162892473,15.0001208513876,15.0000288432617,""
148758.375005007,15.0000002068754,2.06191630696626E-06,1.45914899910006,2.57739538370782E-06,1.82393624887507,56.5442351821073,15.0001142303129,15.0000222236153,""
148773.819504976,15.0000000295221,2.06088344343112E-06,1.45918083441412,2.5761043042889E-06,1.82397604301765,56.5440429096966,15.0001104758769,15.0000184691806,""
148789.265874624,14.99999970816,2.0597728620509E-06,1.45921266038065,2.57471607756363E-06,1.82401582547581,56.5438487291705,15.0001067209865,15.0000147142914,""
148804.710374594,14.9999996251359,2.05850039291254E-06,1.45924446008905,2.57312549114068E-06,1.82405557511132,56.5438815017958,15.0001068520823,15.0000148460126,""
148820.156744242,14.9999997064977,2.05711052632948E-06,1.45927624743366,2.57138815791186E-06,1.82409530929207,56.5439162759967,15.0001069831939,15.0000149777497,""
148835.601244211,14.9999998966938,2.05656491894514E-06,1.4593080190632,2.57070614868143E-06,1.824135023829,56.5437810637329,15.0001083791455,15.0000163755086,""
148851.047613621,15.0000001620275,2.05663023490094E-06,1.4593397859483,2.57078779362617E-06,1.82417473243538,56.5436443597305,15.000109775266,15.0000177734367,""
148866.492113829,15.0000001874562,2.0569928970162E-06,1.45937155475242,2.57124112127025E-06,1.82421444344052,56.5436833331823,15.0001105499289,15.0000185451882,""
148881.938483238,15.000000047292,2.05757090538122E-06,1.45940333157431,2.57196363172652E-06,1.82425416446788,56.5437238143811,15.0001113246856,15.0000193170332,""
148897.382983208,15.0000000319839,2.05691406592367E-06,1.45943509583276,2.57114258240458E-06,1.82429386979095,56.5437703373851,15.0001111132118,15.0000191030706,""
148912.829352856,15.0000001028865,2.05536282425725E-06,1.45946685762258,2.56920353032156E-06,1.82433357202822,56.5438169170146,15.0001109017123,15.000018889082,""
148928.273852825,15.0000001717438,2.05350156699332E-06,1.45949858299001,2.56687695874165E-06,1.82437322873752,56.5437194465811,15.0001116122831,15.0000196083176,""
148943.720222473,15.0000002392025,2.05141534335124E-06,1.45953028859555,2.56426917918905E-06,1.82441286074443,56.5436207673124,15.00011232294,15.0000203276403,""
148959.164722443,15.0000001421134,2.04932012555212E-06,1.45956195285598,2.56165015694015E-06,1.82445244106998,56.5437011402831,15.0001190053835,15.0000270110785,""
148974.611092091,14.9999999313048,2.04721795291581E-06,1.45959359376755,2.55902244114476E-06,1.82449199220943,56.5437829888054,15.000125688636,15.0000336953257,""
148990.055592299,14.9999999394952,2.0462219239885E-06,1.45962521028583,2.55777740498563E-06,1.82453151285728,56.5437269595986,15.000135915218,15.000043924739,""
149005.501961708,15.000000099064,2.04602746822256E-06,1.45965681572318,2.5575343352782E-06,1.82457101965398,56.5436698118345,15.0001461430377,15.0000541553904,""
149020.946461678,15.0000001573159,2.04513800732388E-06,1.45968840311814,2.55642250915485E-06,1.82461050389767,56.5436964225541,15.0001539465891,15.0000619586707,""
149036.392831326,15.0000001455228,2.04374443934479E-06,1.45971998402736,2.55468054918099E-06,1.8246499800342,56.543723701571,15.0001617510852,15.0000697628956,""
149051.837331295,15.0000001066593,2.04348676036986E-06,1.45975155370675,2.55435845046233E-06,1.82468944213343,56.5436650479153,15.0001628564334,15.0000708666423,""
149067.283700943,15.0000000490631,2.04405286417051E-06,1.45978312183496,2.55506608021314E-06,1.8247289022937,56.5436057153574,15.0001639619154,15.0000719705227,""
149082.728200912,15.0000000679974,2.04205958212944E-06,1.45981465674472,2.55257447766179E-06,1.8247683209309,56.5435142160891,15.0001592402342,15.0000672590952,""
149098.174570322,15.0000001398898,2.03820905700314E-06,1.45984617414128,2.54776132125393E-06,1.8248077176766,56.5434224581638,15.0001545179815,15.0000625470973,""
149113.619070292,15.0000001000009,2.0385934316991E-06,1.45987768420856,2.54824178962387E-06,1.82484710526071,56.5432645924903,15.0001455417302,15.0000535611719,""
149129.065439939,14.999999982731,2.04205121720724E-06,1.45990919553935,2.55256402150904E-06,1.82488649442419,56.5431062070399,15.0001365643924,15.0000445741586,""
149144.509939909,14.9999998641546,2.04314212498062E-06,1.45994072838603,2.55392765622577E-06,1.82492591048254,56.5430859558769,15.0001299679415,15.0000379773104,""
149159.956309557,14.9999997446494,2.042515065983E-06,1.45997228344022,2.55314383247875E-06,1.82496535430027,56.5430667311255,15.0001233706922,15.0000313796636,""
149175.400809526,14.9999997429338,2.04148596442702E-06,1.46000381724297,2.55185745553377E-06,1.82500477155372,56.5429426179533,15.0001216218797,15.0000296336548,""
149190.847179174,14.9999998228058,2.04016470419502E-06,1.46003534220342,2.55020588024377E-06,1.82504417775428,56.5428177212796,15.0001198728556,15.0000278874347,""
149206.291679144,14.9999999112489,2.03963710649058E-06,1.46006685196439,2.54954638311322E-06,1.82508356495549,56.5428290343228,15.0001209847657,15.0000289932976,""
149221.738048792,15.000000005649,2.03968589050526E-06,1.46009835727017,2.54960736313158E-06,1.82512294658771,56.5428413298305,15.0001220968105,15.0000300992944,""
149237.182548761,15.0000000421307,2.03851370316208E-06,1.46012984077615,2.5481421289526E-06,1.82516230097018,56.5428679108241,15.0001226128661,15.0000306212834,""
149252.628918409,15.0000000384745,2.03645412851748E-06,1.46016131502325,2.54556766064685E-06,1.82520164377907,56.5428945961991,15.0001231289843,15.0000311433355,""
149268.073418379,14.9999998889312,2.03613940004318E-06,1.46019277556699,2.54517425005398E-06,1.82524096945873,56.5428024167946,15.0001262931212,15.0000343025437,""
149283.519788027,14.9999996382024,2.03709276959916E-06,1.46022423272765,2.54636596199895E-06,1.82528029090956,56.5427093991877,15.0001294576413,15.0000374621345,""
149298.964287996,14.9999997550756,2.03633490355947E-06,1.46025567670193,2.54541862944934E-06,1.82531959587741,56.5426002482351,15.0001361943127,15.0000442016387,""
149314.410657406,15.0000001269472,2.03433277005629E-06,1.4602871176629,2.54291596257036E-06,1.82535889707863,56.5424909737175,15.0001429317995,15.0000509419587,""
149329.855157614,15.0000002521875,2.03333838019959E-06,1.46031853457685,2.54167297524949E-06,1.82539816822106,56.5424928162805,15.0001476729433,15.0000556775284,""
149345.301527023,15.000000206327,2.03307665614729E-06,1.46034994057028,2.54134582018411E-06,1.82543742571285,56.5424954048628,15.0001524146609,15.0000604136713,""
149360.746026993,15.0000001858241,2.02945110423528E-06,1.46038128612471,2.5368138802941E-06,1.82547660765589,56.5423113097646,15.0001536570436,15.0000616729097,""
149376.192396641,15.0000001829177,2.02337774204229E-06,1.46041259426688,2.52922217755286E-06,1.8255157428336,56.5421259621525,15.0001548995768,15.0000629323006,""
149391.63689661,15.0000000714449,2.0212381133954E-06,1.46044385078607,2.52654764174425E-06,1.82555481348259,56.5421662114072,15.0001611509337,15.0000691805682,""
149407.083266258,14.9999998845677,2.02196053249113E-06,1.46047507627757,2.52745066561391E-06,1.82559384534696,56.5422079243825,15.0001674030474,15.0000754295923,""
149422.527766228,14.9999998502642,2.02207123136676E-06,1.46050630145628,2.52758903920845E-06,1.82563287682034,56.5421074537318,15.0001729364207,15.0000809635909,""
149437.974135876,14.9999999219277,2.02173668379714E-06,1.46053753293884,2.52717085474643E-06,1.82567191617355,56.5420060688479,15.0001784704639,15.0000864982596,""
149453.418636084,14.9999999651087,2.02222773520563E-06,1.46056876741342,2.52778466900704E-06,1.82571095926677,56.5419667715811,15.0001801217901,15.0000881474384,""
149468.865005493,14.9999999885086,2.02332002112955E-06,1.46060001059953,2.52915002641194E-06,1.82575001324941,56.5419278557939,15.0001817733162,15.0000897968167,""
149484.309505463,15.0000000538261,2.02163051500823E-06,1.46063122655982,2.52703814376029E-06,1.82578903319978,56.5418454890613,15.000177564039,15.0000855989983,""
149499.755875111,15.0000001482922,2.01791457985211E-06,1.46066242922153,2.52239322481513E-06,1.82582803652691,56.5417628473007,15.0001733542521,15.0000814006716,""
149515.20037508,15.0000002089175,2.01793043208263E-06,1.46069361933897,2.52241304010328E-06,1.82586702417371,56.5417486074291,15.0001674270234,15.0000754636762,""
149530.64674449,15.0000002460258,2.02066509359044E-06,1.46072480684344,2.52583136698805E-06,1.8259060085543,56.5417347746079,15.0001614990772,15.0000695259621,""
149546.091244459,15.000000232641,2.01885439862328E-06,1.46075596923155,2.5235679982791E-06,1.82594496153944,56.5416975915145,15.00015536707,15.0000634065616,""
149561.537614107,15.0000001841338,2.01373079593959E-06,1.46078711983692,2.51716349492449E-06,1.82598389979615,56.5416602672071,15.0001492343206,15.0000572864203,""
149576.982114077,15.0000000030885,2.01273508239563E-06,1.46081823888883,2.51591885299453E-06,1.82602279861104,56.5415578020412,15.000144511246,15.0000525511855,""
149592.428483725,14.9999997297891,2.01474835367175E-06,1.46084934145202,2.51843544208969E-06,1.82606167681503,56.5414549510589,15.0001397875996,15.0000478153775,""
149607.872983694,14.9999998873351,2.01357897995557E-06,1.46088042705744,2.51697372494447E-06,1.8261005338218,56.541385980153,15.0001385085087,15.00004655026,""
149623.319353342,15.0000003447891,2.01008854610162E-06,1.46091150680438,2.51261068262702E-06,1.82613938350548,56.5413171908793,15.0001372292629,15.0000452849895,""
149638.763853312,15.0000002407401,2.00955636191208E-06,1.46094256613543,2.5119454523901E-06,1.82617820766928,56.5412475663014,15.0001377308877,15.0000457797038,""
149654.21022296,14.9999997457191,2.01118189789202E-06,1.46097361707715,2.51397737236502E-06,1.82621702134644,56.5411779286659,15.0001382325733,15.000046274478,""
149669.654722929,14.9999997445129,2.01115075765938E-06,1.46100466770342,2.51393844707423E-06,1.82625583462927,56.5411046726299,15.000140503883,15.0000485521706,""
149685.101092577,15.0000000872476,2.00991082131171E-06,1.46103572460111,2.51238852663964E-06,1.82629465575139,56.5410313882688,15.0001427754676,15.0000508301389,""
149700.545592546,15.000000148995,2.00884191714909E-06,1.46106675823889,2.51105239643637E-06,1.82633344779862,56.5411224807122,15.0001414482014,15.0000495034214,""
149715.991962194,15.0000000149803,2.00789761979563E-06,1.46109778139892,2.50987202474454E-06,1.82637222674865,56.5412144458621,15.0001401207746,15.0000481765432,""
149731.436462164,14.9999999035332,2.00420586474671E-06,1.46112874150569,2.50525733093338E-06,1.82641092688211,56.5411623335204,15.0001362334514,15.0000443036327,""
149746.882831812,14.9999998077924,1.99850745752478E-06,1.4611596620625,2.49813432190598E-06,1.82644957757813,56.5411094772435,15.0001323456577,15.0000404302534,""
149762.327331781,14.9999998384565,1.99503212503692E-06,1.46119051147932,2.49379015629615E-06,1.82648813934915,56.541163659292,15.0001308559823,15.0000389448834,""
149777.773701191,14.9999999572589,1.9931795862518E-06,1.46122131540374,2.49147448281475E-06,1.82652664425468,56.5412183828175,15.0001293661266,15.0000374593335,""
149793.21820116,15.0000000124416,1.99484002410945E-06,1.46125213679189,2.49355003013681E-06,1.82656517098986,56.5412479832686,15.0001340008406,15.0000420835429,""
149808.664570808,15.0000000232635,1.99906712276379E-06,1.46128297739424,2.49883390345474E-06,1.8266037217428,56.5412774648479,15.0001386361156,15.0000467083121,""
149824.109071016,15.0000000940698,2.00027899540811E-06,1.46131384313902,2.50034874426014E-06,1.82664230392377,56.5412529477896,15.0001430807312,15.0000511610608,""
149839.555440426,15.0000002067419,1.99928776680118E-06,1.46134473372214,2.49910970850147E-06,1.82668091715267,56.5412281711112,15.0001475258847,15.0000556143483,""
149854.999940395,15.0000000696302,1.9969267306045E-06,1.4613755817187,2.49615841325563E-06,1.82671947714837,56.5412734144826,15.000147542724,15.000055638127,""
149870.446310043,14.9999997581556,1.99356392200242E-06,1.46140640504983,2.49195490250302E-06,1.82675800631229,56.5413189875841,15.0001475595654,15.0000556619085,""
149885.890810013,14.9999997743211,1.98968585633884E-06,1.46143715668483,2.48710732042355E-06,1.82679644585604,56.5411656522682,15.0001459589532,15.0000540675091,""
149901.337179661,15.0000000192428,1.98543023146073E-06,1.46146786234164,2.48178778932591E-06,1.82683482792705,56.5410114015617,15.0001443581473,15.0000524729166,""
149916.78167963,15.0000000820174,1.9840946138951E-06,1.46149853345571,2.48011826736888E-06,1.82687316681964,56.5410056976897,15.0001427053541,15.0000508226791,""
149932.228049278,15.0000000175887,1.98489441252625E-06,1.46152918573383,2.48111801565781E-06,1.82691148216729,56.5410006446791,15.0001410523607,15.0000491722417,""
149947.672549486,15.0000000975822,1.98612878338557E-06,1.4615598552827,2.48266097923196E-06,1.82694981910338,56.5410639784632,15.000141465696,15.0000495843345,""
149963.118918896,15.000000278495,1.98768135483557E-06,1.46159054389506,2.48460169354447E-06,1.82698817986883,56.5411276115532,15.0001418790812,15.0000499964771,""
149978.563418865,15.0000002130069,1.98505107048971E-06,1.46162119187867,2.48131383811214E-06,1.82702648984834,56.5410570694257,15.0001412549234,15.0000493900339,""
149994.009788275,14.9999999752941,1.97935905415599E-06,1.46165181655316,2.47419881769499E-06,1.82706477069145,56.5409859629675,15.0001406306901,15.0000487835173,""
150009.454288244,14.9999998359128,1.98000602397406E-06,1.46168243391537,2.47500752996757E-06,1.82710304239421,56.5409279559642,15.0001374729648,15.0000456058992,""
150024.900657892,14.9999997652512,1.9852936442003E-06,1.46171305234403,2.48161705525037E-06,1.82714131543004,56.5408699945702,15.0001343148572,15.0000424278963,""
150040.345157862,14.999999919785,1.98652052676054E-06,1.4617436986378,2.48315065845068E-06,1.82717962329725,56.5410049456529,15.0001299227671,15.0000380417847,""
150055.79152751,15.0000002318502,1.98477407334693E-06,1.46177437176333,2.48096759168366E-06,1.82721796470416,56.5411406651037,15.0001255301453,15.0000336551422,""
150071.236027479,15.0000003394371,1.98380870627701E-06,1.46180502210042,2.47976088284626E-06,1.82725627762552,56.5411878430051,15.0001243917245,15.0000325131508,""
150086.682397127,15.0000003039867,1.98341528149438E-06,1.46183566217338,2.47926910186798E-06,1.82729457771673,56.5412346923066,15.0001232531658,15.0000313710212,""
150102.126897097,15.0000002447486,1.98328994226467E-06,1.46186629566431,2.47911242783084E-06,1.82733286958039,56.5412689741178,15.0001235374629,15.0000316539815,""
150117.573266745,15.0000001688499,1.9833610079708E-06,1.46189693075812,2.4792012599635E-06,1.82737116344765,56.541303214172,15.0001238217945,15.0000319369761,""
150133.017766714,14.9999999981707,1.98097270218848E-06,1.46192752542313,2.4762158777356E-06,1.82740940677891,56.5412169792658,15.0001265387032,15.0000346652786,""
150148.464136362,14.9999997610993,1.97678132807443E-06,1.46195809687465,2.47097666009304E-06,1.82744762109331,56.5411303083523,15.0001292559407,15.0000373939114,""
150163.908636332,14.9999998353655,1.97395885600373E-06,1.46198861106346,2.46744857000467E-06,1.82748576382932,56.5411533516473,15.0001345460901,15.0000426869143,""
150179.35500598,15.0000001276942,1.97213941324103E-06,1.46201908967191,2.46517426655129E-06,1.82752386208988,56.5411767718899,15.0001398368798,15.000047980558,""
150194.799505949,15.0000001613248,1.97126603591604E-06,1.46204954677874,2.46408254489505E-06,1.82756193347342,56.5413133488488,15.0001434964178,15.0000516397325,""
150210.245875597,15.000000013719,1.97108629878804E-06,1.46207999450785,2.46385787348505E-06,1.82759999313482,56.5414503144953,15.0001471563989,15.0000552993499,""
150225.690375566,14.9999999691566,1.97152424445014E-06,1.46211044488941,2.46440530556267E-06,1.82763805611177,56.5414714263496,15.000149331108,15.0000574734643,""
150241.136744976,14.9999999968019,1.97241541277731E-06,1.46214090360682,2.46551926597164E-06,1.82767612950853,56.5414921739147,15.0001515060803,15.0000596478418,""
150256.581244946,14.9999999678148,1.97234986367846E-06,1.46217135973841,2.46543732959808E-06,1.82771419967301,56.5415977157093,15.0001531748776,15.0000613149483,""
150272.027614594,14.9999998991178,1.97158224445553E-06,1.46220182036463,2.46447780556942E-06,1.82775227545578,56.5417035284941,15.0001548438768,15.0000629822566,""
150287.472114563,14.9999997911163,1.96924862002568E-06,1.46223223944031,2.4615607750321E-06,1.82779029930039,56.5418077452601,15.0001573815635,15.0000655299878,""
150302.918484211,14.9999996555273,1.96576499851775E-06,1.46226263440187,2.45720624814718E-06,1.82782829300233,56.5419119700142,15.0001599195575,15.0000680780275,""
150318.362984419,14.9999997624979,1.96394286916098E-06,1.46229298929612,2.45492858645122E-06,1.82786623662015,56.5417815069019,15.0001579140052,15.0000660728175,""
150333.809353828,15.0000000396619,1.96334032121037E-06,1.46232332114224,2.45417540151296E-06,1.8279041514278,56.5416503705477,15.0001559082102,15.0000640673648,""
150349.253853798,15.0000000419356,1.96443937449261E-06,1.46235366486875,2.45554921811576E-06,1.82794208108594,56.5418058252825,15.0001506759371,15.0000588270075,""
150364.700223446,14.9999998512897,1.96678844750343E-06,1.46238402369216,2.45848555937929E-06,1.8279800296152,56.5419620668018,15.0001454430306,15.0000535860158,""
150380.144723415,14.9999999266658,1.96798203003751E-06,1.46241440282542,2.45997753754689E-06,1.82801800353177,56.5420114919709,15.000137542221,15.0000456849843,""
150395.591093063,15.0000001888179,1.96832692625176E-06,1.46244480325988,2.4604086578147E-06,1.82805600407484,56.542060649925,15.0001296404551,15.0000377829962,""
150411.035593033,15.0000001507167,1.96538626298442E-06,1.46247515540695,2.45673282873052E-06,1.82809394425868,56.5420340315587,15.0001204920401,15.0000286427777,""
150426.481962681,14.9999999017422,1.96003036306782E-06,1.46250547844144,2.45003795383477E-06,1.8281318480518,56.5420072253616,15.0001113425176,15.0000195014527,""
150441.926462889,14.9999999113039,1.95735934969521E-06,1.46253574392313,2.44669918711901E-06,1.82816967990391,56.54182419507,15.0001085325198,15.0000166932387,""
150457.37283206,15.0000001024982,1.95666154011155E-06,1.46256597345109,2.44582692513944E-06,1.82820746681386,56.5416407809968,15.000105722182,15.0000138846849,""
150472.817332029,15.000000085361,1.95553288232146E-06,1.46259618024417,2.44441610290183E-06,1.82824522530521,56.5416261332718,15.0001088820971,15.0000170501014,""
150488.263701677,14.9999999218099,1.95408715915397E-06,1.46262637666406,2.44260894894246E-06,1.82828297083007,56.5416118538604,15.0001120423949,15.0000202159012,""
150503.708201647,14.9999998756525,1.9527787739657E-06,1.46265654581784,2.44097346745713E-06,1.8283206822723,56.5415486409029,15.0001169918753,15.0000251707908,""
150519.154571295,14.9999999120156,1.9515711369281E-06,1.46268670125392,2.43946392116012E-06,1.82835837656741,56.541485318919,15.000121941955,15.0000301262803,""
150534.599071264,15.0000000766251,1.95200215996748E-06,1.4627168568587,2.44000269995935E-06,1.82839607107337,56.5415238528762,15.0001222084956,15.0000303857683,""
150550.045440912,15.0000003314592,1.95363900020875E-06,1.46274701892426,2.44204875026094E-06,1.82843377365532,56.5415625901073,15.0001224750685,15.0000306452877,""
150565.489940882,15.0000001638567,1.95454134421045E-06,1.46277719512052,2.44317668026306E-06,1.82847149390065,56.5415586172179,15.0001216017901,15.0000297745782,""
150580.93631053,14.9999996990339,1.95490327324905E-06,1.46280738805907,2.44362909156132E-06,1.82850923507384,56.5415545657597,15.000120728406,15.0000289037632,""
150596.380810499,14.9999998160183,1.9526330674968E-06,1.46283754312652,2.440791334371E-06,1.82854692890815,56.5415619822915,15.0001232534747,15.0000314302646,""
150611.827180147,15.0000003424715,1.94842449766307E-06,1.46286767664986,2.43553062207884E-06,1.82858459581232,56.5415694192962,15.000125778849,15.0000339570719,""
150627.271680117,15.0000003302503,1.9451336408535E-06,1.46289774583065,2.43141705106687E-06,1.82862218228831,56.5417403302726,15.000124066625,15.0000322551857,""
150642.718049765,14.9999999388058,1.94251795319278E-06,1.46292777394651,2.42814744149097E-06,1.82865971743313,56.541911521136,15.0001223541938,15.0000305530934,""
150658.162549734,14.9999998925072,1.94097149584998E-06,1.46295776841606,2.42621436981247E-06,1.82869721052007,56.5419701921085,15.000119205904,15.0000274020624,""
150673.608919144,15.0000000892618,1.94021239706615E-06,1.4629877444045,2.42526549633268E-06,1.82873468050563,56.5420287054704,15.000116057233,15.00002425065,""
150689.053419113,15.0000001433472,1.94048523915411E-06,1.46301771920351,2.42560654894264E-06,1.82877214900438,56.5420626630683,15.0001136766462,15.0000218761992,""
150704.499788761,15.0000000969369,1.94151857966222E-06,1.46304769942835,2.42689822457778E-06,1.82880962428544,56.542096591815,15.0001112957712,15.000019501461,""
150719.944288731,15.0000000083537,1.93976471402164E-06,1.46307765134913,2.42470589252705E-06,1.82884706418641,56.5421551989522,15.0001095261682,15.0000177389084,""
150735.390658379,14.9999998900321,1.93595596156733E-06,1.46310758870496,2.41994495195916E-06,1.8288844858812,56.54221384333,15.000107756351,15.0000159761424,""
150750.835158348,14.9999999574636,1.93503174173299E-06,1.46313749926864,2.41878967716623E-06,1.8289218740858,56.5420940111806,15.000104369406,15.0000125858336,""
150766.281527996,15.0000001558574,1.93623422449971E-06,1.46316739636803,2.42029278062463E-06,1.82895924546003,56.5419739682108,15.0001009820511,15.0000091951143,""
150781.726028204,15.0000001357226,1.93635309947931E-06,1.4631972944901,2.42044137434914E-06,1.82899661811262,56.5420451064058,15.0001011255049,15.0000093425958,""
150797.172397614,14.9999999614764,1.93567276682229E-06,1.46322719965415,2.41959095852786E-06,1.82903399956769,56.5421164403008,15.0001012689761,15.0000094900952,""
150812.616897583,14.9999998386949,1.93330871676844E-06,1.46325706309833,2.41663589596055E-06,1.82907132887291,56.5421829033971,15.0001061934598,15.0000144230023,""
150828.063267231,14.9999997521936,1.92970194396303E-06,1.46328690204421,2.41212742995379E-06,1.82910862755526,56.5422493703704,15.0001111185396,15.0000193565065,""
150843.5077672,14.9999996512527,1.92847082751071E-06,1.4633167099656,2.41058853438839E-06,1.82914588745699,56.5421881840478,15.0001183616109,15.000026598808,""
150858.954136848,14.9999995401011,1.92899270641274E-06,1.46334650126221,2.41124088301593E-06,1.82918312657776,56.5421268963563,15.0001256055591,15.0000338419861,""
150874.398636818,14.999999711478,1.92983697036479E-06,1.46337630320709,2.41229621295599E-06,1.82922037900886,56.5421988120886,15.0001346336257,15.0000428640224,""
150889.845006466,15.0000000823366,1.93091940613258E-06,1.46340611928395,2.41364925766573E-06,1.82925764910494,56.5422708184265,15.0001436627852,15.0000518871509,""
150905.289506674,15.0000000655052,1.93094767989042E-06,1.46343593470406,2.41368459986302E-06,1.82929491838008,56.542295331445,15.0001475210131,15.0000557513186,""
150920.735875845,14.9999997748931,1.93019751299058E-06,1.46346575591223,2.41274689123823E-06,1.82933219489028,56.5423198239873,15.000151379708,15.0000596159538,""
150936.180375814,14.9999997030871,1.9273573367031E-06,1.46349552790093,2.40919667087888E-06,1.82936940987616,56.5422955065582,15.0001535577489,15.0000618003742,""
150951.626745462,14.9999997858353,1.9229727312444E-06,1.46352526979832,2.4037159140555E-06,1.8294065872479,56.5422711680033,15.0001557360535,15.0000639850591,""
150967.071245432,14.9999999743338,1.91950695421498E-06,1.46355494439518,2.39938369276873E-06,1.82944368049397,56.5423513177561,15.0001555495885,15.0000638075997,""
150982.51761508,15.0000002376011,1.91671936374927E-06,1.46358457551083,2.39589920468659E-06,1.82948071938853,56.5424315034771,15.0001553631009,15.0000636301189,""
150997.962115049,15.000000157688,1.91665564913299E-06,1.46361419559746,2.39581956141624E-06,1.82951774449683,56.5423882598377,15.0001508813139,15.0000591418834,""
151013.408484697,14.999999835162,1.91860517747912E-06,1.4636438137684,2.3982564718489E-06,1.82955476721051,56.5423449948866,15.0001463989844,15.0000546531045,""
151028.852984667,14.9999998270087,1.9198801166821E-06,1.4636734525592,2.39985014585262E-06,1.82959181569901,56.5423662319026,15.0001410785441,15.0000493339151,""
151044.297626495,15.0000000411384,1.92065648946202E-06,1.46370310951798,2.40082061182752E-06,1.82962888689748,56.542387469706,15.0001357580549,15.0000440146769,""
151059.742126465,15.0000000363475,1.92069649656096E-06,1.46373276861501,2.4008706207012E-06,1.82966596076876,56.5423725423411,15.0001337953084,15.0000420523539,""
151075.186626434,14.9999998766235,1.920191674904E-06,1.46376242949565,2.40023959363E-06,1.82970303686957,56.5423576149762,15.0001318329375,15.0000400904064,""
151090.631126404,14.9999999110113,1.9180718679071E-06,1.46379205647111,2.39758983488387E-06,1.82974007058889,56.5423258428188,15.0001308379733,15.0000391011557,""
151106.075626373,15.0000000828918,1.91475618971924E-06,1.46382165834032,2.39344523714904E-06,1.8297770729254,56.5422940706614,15.0001298432345,15.0000381121317,""
151121.520126581,15.0000001875482,1.91492575864852E-06,1.46385125521276,2.39365719831064E-06,1.82981406901595,56.5423589022516,15.0001318496837,15.0000401104317,""
151136.964626551,15.0000002445484,1.91767814972509E-06,1.46388084838143,2.39709768715636E-06,1.82985106047679,56.5424237338407,15.0001338571956,15.0000421097894,""
151152.40912652,15.0000002247641,1.91682739222324E-06,1.46391043471526,2.39603424027905E-06,1.82988804339407,56.5423480496236,15.0001347254094,15.0000429861527,""
151167.85362649,15.0000001505004,1.91330431675738E-06,1.46394001597994,2.39163039594672E-06,1.82992501997493,56.5422723654065,15.0001355930817,15.0000438619824,""
151183.298126459,15.0000001665374,1.91203417845806E-06,1.46396956957555,2.39004272307258E-06,1.82996196196944,56.5422863242533,15.0001357907029,15.0000440571334,""
151198.742626429,15.000000246698,1.91243628570973E-06,1.46399910263376,2.39054535713716E-06,1.8299988782922,56.5423002831,15.0001359879245,15.0000442518784,""
151214.187126398,15.0000001411892,1.91221460932692E-06,1.46402863318439,2.39026826165865E-06,1.83003579148049,56.5423508004802,15.000139226241,15.0000474862824,""
151229.631626368,14.9999999037235,1.91152956080797E-06,1.46405816187229,2.38941195100997E-06,1.83007270234036,56.5424013178603,15.0001424667399,15.0000507228679,""
151245.076126337,14.9999998251684,1.90959709287314E-06,1.46408765915411,2.38699636609142E-06,1.83010957394264,56.5424524812116,15.0001495041786,15.0000577721897,""
151260.520626545,14.999999859648,1.90673725420275E-06,1.46411713308814,2.38342156775343E-06,1.83014641636017,56.5425036445637,15.0001565448026,15.0000648247102,""
151275.965126514,15.0000000594705,1.90319187130612E-06,1.46414654577624,2.37898983913265E-06,1.8301831822203,56.5425931945585,15.0001610349441,15.0000693186388,""
151291.409626484,15.000000377002,1.89913642844888E-06,1.46417591289637,2.3739205355611E-06,1.83021989112047,56.5426827445532,15.0001655226368,15.0000738101108,""
151306.854126453,15.0000003735424,1.89672090826624E-06,1.4642052335367,2.3709011353328E-06,1.83025654192088,56.5426609329322,15.0001670062987,15.0000753045553,""
151322.298626423,15.0000001413741,1.89552649579435E-06,1.46423451956757,2.36940811974294E-06,1.83029314945946,56.5426391213113,15.0001684867119,15.0000767957586,""
151337.743126392,14.9999999864302,1.89357273488209E-06,1.46426377272715,2.36696591860261E-06,1.83032971590894,56.5426821682056,15.000169242935,15.0000775591334,""
151353.187626362,14.9999998865554,1.89105310417061E-06,1.4642930013909,2.36381638021327E-06,1.83036625173863,56.5427252150999,15.0001699982871,15.0000783216327,""
151368.63212657,14.9999997973041,1.89128351067548E-06,1.46432222794712,2.36410438834435E-06,1.8304027849339,56.5427239295109,15.0001694315286,15.0000777531912,""
151384.076626539,14.9999997156349,1.89356488448323E-06,1.46435145293076,2.36695610560404E-06,1.83043931616345,56.5427226439219,15.0001688630194,15.0000771829873,""
151399.521126509,14.9999997206453,1.89567099354822E-06,1.46438071556266,2.36958874193527E-06,1.83047589445332,56.5427404416383,15.0001676141469,15.0000759254923,""
151414.965626478,14.9999997875716,1.89764628704286E-06,1.46441000629478,2.37205785880357E-06,1.83051250786848,56.5427582393547,15.0001663642909,15.0000746670038,""
151430.410126448,14.9999998926466,1.89698505943343E-06,1.46443929123247,2.37123132429179E-06,1.83054911404058,56.5426233902318,15.000164364779,15.0000726758482,""
151445.854626417,15.0000000249944,1.89435440059796E-06,1.46446857184181,2.36794300074745E-06,1.83058571480227,56.542488541109,15.0001623640924,15.0000706835446,""
151461.299126387,15.0000000051056,1.89172847270886E-06,1.46449780602188,2.36466059088608E-06,1.83062225752735,56.5424782542922,15.0001600178897,15.0000683454711,""
151476.743626356,14.9999998762895,1.8891060815525E-06,1.46452700549262,2.36138260194062E-06,1.83065875686577,56.5424679674754,15.0001576711037,15.0000660068139,""
151492.188126326,14.9999998755536,1.88810923587244E-06,1.46455618373106,2.36013654484055E-06,1.83069522966383,56.5425229703305,15.0001550292853,15.0000633594427,""
151507.632626534,14.999999966538,1.88832857053022E-06,1.46458534608464,2.36041071316278E-06,1.8307316826058,56.5425779731865,15.0001523869328,15.0000607115128,""
151523.077126503,15.0000000294057,1.88878926400348E-06,1.46461451604036,2.36098658000435E-06,1.83076814505045,56.5425993737035,15.0001491715207,15.0000574950078,""
151538.521626472,15.0000000721216,1.88943067762203E-06,1.4646436916886,2.36178834702754E-06,1.83080461461075,56.5426207742206,15.0001459550019,15.0000542774047,""
151553.966126442,15.0000001706966,1.88885259607765E-06,1.4646728598273,2.36106574509706E-06,1.83084107478412,56.5426605532381,15.0001451063936,15.0000534338302,""
151569.410626411,15.0000003093404,1.88736067906996E-06,1.46470202233867,2.35920084883745E-06,1.83087752792333,56.5427003322556,15.0001442626465,15.0000525951293,""
151584.855126381,15.0000003054383,1.88460657466039E-06,1.46473113901737,2.35575821832548E-06,1.83091392377171,56.5428115831426,15.0001441069729,15.000052445224,""
151600.29962635,15.0000001991987,1.88090589257421E-06,1.46476022132385,2.35113236571776E-06,1.83095027665482,56.5429228340295,15.0001439527955,15.0000522968165,""
151615.744126558,15.0000001710838,1.87960000980969E-06,1.46478927531465,2.34950001226211E-06,1.83098659414331,56.5429785966112,15.0001423751993,15.0000507167093,""
151631.188626528,15.0000001991037,1.88009153224042E-06,1.46481830805245,2.35011441530052E-06,1.83102288506556,56.543034359192,15.0001407943349,15.0000491333148,""
151646.633126497,15.0000002756834,1.87865768125953E-06,1.46484731972192,2.34832210157442E-06,1.8310591496524,56.5431548970518,15.0001353161407,15.0000436658397,""
151662.077626467,15.0000003871842,1.87577760407673E-06,1.46487631556611,2.34472200509592E-06,1.83109539445764,56.5432754349117,15.0001298285241,15.0000381889742,""
151677.522126436,15.000000287876,1.87493092599437E-06,1.46490529202781,2.34366365749296E-06,1.83113161503476,56.5433032622308,15.0001265952037,15.0000349490595,""
151692.966626406,15.0000000368402,1.87561282830451E-06,1.46493425391899,2.34451603538063E-06,1.83116781739874,56.54333108955,15.0001233676077,15.0000317148251,""
151708.411126375,14.9999999409368,1.87571253718921E-06,1.46496321883891,2.34464067148651E-06,1.83120402354864,56.5435155701214,15.0001258315625,15.0000341840158,""
151723.855626345,14.9999999567823,1.87537424286725E-06,1.46499218603746,2.34421780358406E-06,1.83124023254682,56.5437000506929,15.0001283106627,15.0000366683833,""
151739.300126314,14.9999999825634,1.87245098928286E-06,1.46502110734694,2.34056373660358E-06,1.83127638418368,56.5438326535452,15.0001333552529,15.0000417244557,""
151754.744626522,15.0000000155074,1.86758144363996E-06,1.46504999410564,2.33447680454995E-06,1.83131249263205,56.5439652563996,15.0001384069824,15.0000467876845,""
151770.189126492,15.0000000958705,1.86287502410813E-06,1.46507879759641,2.32859378013516E-06,1.83134849699551,56.5440557349221,15.0001404418472,15.0000488415735,""
151785.633626461,15.0000002104492,1.85829152436488E-06,1.46510753834292,2.3228644054561E-06,1.83138442292865,56.5441462134447,15.0001424679497,15.0000508867219,""
151801.078126431,15.0000001113712,1.85799553231834E-06,1.46513626459394,2.32249441539792E-06,1.83142033074243,56.5441064479503,15.0001432859553,15.0000516922709,""
151816.5226264,14.9999998579978,1.86093285257809E-06,1.46516497991357,2.32616606572261E-06,1.83145622489196,56.544066682456,15.0001441003048,15.0000524940686,""
151831.967126608,14.9999998723822,1.86155614470829E-06,1.46519371120289,2.32694518088536E-06,1.83149213900361,56.5442106995301,15.0001429054747,15.0000513120891,""
151847.411626577,15.0000000802941,1.86043298927259E-06,1.46522245454411,2.32554123659074E-06,1.83152806818013,56.544354716602,15.0001417043197,15.0000501238646,""
151862.856126547,15.0000001406774,1.85958386663775E-06,1.46525118235154,2.32447983329719E-06,1.83156397793943,56.5442816310202,15.0001373194006,15.0000457378324,""
151878.300626516,15.0000000943415,1.85894172649832E-06,1.465279898426,2.3236771581229E-06,1.8315998730325,56.5442085454384,15.0001329240711,15.0000413413438,""
151893.745126486,14.9999999616816,1.85815673818053E-06,1.46530860099682,2.32269592272566E-06,1.83163575124602,56.5441987216755,15.0001323503581,15.0000407727917,""
151909.189626455,14.9999997665244,1.85726376823209E-06,1.46533729335997,2.32157971029011E-06,1.83167161669996,56.5441888979126,15.0001317896069,15.000040217223,""
151924.634126425,14.9999997452078,1.85775930629653E-06,1.46536599146529,2.32219913287066E-06,1.83170748933161,56.5442461720788,15.0001334555613,15.000041879353,""
151940.078626394,14.9999998498553,1.85930527561153E-06,1.46539469391467,2.32413159451442E-06,1.83174336739333,56.5443034462449,15.0001351293394,15.0000435492752,""
151955.523126364,14.9999999353756,1.85965802998278E-06,1.46542340511344,2.32457253747848E-06,1.83177925639179,56.5443068627041,15.0001326606108,15.000041080174,""
151970.967626572,15.0000000070248,1.85910738045293E-06,1.46545212293697,2.32388422556616E-06,1.83181515367121,56.5443102791633,15.0001301768217,15.0000385960251,""
151986.412126541,14.9999999403383,1.85713044122301E-06,1.46548080905188,2.32141305152876E-06,1.83185101131485,56.5443212954809,15.0001255607065,15.0000339829508,""
152001.856626511,14.999999773246,1.85407277751624E-06,1.46550947114096,2.3175909718953E-06,1.8318868389262,56.5443323117984,15.0001209365791,15.0000293618771,""
152017.30112648,14.9999998415526,1.85289060998922E-06,1.46553810847866,2.31611326248652E-06,1.83192263559833,56.5443367441231,15.0001202839058,15.0000287096881,""
152032.74562645,15.0000000808586,1.85313066441602E-06,1.46556672704695,2.31641333052003E-06,1.83195840880869,56.5443411764478,15.0001196466396,15.0000280728963,""
152048.190126419,15.0000000866559,1.85166381976834E-06,1.46559532346657,2.31457977471042E-06,1.83199415433321,56.5442007040313,15.0001201380162,15.0000285721233,""
152063.634626389,14.9999999226847,1.84890157783584E-06,1.46562390307715,2.3111269722948E-06,1.83202987884644,56.5440602316148,15.000120633909,15.0000290758961,""
152079.079126596,14.9999998490129,1.84627613675441E-06,1.46565243630434,2.30784517094302E-06,1.83206554538042,56.5440430454965,15.0001227086922,15.0000311534243,""
152094.523626566,14.9999998410469,1.84375459867738E-06,1.46568093430165,2.30469324834672E-06,1.83210116787707,56.5440258593784,15.0001247899859,15.0000332374418,""
152109.968126535,14.9999998672784,1.84254154000931E-06,1.46570940825406,2.30317692501164E-06,1.83213676031758,56.5440084830698,15.0001252410586,15.0000336924859,""
152125.412626505,14.9999999184143,1.84232308425824E-06,1.46573786392943,2.3029038553228E-06,1.83217232991179,56.5439911067612,15.00012568521,15.0000341406142,""
152140.857126474,15.0000000325305,1.84210474767616E-06,1.46576631577382,2.3026309345952E-06,1.83220789471728,56.5439716048083,15.0001195489058,15.0000280028789,""
152156.301626444,15.0000001925508,1.84188650174869E-06,1.4657947647039,2.30235812718587E-06,1.83224345587988,56.5439521028553,15.0001133838602,15.0000218363788,""
152171.746126413,14.9999999393723,1.84121991675887E-06,1.4658232028811,2.30152489594858E-06,1.83227900360138,56.543851387244,15.0001093720856,15.0000178325968,""
152187.190626383,14.9999993847742,1.84021199978084E-06,1.46585163287187,2.30026499972605E-06,1.83231454108983,56.5437506716327,15.0001053699788,15.000013838525,""
152202.635126352,14.9999994354996,1.83792818838266E-06,1.46588002548329,2.29741023547833E-06,1.83235003185412,56.5437090853691,15.0001103843813,15.0000188610573,""
152218.07962656,14.9999999281659,1.83467223678079E-06,1.46590838961478,2.29334029597598E-06,1.83238548701848,56.5436674991049,15.0001154403678,15.000023925174,""
152233.52412653,15.0000000999879,1.83317862795681E-06,1.46593672389971,2.29147328494602E-06,1.83242090487464,56.5435816624134,15.0001194823719,15.0000279637141,""
152248.968626499,15.0000000373679,1.83302886113145E-06,1.46596503542604,2.29128607641431E-06,1.83245629428255,56.5434958257219,15.0001235195756,15.000031997399,""
152264.413126469,15.0000000841422,1.83231039745814E-06,1.4659933355442,2.29038799682267E-06,1.83249166943025,56.543438024502,15.0001243521655,15.0000328394868,""
152279.857626438,15.0000002109184,1.83115794119013E-06,1.46602162695638,2.28894742648766E-06,1.83252703369548,56.543380223282,15.0001251691927,15.0000336660751,""
152295.302126408,15.0000001356419,1.8308545277369E-06,1.46604991129754,2.28856815967112E-06,1.83256238912193,56.5434225348915,15.0001237200468,15.0000322116634,""
152310.746626377,14.9999999124769,1.83119956162114E-06,1.46607819023828,2.28899945202642E-06,1.83259773779785,56.543464846501,15.0001222596186,15.0000307458956,""
152326.191126585,14.9999999344953,1.83179880270965E-06,1.46610647914716,2.28974850338706E-06,1.83263309893395,56.5434175611067,15.0001219446674,15.0000304331691,""
152341.635626554,15.0000001361214,1.83259234545879E-06,1.46613477567436,2.29074043182349E-06,1.83266846959295,56.5433702757131,15.0001216355592,15.000030126324,""
152357.080126524,15.0000002441323,1.83093274300064E-06,1.4661630481997,2.2886659287508E-06,1.83270381024962,56.5433752717126,15.0001198373782,15.0000283340395,""
152372.524626493,15.0000002835083,1.82739661066055E-06,1.46619130236485,2.28424576332568E-06,1.83273912795607,56.5433802677121,15.0001180314195,15.0000265339963,""
152387.969126463,15.0000001852672,1.82535274637606E-06,1.46621951770766,2.28169093297008E-06,1.83277439713458,56.5434858990285,15.0001166356089,15.0000251367921,""
152403.413626432,14.9999999860463,1.8244512936395E-06,1.46624770332988,2.28056411704938E-06,1.83280962916235,56.543591530345,15.0001152419907,15.0000237417412,""
152418.858126402,15.0000000723302,1.82400204257976E-06,1.46627588016944,2.2800025532247E-06,1.8328448502118,56.5434214135494,15.0001090276992,15.0000175305391,""
152434.302626371,15.0000003682857,1.82389925017518E-06,1.46630405028009,2.27987406271898E-06,1.83288006285011,56.5432512967538,15.0001027870487,15.0000112930028,""
152449.747126341,15.0000004287951,1.82347110062489E-06,1.46633221356794,2.27933887578112E-06,1.83291526695992,56.5432692606313,15.0000979665218,15.0000064734868,""
152465.191626549,15.0000003162505,1.8227934783582E-06,1.46636037162473,2.27849184794775E-06,1.83295046453092,56.5432872245091,15.0000931539337,15.0000016618979,""
152480.636126518,15.0000000024276,1.82026257811765E-06,1.46638848921116,2.27532822264707E-06,1.83298561151396,56.5432748106743,15.0000958709897,15.0000043851171,""
152496.080626488,14.9999995405403,1.81630952385726E-06,1.4664165757421,2.27038690482158E-06,1.83302071967762,56.5432623968396,15.0000986310604,15.0000071513805,""
152511.525126457,14.9999996165349,1.81474121712364E-06,1.4664446300359,2.26842652140455E-06,1.83305578754487,56.5431784528771,15.0001032254744,15.0000117494613,""
152526.969626427,15.0000000885387,1.81500434679789E-06,1.46647265957225,2.26875543349736E-06,1.83309082446532,56.5430945089147,15.0001078305921,15.0000163582309,""
152542.414126396,15.0000001268394,1.81575089279785E-06,1.46650070117156,2.26968861599731E-06,1.83312587646445,56.5429846839134,15.0001108882042,15.000019413165,""
152557.858626366,14.9999998455639,1.81686898607563E-06,1.46652875204229,2.27108623259454E-06,1.83316094005286,56.542874858912,15.0001139365968,15.0000224588419,""
152573.303126574,14.9999997572944,1.81738069934591E-06,1.46655681307039,2.27172587418238E-06,1.83319601633799,56.5428992497202,15.0001207375428,15.0000292588785,""
152588.747626543,14.9999998113616,1.81742598855662E-06,1.46658488191072,2.27178248569578E-06,1.8332311023884,56.542923640528,15.0001275613047,15.000036081742,""
152604.192126513,14.9999998529347,1.81565556995328E-06,1.46661292349616,2.2695694624416E-06,1.8332661543702,56.5429731129036,15.0001355130046,15.0000440411837,""
152619.636626482,14.999999885286,1.81248741488562E-06,1.4666409441007,2.26560926860703E-06,1.83330118012588,56.5430225852792,15.0001434717007,15.0000520076753,""
152635.081126451,14.9999998950681,1.81141232194886E-06,1.46666894175338,2.26426540243607E-06,1.83333617719172,56.5429872469717,15.0001489321722,15.0000574629881,""
152650.525626421,14.9999998881781,1.81194974741927E-06,1.46669692172368,2.26493718427409E-06,1.8333711521546,56.5429519086642,15.0001543768419,15.0000629024171,""
152665.97012639,14.999999808285,1.81244091945025E-06,1.46672491035388,2.26555114931281E-06,1.83340613794236,56.5429573646122,15.0001557053404,15.0000642298531,""
152681.41462636,14.9999996744187,1.81289642914532E-06,1.46675290566106,2.26612053643164E-06,1.83344113207632,56.5429628205602,15.0001570072983,15.0000655307755,""
152696.859126329,14.9999998052413,1.81070458242653E-06,1.46678086801991,2.26338072803316E-06,1.83347608502489,56.5429472815008,15.0001566152854,15.0000651453542,""
152712.303626537,15.0000001319198,1.80646995691968E-06,1.46680880495529,2.2580874461496E-06,1.83351100619412,56.5429317424412,15.0001562121423,15.0000647488527,""
152727.748126507,15.0000001195906,1.80392762630176E-06,1.46683669421545,2.2549095328772E-06,1.83354586776932,56.5427852809727,15.0001613306716,15.0000698756674,""
152743.192626476,14.9999998562036,1.80269215257685E-06,1.46686454665925,2.25336519072106E-06,1.83358068332407,56.5426388195042,15.0001664861585,15.0000750394507,""
152758.637126446,14.9999998074708,1.80093206528846E-06,1.46689236947168,2.25116508161058E-06,1.8336154618396,56.5425991677145,15.0001719754551,15.0000805316395,""
152774.081626415,14.9999999178369,1.79876653051618E-06,1.4669201693835,2.24845816314523E-06,1.83365021172938,56.5425595159247,15.0001774670269,15.0000860260667,""
152789.526126385,14.9999999422003,1.79741245116666E-06,1.4669479441075,2.24676556395832E-06,1.83368493013438,56.5425180226229,15.0001747046177,15.000083267643,""
152804.970626354,14.9999999027663,1.79668600058603E-06,1.46697569934972,2.24585750073254E-06,1.83371962418715,56.542476529321,15.0001718849374,15.0000804519561,""
152820.415126562,14.9999999064443,1.79473102809583E-06,1.4670034229669,2.24341378511979E-06,1.83375427870862,56.5425964411069,15.0001653440248,15.0000739179913,""
152835.859626532,14.99999994213,1.79182509163313E-06,1.46703112210326,2.23978136454141E-06,1.83378890262908,56.542716352891,15.0001587768353,15.0000673577705,""
152851.304126501,14.999999868018,1.79189615365156E-06,1.46705881663857,2.23987019206445E-06,1.83382352079821,56.5425195084325,15.0001538374474,15.000062413929,""
152866.748626471,14.9999997123208,1.79427344644979E-06,1.4670865076095,2.24284180806224E-06,1.83385813451188,56.5423226639741,15.0001489097539,15.0000574816998,""
152882.19312644,14.9999997578229,1.79666401569719E-06,1.4671142401529,2.24583001962149E-06,1.83389280019112,56.5424069713966,15.0001500830846,15.000058648005,""
152897.63762641,14.9999999529513,1.79906487811204E-06,1.46714200492722,2.24883109764005E-06,1.83392750615902,56.5424912788192,15.000151300995,15.0000598588718,""
152913.082126379,15.0000000306179,1.79827277570345E-06,1.46716976214613,2.24784096962931E-06,1.83396220268266,56.5424193308669,15.0001493396373,15.0000579056802,""
152928.526626348,15.0000000208585,1.79500322756174E-06,1.46719751350273,2.24375403445217E-06,1.83399689187841,56.5423473829146,15.0001473546583,15.0000559289804,""
152943.971126318,14.999999941686,1.79299059037584E-06,1.46722522741925,2.2412382379698E-06,1.83403153427406,56.5423689914652,15.0001449515048,15.0000535254895,""
152959.415626526,14.9999998108067,1.79195397023524E-06,1.4672529122632,2.23994246279406E-06,1.834066140329,56.5423906000162,15.0001425451929,15.0000511187751,""
152974.860126495,14.9999998835662,1.79345373550574E-06,1.46728061826412,2.24181716938218E-06,1.83410077283015,56.5423075261623,15.0001421394103,15.0000507045398,""
152990.304626465,15.0000001081468,1.79692461135499E-06,1.46730834070716,2.24615576419374E-06,1.83413542588395,56.5422244523084,15.0001417489828,15.0000503055978,""
153005.749126434,15.0000002636797,1.79632494141615E-06,1.46733606059013,2.24540617677019E-06,1.83417007573766,56.5422243096892,15.0001378693059,15.0000464282707,""
153021.193626404,15.0000003676918,1.79255941514405E-06,1.467363778482,2.24069926893006E-06,1.83420472310249,56.54222416707,15.0001339624181,15.0000425238175,""
153036.638126612,15.0000002527031,1.79066354133845E-06,1.46739145984181,2.23832942667306E-06,1.83423932480227,56.5423004650231,15.0001297368155,15.0000382972988,""
153052.082626581,14.9999999741671,1.79022293301489E-06,1.46741911276573,2.23777866626861E-06,1.83427389095716,56.5423767629751,15.0001255086883,15.0000340682289,""
153067.527126551,14.9999998139768,1.79009959875294E-06,1.46744676293908,2.23762449844118E-06,1.83430845367384,56.5421464566255,15.0001280397,15.0000365964154,""
153082.97162652,14.9999997422396,1.7902234133585E-06,1.4674744109698,2.23777926669812E-06,1.83434301371224,56.5419161502758,15.0001306250852,15.0000391789601,""
153098.41612649,14.9999998671602,1.7900605809638E-06,1.46750205672227,2.23757572620475E-06,1.83437757090284,56.5419276298654,15.0001313878155,15.000039939942,""
153113.860626459,15.0000001391883,1.78967428117228E-06,1.46752970069864,2.23709285146535E-06,1.8344121258733,56.541939109455,15.0001321356594,15.0000406860463,""
153129.305126429,15.000000146468,1.7880469379784E-06,1.46755731880238,2.23505867247301E-06,1.83444664850298,56.541854028374,15.0001272332394,15.0000357874515,""
153144.749626398,14.9999999555403,1.78545132491555E-06,1.46758491672013,2.23181415614443E-06,1.83448114590016,56.541768947293,15.0001222839758,15.0000308420593,""
153160.194126368,14.9999999233194,1.78185558719099E-06,1.46761245416374,2.22731948398873E-06,1.83451556770467,56.5417625890334,15.0001157648128,15.000024335783,""
153175.638626575,15.0000000100161,1.77747892991874E-06,1.46763994438822,2.22184866239843E-06,1.83454993048528,56.5417562307738,15.0001092324412,15.0000178163739,""
153191.083126545,14.9999999942893,1.7770347480983E-06,1.4676674194575,2.22129343512287E-06,1.83458427432187,56.5417093185733,15.0001046695984,15.0000132409899,""
153206.527626514,14.9999999017532,1.77966355323958E-06,1.46769488268423,2.22457944154947E-06,1.83461860335529,56.5416624063729,15.0001001235689,15.0000086822015,""
153221.972126484,15.0000000562408,1.78037422197793E-06,1.46772236185389,2.22546777747241E-06,1.83465295231736,56.5414952759058,15.0000998247327,15.0000083887118,""
153237.416626453,15.0000003961303,1.77958480259748E-06,1.46774985349178,2.22448100324686E-06,1.83468731686472,56.5413281454387,15.0000995626765,15.000008132159,""
153252.861126423,15.0000005773337,1.7787603337031E-06,1.46777733090841,2.22345041712887E-06,1.83472166363551,56.5413649416194,15.0000975444497,15.0000061116444,""
153268.305626392,15.0000006393369,1.77790843253349E-06,1.46780479719446,2.22238554066687E-06,1.83475599649308,56.5414017378,15.0000955107984,15.0000040756369,""
153283.7501266,15.0000004288497,1.7733776686893E-06,1.46783219189971,2.21672208586163E-06,1.83479023987464,56.5413447885353,15.0000926595503,15.0000012452733,""
153299.19462657,15.0000000135045,1.76596529029419E-06,1.4678595305357,2.20745661286774E-06,1.83482441316962,56.5412878392714,15.0000898010205,14.9999984078351,""
153314.639126539,15.0000000368591,1.76414753316379E-06,1.46788682722574,2.20518441645474E-06,1.83485853403218,56.5413227345433,15.0000869589558,14.999995556901,""
153330.083626509,15.0000003903031,1.76671544135889E-06,1.46791409103405,2.20839430169861E-06,1.83489261379256,56.5413576298151,15.0000841170396,14.999992705845,""
153345.528126478,15.0000002458809,1.76825234600418E-06,1.46794138337064,2.21031543250522E-06,1.8349267292133,56.5413217865732,15.0000838451566,14.9999924351163,""
153360.972626448,14.9999997265381,1.76898040169091E-06,1.4679686980884,2.21122550211364E-06,1.8349608726105,56.5412859433313,15.0000835967963,14.9999921880047,""
153376.417126417,14.9999996184939,1.77133796112739E-06,1.46799605057451,2.21417245140924E-06,1.83499506321814,56.5414500672205,15.0000894707339,14.9999980539297,""
153391.861626387,14.999999820439,1.77497491674203E-06,1.46802343271424,2.21871864592754E-06,1.8350292908928,56.5416141911096,15.000095401462,15.0000039765593,""
153407.306126356,14.9999999533216,1.77437420597724E-06,1.46805081231481,2.21796775747155E-06,1.83506351539351,56.5415904853855,15.0001033456457,15.0000119258841,""
153422.750626564,15.0000000341092,1.77044368993021E-06,1.46807818992063,2.21305461241276E-06,1.83509773740078,56.5415667796611,15.0001113087546,15.0000198942586,""
153438.195126534,15.000000090546,1.76653145893478E-06,1.46810549983788,2.20816432366847E-06,1.83513187479736,56.5415642904062,15.0001199595477,15.000028552588,""
153453.639626503,15.0000001285993,1.76263360695441E-06,1.46813275652631,2.20329200869302E-06,1.83516594565788,56.5415618011513,15.0001286168893,15.0000372174876,""
153469.084126472,15.0000001882331,1.76121581426552E-06,1.46815998413941,2.20151976783189E-06,1.83519998017426,56.541657319127,15.0001375485562,15.0000461430841,""
153484.528626442,15.0000002641727,1.76174983711596E-06,1.46818718887013,2.20218729639495E-06,1.83523398608766,56.5417528371028,15.0001464828692,15.0000550711954,""
153499.973126411,15.0000000641642,1.7628312267077E-06,1.46821441128394,2.20353903338462E-06,1.83526801410492,56.5416497392409,15.0001516778862,15.0000602650438,""
153515.417626381,14.9999996554824,1.76434373553314E-06,1.46824164762539,2.20542966941643E-06,1.83530205953173,56.541546641379,15.0001568363722,15.0000654224105,""
153530.862126589,14.9999995888098,1.76346666484268E-06,1.46826887318645,2.20433333105336E-06,1.83533609148307,56.5415881611469,15.00016195948,15.0000705522553,""
153546.306626558,14.9999997809823,1.76070601990991E-06,1.46829609024919,2.20088252488738E-06,1.83537011281149,56.5416296809141,15.0001670822376,15.0000756818277,""
153561.751126528,14.999999875771,1.75908049801159E-06,1.46832327717136,2.19885062251449E-06,1.8354040964642,56.5414781801256,15.000168180567,15.0000767799332,""
153577.195626497,14.9999998967947,1.75835043655441E-06,1.46835044031664,2.19793804569301E-06,1.8354380503958,56.541326679337,15.0001692385861,15.0000778376579,""
153592.640126467,14.9999999236868,1.75800514546951E-06,1.46837759680201,2.19750643183688E-06,1.83547199600252,56.5412653334055,15.0001636967397,15.0000722930208,""
153608.084626436,14.9999999550277,1.75796362606336E-06,1.46840474802946,2.1974545325792E-06,1.83550593503683,56.541203987474,15.0001580879714,15.0000666814365,""
153623.529126406,15.0000000187402,1.75668508470363E-06,1.46843187943337,2.19585635587954E-06,1.83553984929171,56.5411295034409,15.0001503340791,15.0000589350253,""
153638.973626375,15.000000107014,1.75442915934915E-06,1.46845899517448,2.19303644918644E-06,1.8355737439681,56.5410550194078,15.0001425581704,15.0000511667035,""
153654.418126345,15.0000000407306,1.7520601583642E-06,1.46848607025198,2.19007519795525E-06,1.83560758781498,56.5411899583558,15.0001330885595,15.0000417021955,""
153669.862626553,14.9999998570816,1.74960174469265E-06,1.46851311317584,2.18700218086581E-06,1.8356413914698,56.5413248973059,15.000123601356,15.0000322200691,""
153685.307126522,14.9999998671035,1.74933486350597E-06,1.46854014755426,2.18666857938247E-06,1.83567518444282,56.5414765747663,15.0001220394401,15.000030651505,""
153700.751626492,15.0000000243155,1.75080226511095E-06,1.46856717517052,2.18850283138869E-06,1.83570896896315,56.5416282522266,15.0001205608237,15.0000291661172,""
153716.196126461,15.0000000048181,1.75385550899661E-06,1.46859425257829,2.19231938624576E-06,1.83574281572286,56.5414422645413,15.0001247248076,15.0000333161621,""
153731.640626431,14.9999998509096,1.75816470792232E-06,1.46862136941993,2.1977058849029E-06,1.83577671177491,56.541256276856,15.0001289487962,15.0000375261354,""
153747.0851264,14.9999998955197,1.75782164266151E-06,1.46864848866326,2.19727705332688E-06,1.83581061082907,56.5413200605691,15.0001295191466,15.0000381099008,""
153762.529626369,15.0000000912561,1.75379117527562E-06,1.46867560981018,2.19223896909453E-06,1.83584451226273,56.5413838442821,15.0001300501916,15.0000386546558,""
153777.974126577,14.9999999860213,1.75161458851834E-06,1.46870269015957,2.18951823564793E-06,1.83587836269946,56.5415422140434,15.0001302832472,15.0000388791303,""
153793.418626547,14.9999996514751,1.75090855213551E-06,1.46872973814646,2.18863569016939E-06,1.83591217268307,56.5417005838023,15.0001305130601,15.0000391001197,""
153808.863126516,14.9999996223002,1.74880252009691E-06,1.46875675235033,2.18600315012114E-06,1.83594594043792,56.5417520697596,15.0001333479175,15.0000419421871,""
153824.307626486,14.999999825983,1.745585097342E-06,1.46878373973547,2.18198137167749E-06,1.83597967466934,56.5418035557169,15.000136211444,15.0000448131001,""
153839.752126455,15.0000000552099,1.74400783400873E-06,1.46881069706648,2.18000979251091E-06,1.83601337133309,56.5418024926427,15.0001341458572,15.0000427448488,""
153855.196626425,15.0000003039316,1.74373364167295E-06,1.46883763052013,2.17966705209118E-06,1.83604703815016,56.5418014295685,15.000132025414,15.0000406216294,""
153870.641126394,15.0000004154083,1.74175305250046E-06,1.46886453289819,2.17719131562558E-06,1.83608066612273,56.5418107183483,15.0001263595664,15.000034969069,""
153886.085626364,15.0000004220557,1.73841570042225E-06,1.46889141056792,2.17301962552781E-06,1.8361142632099,56.5418200071281,15.000120653823,15.0000292767935,""
153901.530126333,15.0000003094293,1.73805762744416E-06,1.46891827684303,2.1725720343052E-06,1.83614784605379,56.5418748325201,15.0001166052872,15.000025215468,""
153916.974626541,15.0000001056241,1.74007025678433E-06,1.46894513405151,2.17508782098042E-06,1.83618141756439,56.541929657913,15.0001125756048,15.0000211726972,""
153932.419126511,14.9999999981554,1.74141646041919E-06,1.46897201557721,2.17677057552399E-06,1.83621501947152,56.5420291987463,15.0001131559322,15.0000217592345,""
153947.86362648,14.9999999643923,1.74223195149089E-06,1.46899891646843,2.17778993936361E-06,1.83624864558553,56.5421287395795,15.0001137892769,15.0000223990109,""
153963.30812645,14.9999999466625,1.74121903983798E-06,1.46902580313726,2.17652379979747E-06,1.83628225392158,56.5421660039923,15.0001140350278,15.0000226430597,""
153978.752626419,14.9999999412098,1.73874892093062E-06,1.4690526784711,2.17343615116327E-06,1.83631584808887,56.5422032684051,15.0001142762732,15.0000228825084,""
153994.197126389,14.9999999709964,1.73654045864179E-06,1.46907951539741,2.17067557330223E-06,1.83634939424677,56.5421177993412,15.0001131626266,15.0000217741646,""
154009.641626358,15.0000000277889,1.73454069660591E-06,1.46910632168946,2.16817587075739E-06,1.83638290211183,56.5420323302773,15.0001120330625,15.0000206499866,""
154025.086126566,15.0000002162584,1.73262543197718E-06,1.46913309493311,2.16578178997148E-06,1.83641636866638,56.5419709800172,15.0001073709467,15.0000159918294,""
154040.530626535,15.0000005057243,1.73077761653549E-06,1.46915984179548,2.16347202066936E-06,1.83644980224435,56.541909629758,15.000102666892,15.0000112917164,""
154055.975126505,15.0000004641221,1.72989896346794E-06,1.46918657189494,2.16237370433492E-06,1.83648321486868,56.5417274310674,15.0000987152195,15.0000073417214,""
154071.419626474,15.0000001683784,1.72979454263728E-06,1.46921328860307,2.1622431782966E-06,1.83651661075384,56.5415452323769,15.0000947725726,15.0000034007249,""
154086.864126444,15.0000000963084,1.72910303643546E-06,1.46923999445048,2.16137879554433E-06,1.8365499930631,56.5416746709067,15.0000913216426,14.9999999471475,""
154102.308626413,15.0000001960823,1.7279421576846E-06,1.46926669161479,2.15992769710575E-06,1.83658336451849,56.5418041094366,15.0000878766723,14.9999964994778,""
154117.753126383,15.0000000394307,1.7260938289775E-06,1.46929335823888,2.15761728622187E-06,1.8366166977986,56.5418580615884,15.0000861951496,14.9999948311853,""
154133.197626352,14.9999996856083,1.72369545405366E-06,1.46932000042696,2.15461931756707E-06,1.8366500005337,56.5419120137403,15.0000845352188,14.9999931846796,""
154148.642126322,14.9999997997552,1.72298729332656E-06,1.46934662757791,2.15373411665821E-06,1.83668328447238,56.5420033747957,15.0000899117385,14.999998549543,""
154164.08662653,15.000000274033,1.72363258029621E-06,1.4693732426882,2.15454072537026E-06,1.83671655336025,56.5420947358526,15.0000953752862,15.0000040011241,""
154179.531126499,15.0000002481635,1.72297586439243E-06,1.46939984875339,2.15371983049054E-06,1.83674981094173,56.5422135837804,15.0001026486455,15.0000112867605,""
154194.975626469,14.9999998370795,1.72127574268708E-06,1.46942644757029,2.15159467835885E-06,1.83678305946286,56.5423324317083,15.0001099446134,15.0000185953083,""
154210.420126438,14.9999996337594,1.71952554483612E-06,1.46945301646849,2.14940693104514E-06,1.83681627058561,56.5423357483456,15.000120533676,15.0000291864819,""
154225.864626408,14.9999995905926,1.71773518512887E-06,1.46947956137142,2.14716898141108E-06,1.83684945171427,56.5423390649829,15.0001311642854,15.0000398190702,""
154241.309126377,14.9999997509694,1.71734755409906E-06,1.46950609725946,2.14668444262382E-06,1.83688262157432,56.542376525105,15.0001433763595,15.0000520293318,""
154256.753626347,15.0000000683771,1.71808581863013E-06,1.46953262591173,2.14760727328766E-06,1.83691578238966,56.542413985227,15.0001556085822,15.0000642596937,""
154272.198126554,15.0000001349946,1.72018708560212E-06,1.46955918826456,2.15023385700264E-06,1.8369489853307,56.5423513939866,15.0001599240133,15.0000685668318,""
154287.642626524,15.00000000797,1.72338322261909E-06,1.4695857776876,2.15422902827386E-06,1.8369822221095,56.5422888027471,15.0001641375975,15.0000727720401,""
154303.087126493,14.9999998545984,1.72311283865565E-06,1.46961236830067,2.15389104831956E-06,1.83701546037583,56.5423510110676,15.0001624823254,15.0000711205673,""
154318.531626463,14.9999996808666,1.72005568377473E-06,1.46963895987042,2.15006960471842E-06,1.83704869983802,56.542413219388,15.0001607508235,15.0000693930228,""
154333.976126432,14.9999997426736,1.71415792910502E-06,1.46966545522876,2.14269741138128E-06,1.83708181903595,56.5422736371759,15.0001534175378,15.0000620772341,""
154349.420626402,14.9999999866498,1.70597479168023E-06,1.46969187318096,2.13246848960029E-06,1.8371148414762,56.5421340549638,15.0001460107953,15.0000546881662,""
154364.865126371,15.0000000617314,1.70466704820005E-06,1.46971825729228,2.13083381025006E-06,1.83714782161535,56.5421408162265,15.0001410744883,15.000049741879,""
154380.309626579,15.0000000060786,1.7088952006589E-06,1.46974461415619,2.13611900082362E-06,1.83718076769523,56.5421475774894,15.0001361708833,15.0000448279277,""
154395.754126549,14.9999999768249,1.71210055421502E-06,1.46977102755263,2.14012569276878E-06,1.83721378444078,56.5420456019868,15.0001362469183,15.0000449003432,""
154411.198626518,14.9999999680225,1.71448172804923E-06,1.46979748650378,2.14310216006154E-06,1.83724685812972,56.5419436264842,15.0001363894895,15.0000450393848,""
154426.643126488,14.9999999998819,1.71336228602199E-06,1.46982393210492,2.14170285752749E-06,1.83727991513115,56.5419548732134,15.0001370986743,15.000045756683,""
154442.087626457,15.0000000632684,1.7094198005956E-06,1.46985036694005,2.1367747507445E-06,1.83731295867506,56.5419661199425,15.0001378155004,15.0000464817796,""
154457.532126427,15.0000001499819,1.70598663392581E-06,1.46987674224526,2.13248329240726E-06,1.83734592780657,56.5418465119091,15.0001367989532,15.0000454665749,""
154472.976626396,15.000000254797,1.70296452620919E-06,1.46990306950528,2.12870565776149E-06,1.8373788368816,56.5417269038757,15.0001357588143,15.0000444276842,""
154488.421126604,15.0000002247102,1.70260644235529E-06,1.46992938626937,2.12825805294412E-06,1.83741173283671,56.5417296685734,15.0001322446412,15.0000409142972,""
154503.865626574,15.0000000898535,1.70440011863516E-06,1.46995569455505,2.13050014829395E-06,1.83744461819381,56.5417324332711,15.0001286964879,15.0000373669238,""
154519.310126543,15.0000000151713,1.70476331765991E-06,1.46998201138697,2.13095414707489E-06,1.83747751423372,56.5418908662654,15.000125637317,15.0000343109557,""
154534.754626513,14.999999987262,1.70397019685808E-06,1.47000833512723,2.1299627460726E-06,1.83751041890904,56.5420492992598,15.000122584923,15.0000312617981,""
154550.199126482,15.0000001398614,1.70022313878252E-06,1.47003459969683,2.12527892347816E-06,1.83754324962104,56.5418838813195,15.0001205251791,15.0000292146402,""
154565.643626451,15.0000004328839,1.69408640184478E-06,1.4700608163985,2.11760800230598E-06,1.83757602049813,56.5417184633793,15.0001184793159,15.0000271814939,""
154581.088126421,15.0000003424423,1.69281089604039E-06,1.47008700342641,2.11601362005048E-06,1.83760875428301,56.5417783735688,15.0001199745961,15.0000286728655,""
154596.53262639,14.9999999534439,1.69547112454963E-06,1.47011316642993,2.11933890568704E-06,1.83764145803741,56.5418382837582,15.0001215198348,15.0000302139613,""
154611.97712636,14.9999997887721,1.69773261998531E-06,1.47013936867147,2.12216577498164E-06,1.83767421083933,56.5418877553131,15.0001285054142,15.0000371897359,""
154627.421626568,14.9999997989011,1.69967104072E-06,1.47016560270613,2.12458880090001E-06,1.83770700338266,56.5419372268687,15.0001355684237,15.0000442428599,""
154642.866126537,14.9999998130363,1.70076298159591E-06,1.47019185673321,2.12595372699489E-06,1.83773982091651,56.5420484008136,15.0001427513822,15.0000514219157,""
154658.310626507,14.9999998302957,1.70116852055057E-06,1.47021812697227,2.12646065068821E-06,1.83777265871534,56.5421595747584,15.0001499360629,15.0000586027794,""
154673.755126476,14.9999997941729,1.69758378781034E-06,1.47024434249326,2.12197973476293E-06,1.83780542811657,56.5419241587641,15.000152480065,15.0000611676804,""
154689.199626446,14.999999716384,1.69076084149199E-06,1.47027051360904,2.11345105186499E-06,1.8378381420113,56.5416887427699,15.0001549568625,15.0000636657345,""
154704.644126415,14.9999997609216,1.6887004550007E-06,1.47029664197646,2.11087556875087E-06,1.83787080247057,56.541763427379,15.0001530371236,15.0000617377312,""
154720.088626385,14.9999999010171,1.69050805174861E-06,1.47032273562516,2.11313506468576E-06,1.83790341953145,56.5418381119881,15.0001510531679,15.0000597450797,""
154735.533126593,14.9999999243601,1.6893732070857E-06,1.47034881462859,2.11171650885713E-06,1.83793601828574,56.5418242358199,15.0001466339425,15.000055335691,""
154750.977626562,14.9999998564238,1.68584673769652E-06,1.47037488172758,2.10730842212064E-06,1.83796860215947,56.5418103596519,15.0001421788436,15.0000508907017,""
154766.422126532,15.0000000038461,1.6847184557498E-06,1.47040092579552,2.10589806968725E-06,1.83800115724439,56.5416905079882,15.0001352438616,15.0000439514931,""
154781.866626501,15.00000031978,1.68554095871516E-06,1.47042695112904,2.10692619839395E-06,1.8380336889113,56.5415706563244,15.0001282720396,15.0000369752314,""
154797.311126471,15.0000002228647,1.68761256997044E-06,1.47045300976271,2.10951571246306E-06,1.83806626220338,56.5417087599674,15.0001260256355,15.0000347187145,""
154812.75562644,14.9999998026386,1.6907010558631E-06,1.47047909550536,2.11337631982888E-06,1.83809886938171,56.5418468636105,15.0001238500193,15.0000325329006,""
154828.20012641,14.9999997503594,1.68983513274045E-06,1.47050517274356,2.11229391592556E-06,1.83813146592944,56.5418134828042,15.0001275218373,15.0000362181173,""
154843.644626379,14.9999999864664,1.6857474738465E-06,1.47053124305299,2.10718434230813E-06,1.83816405381624,56.5417801019978,15.0001312819805,15.0000399920158,""
154859.089126348,15.0000000322658,1.68260727094664E-06,1.47055725843709,2.1032590886833E-06,1.83819657304636,56.541809680804,15.0001393759286,15.000048086411,""
154874.533626556,14.9999999287835,1.68023958556784E-06,1.47058322903767,2.1002994819598E-06,1.83822903629709,56.5418392596106,15.0001475358795,15.0000562466063,""
154889.978126526,15.0000000165521,1.68033597698933E-06,1.47060919742126,2.10041997123667E-06,1.83826149677658,56.5419303899182,15.0001533945138,15.0000620953852,""
154905.422626495,15.000000254467,1.6824430554087E-06,1.47063516399612,2.10305381926088E-06,1.83829395499514,56.5420215202258,15.0001592178125,15.0000679086735,""
154920.867126465,15.0000001838589,1.68176845071687E-06,1.47066112343598,2.10221056339608E-06,1.83832640429498,56.542167421981,15.0001584609981,15.0000671637574,""
154936.311626434,14.9999998708361,1.67882220964585E-06,1.47068707704913,2.09852776205731E-06,1.83835884631141,56.5423133237362,15.0001576023281,15.0000663173248,""
154951.756126404,14.99999999542,1.67556473874577E-06,1.47071297577183,2.09445592343222E-06,1.83839121971479,56.5424264957662,15.0001570711669,15.0000657954533,""
154967.200626373,15.0000004641292,1.67205290523507E-06,1.47073882963356,2.09006613154383E-06,1.83842353704194,56.5425396677963,15.0001565451162,15.0000652786463,""
154982.645126581,15.000000439496,1.67094753381311E-06,1.47076466098927,2.08868441726639E-06,1.83845582623659,56.5424483378094,15.0001545414819,15.0000632702461,""
154998.089626551,15.0000000265859,1.67181046549204E-06,1.47079047393606,2.08976308186505E-06,1.83848809242007,56.542357007824,15.0001525146066,15.0000612383846,""
155013.53412652,14.9999999437266,1.67054464690976E-06,1.4708162686608,2.08818080863721E-06,1.83852033582599,56.5422987229476,15.0001518967037,15.0000606312102,""
155028.97862649,15.000000120844,1.66753630544694E-06,1.47084204846958,2.08442038180867E-06,1.83855256058698,56.5422404380711,15.0001513011385,15.0000600466227,""
155044.423126459,15.0000001537524,1.66537580282657E-06,1.47086779028942,2.08171975353321E-06,1.83858473786177,56.5421960907391,15.0001507450706,15.0000594920658,""
155059.867626429,15.0000000729748,1.66390985722134E-06,1.47089350098836,2.07988732152667E-06,1.83861687623546,56.542151743407,15.0001501896339,15.0000589379888,""
155075.312126398,15.0000000404859,1.66535903260518E-06,1.47091923182983,2.08169879075648E-06,1.83864903978729,56.5424133721573,15.000147811225,15.0000565538533,""
155090.756626368,15.0000000460967,1.6691981753417E-06,1.47094497918519,2.08649771917713E-06,1.83868122398148,56.5426750009075,15.0001454034592,15.0000541402469,""
155106.201126337,14.9999999994935,1.66897755887402E-06,1.47097072897994,2.08622194859252E-06,1.83871341122492,56.5429197406951,15.0001424726584,15.0000512176275,""
155121.645626545,14.9999999116595,1.66542592861345E-06,1.47099648077661,2.08178241076681E-06,1.83874560097076,56.5431644804865,15.0001395333693,15.0000482867474,""
155137.090126514,14.999999906313,1.66317396272776E-06,1.47102219240116,2.07896745340971E-06,1.83877774050145,56.5432828775312,15.0001332347052,15.0000419911658,""
155152.534626484,14.999999966157,1.66198920234588E-06,1.47104787103914,2.07748650293235E-06,1.83880983879893,56.5434012745759,15.0001268811022,15.0000356405582,""
155167.979126453,14.9999999660627,1.66075317089446E-06,1.4710735287952,2.07594146361807E-06,1.838841910994,56.5435054662783,15.0001204635852,15.0000292257362,""
155183.423626423,14.9999999185596,1.65947500570641E-06,1.47109916939084,2.07434375713301E-06,1.83887396173854,56.5436096579806,15.000114045015,15.000022809856,""
155198.868126392,15.000000024014,1.65862333001305E-06,1.47112479490784,2.07327916251632E-06,1.8389059936348,56.5439033014934,15.0001041667008,15.0000129304243,""
155214.312626362,15.0000002505527,1.6581224115428E-06,1.47115040802375,2.07265301442851E-06,1.83893801002968,56.5441969450062,15.000094230941,15.0000029934837,""
155229.75712657,15.000000120785,1.65841131376718E-06,1.47117602485155,2.07301414220897E-06,1.83897003106444,56.5441028341257,15.0000856938476,14.9999944531781,""
155245.201626539,14.9999997087238,1.65935029693628E-06,1.47120164473381,2.07418787117035E-06,1.83900205591726,56.5440087232467,15.0000771801529,14.9999859362371,""
155260.646126509,14.9999997377023,1.65845286627666E-06,1.47122725215625,2.07306608284583E-06,1.83903406519532,56.5440441267906,15.0000765466444,14.9999853122789,""
155276.090626478,15.0000001163964,1.65604274502335E-06,1.47125284931531,2.07005343127919E-06,1.83906606164414,56.5440795303344,15.0000760459509,14.9999848213512,""
155291.535126448,15.00000017448,1.6543862278169E-06,1.47127841730394,2.06798278477113E-06,1.83909802162992,56.5440151479166,15.0000782141155,14.999986987749,""
155306.979626417,14.9999999781297,1.65335095629075E-06,1.47130396124546,2.06668869536344E-06,1.83912995155682,56.5439507654988,15.0000804275958,14.9999891992668,""
155322.424126387,14.9999998334767,1.65249127767401E-06,1.47132949037514,2.06561409709252E-06,1.83916186296892,56.5441207528763,15.0000890258837,14.9999977997182,""
155337.868626356,14.9999997298843,1.65177646547375E-06,1.47135500728486,2.06472058184218E-06,1.83919375910608,56.5442907402538,15.0000977333817,15.0000065094503,""
155353.313126326,14.9999998446178,1.65073546504014E-06,1.47138050706095,2.06341933130018E-06,1.83922563382618,56.5443623243159,15.0001081474931,15.0000169254916,""
155368.757626534,15.0000001329007,1.64942514395928E-06,1.47140599269086,2.0617814299491E-06,1.83925749086357,56.5444339083791,15.0001185910094,15.0000273709327,""
155384.202126503,15.0000002173193,1.64777178755142E-06,1.47143145085777,2.05971473443928E-06,1.83928931357221,56.5443015568204,15.0001220691954,15.0000308535714,""
155399.646626472,15.0000001395495,1.64583497837466E-06,1.47145688633211,2.05729372296833E-06,1.83932110791514,56.5441692052617,15.0001254264968,15.0000342153693,""
155415.091126442,15.0000000503343,1.64450495648443E-06,1.47148229842938,2.05563119560554E-06,1.83935287303672,56.5442569314036,15.0001250203498,15.0000338127953,""
155430.535626411,14.9999999520058,1.6436767209052E-06,1.47150769119484,2.0545959011315E-06,1.83938461399355,56.5443446575455,15.0001245484158,15.0000333444181,""
155445.980126381,14.9999998651495,1.64096176123393E-06,1.47153304081829,2.05120220154241E-06,1.83941630102287,56.5443848632574,15.0001241101835,15.0000329170335,""
155461.42462635,14.9999997874352,1.63668534030821E-06,1.47155835473723,2.04585667538526E-06,1.83944794342154,56.5444250689693,15.0001236725446,15.0000324903705,""
155476.869126558,14.9999998456426,1.63586263148894E-06,1.47158364974391,2.04482828936117E-06,1.83947956217989,56.544291433637,15.0001257925337,15.0000346070255,""
155492.313626528,15.0000000122544,1.63790047170525E-06,1.47160892908573,2.04737558963157E-06,1.83951116135716,56.5441577983067,15.0001279578728,15.0000367687765,""
155507.758126497,14.999999954402,1.63606416903668E-06,1.4716341830087,2.04508021129585E-06,1.83954272876087,56.5441167081969,15.0001296665312,15.0000384929193,""
155523.202626467,14.9999997173795,1.6310165779707E-06,1.47165941586191,2.03877072246337E-06,1.83957426982738,56.5440756180871,15.0001313670349,15.0000402092478,""
155538.647126436,14.9999998088492,1.62968122023217E-06,1.4716846208257,2.03710152529021E-06,1.83960577603212,56.5439221314391,15.0001340272652,15.0000428639,""
155554.091626406,15.000000162743,1.63142535657598E-06,1.47170980265374,2.03928169571997E-06,1.83963725331718,56.543768644791,15.0001367047532,15.0000455354252,""
155569.536126375,15.0000002283017,1.63260929063355E-06,1.47173500526818,2.04076161329194E-06,1.83966875658523,56.5436649627582,15.000135624019,15.000044456086,""
155584.980626345,15.0000000633259,1.63332814286832E-06,1.47176022513955,2.0416601785854E-06,1.83970028142444,56.5435612807253,15.0001344752327,15.000043308828,""
155600.425126314,14.9999999625562,1.63305466662006E-06,1.4717854418126,2.04131833327507E-06,1.83973180226575,56.5434701361728,15.00013148341,15.0000403193316,""
155615.869626522,14.9999999131643,1.63195671001891E-06,1.47181065582871,2.03994588752364E-06,1.83976331978589,56.5433789916189,15.0001284579832,15.0000372962456,""
155631.314126492,14.9999999364375,1.63238994162283E-06,1.47183587497594,2.04048742702854E-06,1.83979484371992,56.5435032232689,15.0001265868631,15.0000354171424,""
155646.758626461,15.0000000179055,1.63409636469358E-06,1.47186109839003,2.04262045586698E-06,1.83982637298754,56.5436274549188,15.0001247369344,15.0000335590409,""
155662.203126431,14.9999999676926,1.63238822535363E-06,1.47188629783479,2.04048528169204E-06,1.83985787229349,56.5433111582609,15.0001246571996,15.0000334910258,""
155677.6476264,14.9999998119339,1.62783863279184E-06,1.47191147733329,2.0347982909898E-06,1.83988934666661,56.542994861603,15.0001246101851,15.0000334560987,""
155693.092126608,14.9999998136167,1.62675440355086E-06,1.47193663367481,2.03344300443858E-06,1.83992079209351,56.5429597673939,15.000122717813,15.000031554559,""
155708.536626577,14.9999999415977,1.62855616220072E-06,1.47196177073027,2.0356952027509E-06,1.83995221341283,56.5429246731853,15.0001207910995,15.0000296182823,""
155723.981126547,14.9999998778778,1.62865235334854E-06,1.47198691179935,2.03581544168568E-06,1.83998363974919,56.5429734137157,15.0001189888652,15.0000278236691,""
155739.425626516,14.9999996602493,1.62732701816662E-06,1.47201205621364,2.03415877270828E-06,1.84001507026706,56.5430221542462,15.000117188963,15.00002603171,""
155754.870126486,14.9999997809772,1.62790086182802E-06,1.47203720764004,2.03487607728502E-06,1.84004650955005,56.5427971859684,15.0001145528037,15.0000233808822,""
155770.314626455,15.0000001735818,1.63005884013831E-06,1.47206236491534,2.03757355017289E-06,1.84007795614418,56.5425722176906,15.0001119008719,15.0000207138554,""
155785.759126425,15.0000001740841,1.6283178735723E-06,1.47208749830141,2.03539734196538E-06,1.84010937287676,56.5426432392433,15.0001090935209,15.0000179225769,""
155801.203626394,14.9999998592624,1.62332218774365E-06,1.47211261174548,2.02915273467956E-06,1.84014076468184,56.542714260796,15.0001062832189,15.0000151289393,""
155816.648126364,14.9999998725637,1.61993403435941E-06,1.47213766593713,2.02491754294927E-06,1.84017208242142,56.5425828352323,15.000106498669,15.0000153448721,""
155832.092626572,15.0000001499562,1.6178888511303E-06,1.47216267062832,2.02236106391288E-06,1.84020333828541,56.5424514096665,15.0001067719482,15.0000156183247,""
155847.537126541,15.0000002961641,1.61599149421297E-06,1.47218764319226,2.01998936776621E-06,1.84023455399033,56.5424638506267,15.0001045620215,15.0000134140484,""
155862.981626511,15.0000003366999,1.61421773158597E-06,1.47221258889563,2.01777216448246E-06,1.84026573611954,56.5424762915868,15.0001023043228,15.0000111621055,""
155878.42612648,15.0000002595214,1.61581018254516E-06,1.47223755676063,2.01976272818145E-06,1.84029694595079,56.5425139015358,15.0001010322363,15.0000098789422,""
155893.87062645,15.000000087443,1.62021925549559E-06,1.47226254316901,2.02527406936949E-06,1.84032817896126,56.5425515114847,15.000099779235,15.0000086145381,""
155909.315126419,15.0000000251943,1.6217537049525E-06,1.47228755930565,2.02719213119063E-06,1.84035944913207,56.5424518319778,15.0001012167592,15.0000100507895,""
155924.759626389,15.0000000515625,1.62088097749799E-06,1.47231260033642,2.02610122187248E-06,1.84039075042052,56.5423521524709,15.0001027067206,15.0000115396757,""
155940.204126596,15.0000001032082,1.61850500877551E-06,1.47233760348058,2.02313126096939E-06,1.84042200435073,56.5420868760166,15.0001064362343,15.0000152742273,""
155955.648626566,15.0000001752661,1.61486925693717E-06,1.47236257487338,2.01858657117146E-06,1.84045321859172,56.5418215995664,15.0001102096778,15.0000190528285,""
155971.093126535,15.0000001861522,1.61244321988446E-06,1.47238750386719,2.01555402485557E-06,1.84048437983399,56.5419095785234,15.0001136687892,15.0000225168236,""
155986.537626505,15.0000001475995,1.61103177185221E-06,1.47241239730094,2.01378971481527E-06,1.84051549662617,56.5419975574803,15.0001171216953,15.0000259746079,""
156001.982126474,15.0000000974184,1.60943589907077E-06,1.4724372641808,2.01179487383847E-06,1.840546580226,56.5419645156693,15.0001184785266,15.0000273336558,""
156017.426626444,15.0000000378315,1.60768522790813E-06,1.47246210877246,2.00960653488516E-06,1.84057763596557,56.5419314738582,15.0001197937148,15.0000286510079,""
156032.871126413,15.000000143161,1.60772597176393E-06,1.4724869516423,2.00965746470492E-06,1.84060868955288,56.5418623668673,15.0001196662895,15.0000285201574,""
156048.315626383,15.0000003819958,1.60927153177382E-06,1.47251179306581,2.01158941471728E-06,1.84063974133226,56.5417932598765,15.0001195100218,15.0000283603528,""
156063.760126352,15.0000002455186,1.60823652088631E-06,1.47253662056893,2.01029565110788E-06,1.84067077571117,56.5417968225434,15.0001153659181,15.0000242224199,""
156079.20462656,14.9999998049626,1.60503209301214E-06,1.47256143636995,2.00629011626517E-06,1.84070179546244,56.5418003852103,15.0001111415827,15.0000200044506,""
156094.64912653,14.9999996872886,1.60169181026134E-06,1.47258619631152,2.00211476282668E-06,1.8407327453894,56.5415269918655,15.0001071628756,15.0000160354318,""
156110.093626499,14.9999998314311,1.598237228467E-06,1.47261090925709,1.99779653558375E-06,1.84076363657136,56.5412535985207,15.0001031891412,15.000012071453,""
156125.538126469,14.9999998713602,1.59857043032165E-06,1.47263562277201,1.99821303790206E-06,1.84079452846502,56.5410971529626,15.0001019306097,15.0000108044456,""
156140.982626438,14.9999998267153,1.6020929097731E-06,1.47266033676633,2.00261613721637E-06,1.84082542095792,56.5409407074046,15.0001007273898,15.0000095923784,""
156156.427126408,14.9999999230738,1.60402852350687E-06,1.47268508530425,2.00503565438358E-06,1.84085635663031,56.5409841871877,15.0001057503237,15.0000146134205,""
156171.871626377,15.0000001339576,1.60462696527242E-06,1.47270986295031,2.00578370659052E-06,1.84088732868789,56.5410276669708,15.0001109008758,15.0000197622234,""
156187.316126585,15.0000002371111,1.60425083588751E-06,1.47273463557281,2.00531354485938E-06,1.84091829446602,56.5409015352857,15.0001159704336,15.0000248337085,""
156202.760626554,15.0000002526919,1.60305284142887E-06,1.47275940395819,2.00381605178609E-06,1.84094925494774,56.5407754036026,15.0001210383209,15.000029903599,""
156218.205126524,15.0000001002556,1.60158004915866E-06,1.47278414802905,2.00197506144833E-06,1.84098018503632,56.5408354033964,15.0001245636058,15.0000334282756,""
156233.649626493,14.9999998111271,1.59987533586552E-06,1.4728088715792,1.9998441698319E-06,1.84101108947401,56.5408954031903,15.0001280568828,15.0000369208902,""
156249.094126463,14.9999996871361,1.59548574060346E-06,1.47283352510986,1.99435717575433E-06,1.84104190638732,56.540734896761,15.0001319950294,15.0000408721063,""
156264.538626432,14.9999996976059,1.58882841240798E-06,1.47285811949992,1.98603551550997E-06,1.8410726493749,56.5405743903316,15.000135942463,15.0000448328959,""
156279.983126402,14.9999996787642,1.58652919659071E-06,1.47288266975515,1.98316149573838E-06,1.84110333719393,56.5406881827141,15.0001394737714,15.000048364397,""
156295.427626371,14.9999996360362,1.58791385673768E-06,1.47290718270357,1.98489232092209E-06,1.84113397837947,56.5408019750965,15.0001429963405,15.0000518868823,""
156310.872126341,14.9999997948511,1.58891418467854E-06,1.47293171288787,1.98614273084818E-06,1.84116464110984,56.5407223928997,15.0001441544564,15.0000530451287,""
156326.316626549,15.0000001180409,1.58958938553061E-06,1.47295625765329,1.98698673191327E-06,1.84119532206661,56.5406428107017,15.0001452626165,15.0000541534238,""
156341.761126518,15.0000000176807,1.5903878656967E-06,1.47298081561793,1.98798483212088E-06,1.84122601952241,56.5405434760802,15.000149022439,15.000057911759,""
156357.205626488,14.9999995715944,1.59129071603576E-06,1.47300538475755,1.9891133950447E-06,1.84125673094693,56.5404441414587,15.0001528386201,15.0000617264183,""
156372.650126457,14.9999996286863,1.59074962568845E-06,1.47302994669241,1.98843703211057E-06,1.84128743336551,56.5403130332166,15.0001591261177,15.0000680192957,""
156388.094626427,15.0000000968415,1.58898511616601E-06,1.47305450252284,1.98623139520751E-06,1.84131812815355,56.5401819249746,15.0001654664529,15.0000743651582,""
156403.539126396,15.000000291754,1.58910205193698E-06,1.4730790579168,1.98637756492123E-06,1.841348822396,56.5401679748517,15.0001661168776,15.0000750027744,""
156418.983626366,15.0000002632609,1.59081434247383E-06,1.47310361294065,1.98851792809229E-06,1.84137951617582,56.5401540247289,15.0001666449313,15.0000755176253,""
156434.428126574,15.0000001435297,1.58894459119422E-06,1.47312814125073,1.98618073899278E-06,1.84141017656341,56.5401993846586,15.0001585575045,15.000067444833,""
156449.872626543,14.9999999491399,1.58403510271297E-06,1.47315264689066,1.98004387839121E-06,1.84144080861333,56.5402447445876,15.0001502836994,15.0000591862645,""
156465.317126513,14.9999998461247,1.58062575751893E-06,1.4731770936889,1.97578219689867E-06,1.84147136711112,56.5402809571435,15.0001437478262,15.0000526522955,""
156480.761626482,14.9999998179419,1.57849043704976E-06,1.47320149051471,1.9731130463122E-06,1.84150186314339,56.5403171696993,15.0001372497692,15.0000461558526,""
156496.206126451,14.9999997524783,1.57708274943838E-06,1.47322586292187,1.97135343679798E-06,1.84153232865234,56.540424334578,15.000139110947,15.0000480214347,""
156511.650626421,14.9999996564579,1.57629350115604E-06,1.4732502145748,1.97036687644505E-06,1.8415627682185,56.5405314994567,15.0001411550727,15.0000500700257,""
156527.09512639,14.9999997168904,1.57708939750101E-06,1.47327457753696,1.97136174687626E-06,1.8415932219212,56.5404693668625,15.000144294878,15.0000532031589,""
156542.53962636,14.9999999056639,1.579233615018E-06,1.47329895011875,1.9740420187725E-06,1.84162368764843,56.5404072342682,15.0001474588016,15.0000563601652,""
156557.984126329,15.0000000421925,1.57901475921049E-06,1.47332332198101,1.97376844901312E-06,1.84165415247627,56.5403848293472,15.0001457006561,15.0000546062377,""
156573.428626537,15.000000135828,1.57678430488136E-06,1.47334769323116,1.97098038110171E-06,1.84168461653895,56.5403624244258,15.0001438335429,15.0000527435889,""
156588.873126507,15.0000000885164,1.57625867089895E-06,1.47337205360742,1.97032333862369E-06,1.84171506700927,56.540357847186,15.0001378535726,15.0000467576689,""
156604.317626476,14.999999925392,1.57718542376311E-06,1.47339640472022,1.97148177970388E-06,1.84174550590027,56.5403532699463,15.0001317820292,15.0000406799439,""
156619.762126446,15.0000000609037,1.57815364450682E-06,1.47342077192711,1.97269205563353E-06,1.84177596490889,56.5403911282634,15.0001253794123,15.0000342746533,""
156635.206626415,15.0000004420001,1.57915722059911E-06,1.47344515285577,1.97394652574889E-06,1.84180644106971,56.5404289865805,15.0001189693821,15.0000278620279,""
156650.651126385,15.000000572891,1.57789158414086E-06,1.47346951546276,1.97236448017607E-06,1.84183689432845,56.5403626464937,15.0001123445626,15.0000212446217,""
156666.095626354,15.0000004978542,1.57468971263617E-06,1.47349386243655,1.96836214079521E-06,1.84186732804568,56.5402963064069,15.0001057149064,15.0000146226042,""
156681.540126562,15.0000003716657,1.57184799293875E-06,1.4735181616209,1.96480999117344E-06,1.84189770202613,56.5404561290863,15.0001029452499,15.0000118563484,""
156696.984626532,15.0000002033427,1.56931381787793E-06,1.47354241999571,1.96164227234741E-06,1.84192802499464,56.5406159517632,15.000100263002,15.0000091774054,""
156712.429126501,15.0000000276592,1.56687334623796E-06,1.47356663760617,1.95859168279745E-06,1.84195829700771,56.5407043116687,15.0001036605612,15.0000125766286,""
156727.873626471,14.9999998459076,1.56451295337129E-06,1.47359082037949,1.95564119171412E-06,1.84198852547436,56.5407926715743,15.0001071965658,15.0000161142597,""
156743.31812644,14.9999998269953,1.56547535129971E-06,1.47361501517378,1.95684418912463E-06,1.84201876896723,56.5407227443007,15.0001123783291,15.0000212877214,""
156758.76262641,14.9999999424379,1.56927962100847E-06,1.47363922024922,1.96159952626059E-06,1.84204902531153,56.5406528170272,15.000117597777,15.0000264986403,""
156774.207126379,15.0000001704322,1.56808790112656E-06,1.47366341147858,1.9601098764082E-06,1.84207926434823,56.5406816124355,15.0001211595962,15.0000300760008,""
156789.651626348,15.0000004913672,1.56261993702533E-06,1.4736875908566,1.95327492128166E-06,1.84210948857075,56.5407104078439,15.000124683249,15.0000336157493,""
156805.096126318,15.0000004607446,1.5594375529129E-06,1.47371171455636,1.94929694114112E-06,1.84213964319545,56.5406817997535,15.0001210085376,15.0000299406382,""
156820.540626526,15.0000001395803,1.55821300732495E-06,1.47373579056224,1.94776625915619E-06,1.8421697382028,56.5406531916626,15.000117167174,15.0000260984931,""
156835.985126495,14.9999999779488,1.5569935310925E-06,1.47375984627821,1.94624191386562E-06,1.84219980784777,56.5406364633771,15.0001139972395,15.0000229363301,""
156851.429626465,14.9999999482707,1.555778400673E-06,1.47378388460049,1.94472300084125E-06,1.84222985575061,56.5406197350915,15.0001108429346,15.0000197899958,""
156866.874126434,14.9999999557935,1.55550219246479E-06,1.47380791722141,1.94437774058098E-06,1.84225989652677,56.5406606423752,15.0001097683452,15.0000187116938,""
156882.318626404,14.9999999941115,1.55603152766515E-06,1.4738319449509,1.94503940958144E-06,1.84228993118862,56.5407015496589,15.0001087424312,15.0000176817938,""
156897.763126612,15.0000000479624,1.55573665872544E-06,1.47385596874816,1.9446708234068E-06,1.8423199609352,56.540819261759,15.0001091695878,15.0000181132025,""
156913.207626581,15.0000001146823,1.55473411532574E-06,1.47387998916847,1.94341764415718E-06,1.84234998646058,56.5409369738573,15.0001096309376,15.0000185789983,""
156928.652126551,15.0000001260686,1.55444403211959E-06,1.4739040039362,1.94305504014949E-06,1.84238000492025,56.5410145527408,15.000109902709,15.000018849508,""
156944.09662652,15.0000000915736,1.55476615651558E-06,1.47392801384676,1.94345769564447E-06,1.84241001730845,56.5410921316243,15.0001101699953,15.0000191153974,""
156959.54112649,15.000000090452,1.55499814813484E-06,1.47395202771528,1.94374768516855E-06,1.8424400346441,56.5410962897593,15.0001128558179,15.0000217972366,""
156974.985626459,15.0000001170258,1.55515262930795E-06,1.47397604498748,1.94394078663494E-06,1.84247005623435,56.5411004478944,15.0001155991663,15.0000245365401,""
156990.430126429,15.0000000074466,1.55508233287368E-06,1.47400006135262,1.9438529160921E-06,1.84250007669077,56.5410991230331,15.000120853015,15.0000297896368,""
157005.874626398,14.999999784786,1.55481858592778E-06,1.47402407693711,1.94352323240973E-06,1.84253009617138,56.5410977981718,15.0001261668954,15.000035102844,""
157021.319126368,14.9999997912402,1.55351992821405E-06,1.47404807215896,1.94189991026756E-06,1.8425600901987,56.5410729168579,15.0001325860369,15.0000415259049,""
157036.763626575,14.9999999881421,1.55132989822849E-06,1.47407204984278,1.93916237278561E-06,1.84259006230347,56.5410480355437,15.0001390317482,15.0000479756459,""
157052.208126545,15.0000000998122,1.54996899199447E-06,1.47409600399815,1.93746123999308E-06,1.84262000499769,56.5409355628078,15.0001424889805,15.0000514311109,""
157067.652626514,15.0000001405764,1.54932277101645E-06,1.47411993787286,1.93665346377056E-06,1.84264992234108,56.540823090072,15.0001458739929,15.0000548142156,""
157083.097126484,15.0000001048627,1.54924028477433E-06,1.47414386973747,1.93655035596791E-06,1.84267983717184,56.5408894005298,15.0001442795626,15.0000532200891,""
157098.541626453,15.0000000054728,1.54964410447074E-06,1.47416779986806,1.93705513058843E-06,1.84270974983507,56.5409557109878,15.0001425641661,15.00005150505,""
157113.986126423,14.9999998895122,1.54819664436423E-06,1.47419170809869,1.93524580545529E-06,1.84273963512336,56.5409076423412,15.0001376392198,15.0000465848526,""
157129.430626392,14.9999997597432,1.54515092910237E-06,1.47421559742256,1.93143866137796E-06,1.8427694967782,56.5408595736947,15.0001326358958,15.0000415863847,""
157144.8751266,14.9999997849903,1.5421786112627E-06,1.47423943740395,1.92772326407838E-06,1.84279929675493,56.5408256870599,15.0001271655117,15.0000361219892,""
157160.31962657,14.9999999395178,1.53926970881566E-06,1.47426323475279,1.92408713601958E-06,1.84282904344099,56.5407918004256,15.0001216836626,15.0000306461566,""
157175.764126539,15.0000000823761,1.53665103434816E-06,1.4742869883928,1.92081379293521E-06,1.84285873549099,56.5407728073644,15.0001150530127,15.00002402109,""
157191.208626509,15.0000002154945,1.53428331253378E-06,1.4743107042389,1.91785414066723E-06,1.84288838029862,56.5407538143032,15.0001083940171,15.0000173676668,""
157206.653126478,15.0000000747494,1.53271532438599E-06,1.47433439322592,1.91589415548249E-06,1.84291799153241,56.5409267854183,15.0001081109929,15.0000170893934,""
157222.097626448,14.99999970523,1.53183938569905E-06,1.47435805897045,1.91479923212381E-06,1.84294757371306,56.5410997565334,15.0001079861019,15.0000169692326,""
157237.542126417,14.9999997949147,1.53275099426132E-06,1.47438173782429,1.91593874282665E-06,1.84297717228036,56.5409693875759,15.0001149390834,15.0000239191965,""
157252.986626387,15.0000002685164,1.53521066529418E-06,1.47440542803114,1.91901333161772E-06,1.84300678503893,56.5408390186184,15.0001220685061,15.0000310454084,""
157268.431126356,15.000000484694,1.53491321494665E-06,1.47442911635651,1.91864151868331E-06,1.84303639544564,56.5407730874427,15.0001269949725,15.0000359795605,""
157283.875626564,15.0000004854748,1.53222616012218E-06,1.47445280305156,1.91528270015272E-06,1.84306600381446,56.540707156266,15.0001318662423,15.0000408587889,""
157299.320126534,15.0000005438164,1.52942904215351E-06,1.47447644359435,1.91178630269188E-06,1.84309555449294,56.5408783177573,15.0001355119656,15.0000445103707,""
157314.764626503,15.0000006503611,1.5265364576102E-06,1.47450004410593,1.90817057201276E-06,1.84312505513241,56.5410494792486,15.000139126826,15.0000481310367,""
157330.209126472,15.0000006530068,1.52569634256946E-06,1.47452362848538,1.90712042821182E-06,1.84315453560672,56.5410948747799,15.00013911593,15.0000481159907,""
157345.653626442,15.0000005685727,1.52663788869389E-06,1.47454719886121,1.90829736086737E-06,1.84318399857652,56.5411402703111,15.0001390132654,15.0000480089241,""
157361.098126411,15.000000420113,1.52711431821995E-06,1.47457077761752,1.90889289777494E-06,1.8432134720219,56.5410936121597,15.000139073427,15.0000480729388,""
157376.542626381,15.0000002179477,1.52718668448882E-06,1.47459436365425,1.90898335561103E-06,1.84324295456781,56.5410469540083,15.0001391377304,15.0000481413053,""
157391.987126589,15.0000000265597,1.52741959757531E-06,1.474617953367,1.90927449696913E-06,1.84327244170875,56.5412231743317,15.0001389105716,15.0000479125451,""
157407.431626558,14.9999998442191,1.52779209230911E-06,1.47464154627505,1.90974011538639E-06,1.84330193284381,56.5413993946524,15.0001386759617,15.0000476761889,""
157422.876126528,14.9999997165751,1.52636383771771E-06,1.47466511752195,1.90795479714713E-06,1.84333139690244,56.5414451564882,15.0001388558559,15.0000478573045,""
157438.320626497,14.9999996348872,1.52336876362128E-06,1.47468866992164,1.9042109545266E-06,1.84336083740205,56.541490918324,15.0001390463995,15.0000480491458,""
157453.765126467,14.9999995565071,1.52246063379145E-06,1.47471220509872,1.90307579223932E-06,1.8433902563734,56.5415508698122,15.0001411759234,15.000050175384,""
157469.209626436,14.9999994809087,1.52336975792749E-06,1.47473572527882,1.90421219740936E-06,1.84341965659853,56.5416108213004,15.0001433555108,15.0000523515673,""
157484.654126406,14.9999995661238,1.52373342858757E-06,1.47475925204073,1.90466678573447E-06,1.84344906505092,56.5416763931354,15.0001432191995,15.0000522171258,""
157500.098626375,14.9999997866769,1.5236217623414E-06,1.47478278453837,1.90452720292675E-06,1.84347848067297,56.5417419649703,15.0001430227979,15.0000520227308,""
157515.543126345,14.9999997826868,1.5210571703846E-06,1.47480627730552,1.90132146298075E-06,1.8435078466319,56.5415746420124,15.000141922331,15.0000509327643,""
157530.987626553,14.9999995895687,1.51635330025141E-06,1.47482973542275,1.89544162531426E-06,1.84353716927844,56.5414073190519,15.0001407982912,15.0000498194465,""
157546.432126522,14.9999994433698,1.51553921795009E-06,1.47485317603112,1.89442402243761E-06,1.8435664700389,56.5415390535527,15.0001397750065,15.0000487852077,""
157561.876626492,14.9999993367226,1.51812019788661E-06,1.47487660135783,1.89765024735827E-06,1.84359575169729,56.5416707880535,15.0001387543617,15.000047753041,""
157577.321126461,14.9999993290023,1.51905546815066E-06,1.47490004382258,1.89881933518832E-06,1.84362505477823,56.5415724923499,15.0001413607501,15.0000503621674,""
157592.765626431,14.9999994047437,1.51855321781617E-06,1.47492350125734,1.89819152227022E-06,1.84365437657168,56.5414741966463,15.0001440626355,15.0000530671664,""
157608.2101264,14.9999995063432,1.51601482927759E-06,1.47494691896334,1.89501853659699E-06,1.84368364870418,56.5413468326801,15.0001484326642,15.0000574431348,""
157623.654626369,14.9999996297765,1.51169649369046E-06,1.47497030193934,1.88962061711307E-06,1.84371287742417,56.5412194687139,15.0001528468267,15.0000618633118,""
157639.099126577,14.9999995908127,1.50932320100558E-06,1.47499364380578,1.88665400125698E-06,1.84374205475723,56.5412669311152,15.0001537274202,15.0000627476138,""
157654.543626547,14.9999994146137,1.50865154946372E-06,1.47501694970644,1.88581443682966E-06,1.84377118713305,56.5413143935159,15.000154514076,15.0000635379169,""
157669.988126516,14.9999993870708,1.50880949119787E-06,1.47504025735824,1.88601186399734E-06,1.8438003216978,56.541329268618,15.0001532066314,15.0000622272306,""
157685.432626486,14.9999994852551,1.50969377788597E-06,1.47506356654326,1.88711722235746E-06,1.84382945817907,56.5413441437202,15.0001518432493,15.0000608604228,""
157700.877126455,14.999999563533,1.50971129949418E-06,1.47508687689996,1.88713912436773E-06,1.84385859612495,56.5413832593934,15.0001508768672,15.0000598934411,""
157716.321626425,14.9999996249611,1.50896933815203E-06,1.47511018828334,1.88621167269003E-06,1.84388773535417,56.5414223750667,15.0001499211404,15.0000589371906,""
157731.766126394,14.9999996905144,1.50759940654599E-06,1.47513347775517,1.88449925818249E-06,1.84391684719396,56.5414387639661,15.0001460255344,15.0000550472731,""
157747.210626364,14.9999997595622,1.50567880089581E-06,1.47515674801253,1.88209850111977E-06,1.84394593501566,56.5414551528655,15.000142050648,15.0000510782427,""
157762.655126333,14.9999997975853,1.50453566014043E-06,1.47517999867897,1.88066957517554E-06,1.84397499834872,56.5413888533991,15.0001394528651,15.0000484772748,""
157778.099626541,14.9999998093041,1.50407481915613E-06,1.47520323215287,1.88009352394516E-06,1.84400404019109,56.5413225539317,15.0001368923947,15.0000459133744,""
157793.544126511,14.9999999567217,1.50388672601029E-06,1.47522646225984,1.87985840751287E-06,1.8440330778248,56.541264085859,15.0001372990045,15.0000463243287,""
157808.98862648,15.0000002192866,1.5039381819908E-06,1.47524968941002,1.8799227274885E-06,1.84406211176252,56.5412056177862,15.0001377863859,15.0000468162663,""
157824.43312645,15.0000002588802,1.50486798331081E-06,1.4752729309731,1.88108497913851E-06,1.84409116371637,56.541189511004,15.000135446395,15.0000444659878,""
157839.877626419,15.0000001091152,1.50656982043093E-06,1.47529618520464,1.88321227553866E-06,1.8441202315058,56.5411734042218,15.0001330290744,15.0000420379736,""
157855.322126389,15.000000080624,1.50543395001789E-06,1.47531942357457,1.88179243752236E-06,1.84414927946821,56.5411288419132,15.0001319786096,15.0000409954684,""
157870.766626358,15.0000001552094,1.50180188403909E-06,1.4753426479918,1.87725235504886E-06,1.84417830998975,56.5410842796045,15.0001309657034,15.0000399910345,""
157886.211126566,15.0000001341389,1.49992873642711E-06,1.47536583990659,1.87491092053388E-06,1.84420729988324,56.5410021697884,15.0001285245285,15.0000375473941,""
157901.655626535,15.0000000316987,1.49960403273086E-06,1.47538900320755,1.87450504091358E-06,1.84423625400944,56.5409200599735,15.000126043925,15.0000350640231,""
157917.100126505,15.0000000719344,1.49852053474055E-06,1.47541214945558,1.87315066842569E-06,1.84426518681948,56.5409638574363,15.000123136771,15.0000321611353,""
157932.544626474,15.0000002336375,1.49676851948909E-06,1.47543528067954,1.87096064936136E-06,1.84429410084943,56.5410076548991,15.0001202177873,15.0000292466128,""
157947.989126444,15.0000001863526,1.49445254559121E-06,1.47545837442985,1.86806568198901E-06,1.84432296803731,56.5407691830991,15.0001196181184,15.0000286489805,""
157963.433626413,14.9999999609988,1.4916393218662E-06,1.47548143513913,1.86454915233275E-06,1.84435179392391,56.540530711299,15.0001190830696,15.0000281159006,""
157978.878126383,14.999999884456,1.49113182918485E-06,1.47550448529505,1.86391478648107E-06,1.84438060661881,56.5405965568796,15.0001161727451,15.0000252075996,""
157994.322626352,14.9999999348129,1.49265891662567E-06,1.47552752613867,1.86582364578209E-06,1.84440940767333,56.5406624024602,15.0001131959375,15.0000222328172,""
158009.767126322,14.9999999881371,1.4932908463258E-06,1.47555057820748,1.86661355790725E-06,1.84443822275935,56.5405092135025,15.000110093205,15.0000191255959,""
158025.21162653,15.0000000439939,1.49313227129095E-06,1.4755736401895,1.86641533911369E-06,1.84446705023687,56.5403560245424,15.0001069869318,15.0000160146507,""
158040.656126499,15.0000001005487,1.492836333393E-06,1.47559669744899,1.86604541674125E-06,1.84449587181123,56.5403533997458,15.0001045422248,15.0000135702299,""
158056.100626469,15.0000001576996,1.49241899709751E-06,1.47561975053512,1.86552374637189E-06,1.8445246881689,56.5403507749491,15.0001021162041,15.0000111446353,""
158071.545126438,15.000000118186,1.49037016988187E-06,1.47564277157988,1.86296271235234E-06,1.84455346447484,56.5404173407869,15.0001027474839,15.0000117824177,""
158086.989626408,14.9999999960373,1.48687834046749E-06,1.47566576428504,1.85859792558436E-06,1.8445822053563,56.5404839066247,15.0001034655099,15.0000125071189,""
158102.434126377,14.9999999726892,1.4854785145826E-06,1.47568873208285,1.85684814322825E-06,1.84461091510356,56.5404854855202,15.0001067405647,15.0000157791839,""
158117.878626347,15.0000000338721,1.48593044336611E-06,1.47571167783371,1.85741305420763E-06,1.84463959729213,56.5404870644156,15.0001100884987,15.0000191238527,""
158133.323126554,14.9999999358757,1.48763100654852E-06,1.47573465027435,1.85953875818566E-06,1.84466831284293,56.540498558731,15.0001168073009,15.0000258321006,""
158148.767626524,14.9999997015781,1.49043767131137E-06,1.47575764635744,1.86304708913922E-06,1.8446970579468,56.5405100530463,15.0001236226095,15.0000326366464,""
158164.212126493,14.9999997771285,1.49084642042482E-06,1.47578065136132,1.86355802553102E-06,1.84472581420165,56.5404919961117,15.0001281910634,15.0000372118945,""
158179.656626463,15.0000001182128,1.48912932111023E-06,1.47580366427385,1.86141165138779E-06,1.84475458034231,56.5404739391771,15.0001326949031,15.0000417230331,""
158195.101126432,15.0000002051595,1.48637680694329E-06,1.47582663308624,1.85797100867911E-06,1.8447832913578,56.5405671604289,15.0001297867963,15.0000388186522,""
158210.545626402,15.000000074136,1.48270563989767E-06,1.4758495627716,1.85338204987208E-06,1.84481195346449,56.5406603816806,15.0001266645893,15.0000357000679,""
158225.990126371,14.9999999785239,1.47946146581589E-06,1.47587243898117,1.84932683226986E-06,1.84484054872646,56.5405404794645,15.0001238111416,15.0000328535337,""
158241.434626579,14.9999999133088,1.47659642889856E-06,1.47589526770868,1.8457455361232E-06,1.84486908463584,56.5404205772465,15.0001209654916,15.0000300148928,""
158256.879126549,15.0000000567003,1.4785170730691E-06,1.4759181234922,1.84814634133638E-06,1.84489765436525,56.5405672215413,15.0001210041823,15.0000300364945,""
158272.323626518,15.0000003793058,1.48469035153626E-06,1.47594100331845,1.85586293942033E-06,1.84492625414807,56.5407138658361,15.000121126929,15.0000301414499,""
158287.768126488,15.0000003360194,1.48600784339438E-06,1.47596390908118,1.85750980424297E-06,1.84495488635147,56.5406386775019,15.0001184227096,15.0000274399856,""
158303.212626457,14.9999999781365,1.48300703818216E-06,1.47598683790945,1.8537587977277E-06,1.84498354738682,56.5405634891678,15.0001156357439,15.0000246563763,""
158318.657126427,14.9999999665829,1.48107651006367E-06,1.47600973422123,1.85134563757959E-06,1.84501216777654,56.5406771068826,15.0001112846487,15.0000203035761,""
158334.101626396,15.0000002530512,1.48009853186832E-06,1.47603260159322,1.85012316483541E-06,1.84504075199152,56.5407907245973,15.0001068875703,15.0000159046438,""
158349.546126604,15.000000231194,1.47831269514699E-06,1.47605544050824,1.84789086893374E-06,1.8450693006353,56.5408401053726,15.0001027208059,15.0000117440087,""
158364.990626574,14.9999999437996,1.47580730116118E-06,1.47607825407606,1.84475912645148E-06,1.84509781759508,56.5408894861471,15.0000985608421,15.0000075904099,""
158380.435126543,14.9999999302303,1.47304145798092E-06,1.47610102270052,1.84130182247615E-06,1.84512627837565,56.5408976783072,15.0000961781649,15.0000052151314,""
158395.879626513,15.00000015268,1.47004345252743E-06,1.47612375126284,1.83755431565928E-06,1.84515468907854,56.5409058704674,15.0000938481936,15.0000028925895,""
158411.324126482,15.0000000872175,1.47115046141571E-06,1.47614649428293,1.83893807676964E-06,1.84518311785366,56.540960562025,15.0000919703808,15.0000009980379,""
158426.768626451,14.9999997733895,1.47591949994413E-06,1.47616925020062,1.84489937493017E-06,1.84521156275077,56.5410152535825,15.0000901060349,14.9999991162334,""
158442.213126421,14.9999997286841,1.47465567582632E-06,1.47619199076993,1.8433195947829E-06,1.84523998846241,56.5409142870727,15.0000914847375,15.0000005145388,""
158457.65762639,14.9999999163266,1.46800581701864E-06,1.47621471763647,1.83500727127331E-06,1.84526839704558,56.5408133205629,15.0000929604462,15.000002010959,""
158473.10212636,15.0000000966467,1.46144652972235E-06,1.4762373374099,1.82680816215294E-06,1.84529667176238,56.5407702533713,15.0000962292215,15.0000052925964,""
158488.546626568,15.0000002706397,1.45496816605149E-06,1.47625986149827,1.81871020756436E-06,1.84532482687283,56.540727186179,15.0000995518614,15.0000086278624,""
158503.991126537,15.0000002406903,1.45324271374534E-06,1.47628235334448,1.81655339218168E-06,1.84535294168061,56.5407646547222,15.0001012965704,15.0000103672629,""
158519.435626507,15.0000000343764,1.45576719787684E-06,1.47630481636088,1.81970899734605E-06,1.8453810204511,56.5408021232654,15.000102993675,15.0000120585179,""
158534.880126476,14.9999999992709,1.45670582232074E-06,1.47632729603861,1.82088227790093E-06,1.84540912004826,56.5408332635356,15.0001047712993,15.0000138456414,""
158550.324626446,15.0000001123441,1.45622530436439E-06,1.4763497906261,1.82028163045549E-06,1.84543723828263,56.5408644038059,15.0001065513632,15.0000156356694,""
158565.769126415,15.0000000494488,1.45580762672138E-06,1.47637227835326,1.81975953340172E-06,1.84546534794157,56.540926399531,15.0001100991459,15.0000191851645,""
158581.213626385,14.9999998341296,1.45544622699753E-06,1.47639475993649,1.81930778374691E-06,1.84549344992061,56.5409883952561,15.0001137007131,15.0000227881929,""
158596.658126593,14.999999789665,1.4558935354976E-06,1.47641724812384,1.819866919372E-06,1.8455215601548,56.5410137093766,15.0001175950164,15.0000266809015,""
158612.102626562,14.9999998933165,1.45706566369508E-06,1.47643974222959,1.82133207961885E-06,1.84554967778698,56.5410390234968,15.000121498264,15.000030582461,""
158627.547126532,14.9999999559898,1.45800825799843E-06,1.47646225187799,1.82251032249804E-06,1.84557781484749,56.5410036663967,15.000125773521,15.0000348570555,""
158642.991626501,14.9999999831093,1.45874496792598E-06,1.47648477546765,1.82343120990748E-06,1.84560596933457,56.5409683092966,15.0001300601923,15.0000391430959,""
158658.436126471,15.0000000127246,1.45749948806627E-06,1.47650728043327,1.82187436008284E-06,1.84563410054159,56.5409192384199,15.0001326253345,15.0000417110296,""
158673.88062644,15.0000000445071,1.45447466282151E-06,1.4765297686807,1.81809332852689E-06,1.84566221085088,56.5408701675432,15.0001351374335,15.0000442260257,""
158689.32512641,15.0000003049061,1.45133093972264E-06,1.47655220586884,1.8141636746533E-06,1.84569025733605,56.5409074306182,15.0001346468849,15.0000437441996,""
158704.769626379,15.0000007639854,1.44808040280204E-06,1.47657459718703,1.81010050350255E-06,1.84571824648378,56.5409446936933,15.0001340634335,15.000043169651,""
158720.214126348,15.0000009762,1.44368114017002E-06,1.47659691788571,1.80460142521253E-06,1.84574614735714,56.5409572401608,15.0001331843604,15.0000423042379,""
158735.658626556,15.0000009736989,1.43824909659363E-06,1.47661917509311,1.79781137074204E-06,1.84577396886638,56.5409697866285,15.0001322961026,15.0000414297878,""
158751.103126526,15.0000009596438,1.43536274668078E-06,1.47664138329081,1.79420343335097E-06,1.84580172911352,56.5411288572078,15.0001317403284,15.0000408779784,""
158766.547626495,15.0000009355309,1.43476692857583E-06,1.47666354739151,1.79345866071979E-06,1.84582943423939,56.5412879277871,15.0001311949268,15.0000403362346,""
158781.992126465,15.0000009908059,1.43456753625723E-06,1.47668570793042,1.79320942032153E-06,1.84585713491303,56.5413642955536,15.0001270683341,15.0000362147766,""
158797.436626434,15.0000011152436,1.43472511291158E-06,1.47670786526205,1.79340639113947E-06,1.84588483157756,56.5414406633201,15.0001228295556,15.0000319811791,""
158812.881126404,15.0000010712894,1.43362653005417E-06,1.47673000575148,1.79203316256772E-06,1.84591250718935,56.5414738727899,15.0001198291179,15.0000289878652,""
158828.325626373,15.0000008805113,1.43139593338851E-06,1.47675213106324,1.78924491673564E-06,1.84594016382905,56.5415070822597,15.0001168676324,15.0000260335646,""
158843.770126581,15.0000005898312,1.43147091289936E-06,1.47677425575583,1.7893386411242E-06,1.84596781969478,56.5417095330591,15.0001188373289,15.0000280018559,""
158859.214626551,15.000000211973,1.43362522887079E-06,1.47679637988935,1.79203153608849E-06,1.84599547486169,56.5419119838555,15.0001209627716,15.0000301256222,""
158874.65912652,14.9999999289836,1.4339508269767E-06,1.47681851075599,1.79243853372087E-06,1.84602313844499,56.5419211242085,15.0001249864992,15.0000341541222,""
158890.10362649,14.9999997288483,1.43262586887048E-06,1.47684064769978,1.7907823360881E-06,1.84605080962472,56.5419302645615,15.0001290704267,15.0000382430266,""
158905.548126459,14.9999997215985,1.43278284629955E-06,1.47686278602823,1.79097855787444E-06,1.84607848253529,56.541966659441,15.0001287132795,15.0000378801676,""
158920.992626429,14.9999998829446,1.43427842502978E-06,1.47688492560742,1.79284803128723E-06,1.84610615700928,56.5420030543205,15.0001282147212,15.0000373755571,""
158936.437126398,14.9999998166802,1.43350140564617E-06,1.47690705434973,1.79187675705772E-06,1.84613381793717,56.5420123003914,15.000128240097,15.0000374073262,""
158951.881626368,14.9999995513041,1.43066999632978E-06,1.47692917329569,1.78833749541223E-06,1.84616146661961,56.5420215464622,15.0001282822232,15.0000374562435,""
158967.326126337,14.9999995142433,1.42871495100464E-06,1.47695125985552,1.78589368875579E-06,1.84618907481939,56.5421494542996,15.0001309356769,15.0000401109626,""
158982.770626545,14.9999996770753,1.42755274109827E-06,1.47697331711637,1.78444092637284E-06,1.84621664639546,56.542277362139,15.0001336729528,15.0000428493266,""
158998.215126514,14.9999998760896,1.42720699715505E-06,1.47699536814518,1.78400874644382E-06,1.84624421018147,56.5424079378979,15.0001327451733,15.0000419228375,""
159013.659626484,15.000000106808,1.42760047516488E-06,1.47701741353186,1.78450059395611E-06,1.84627176691482,56.5425385136568,15.0001316992747,15.000040878236,""
159029.104126453,14.9999999535057,1.4264543836994E-06,1.47703944151542,1.78306797962425E-06,1.84629930189427,56.542567994754,15.0001300470839,15.0000392285085,""
159044.548626423,14.9999994634356,1.42391329172641E-06,1.47706145373005,1.77989161465801E-06,1.84632681716256,56.5425974758511,15.0001283752749,15.0000375592005,""
159059.993126392,14.9999993121939,1.42264650921417E-06,1.47708344445961,1.77830813651772E-06,1.84635430557451,56.5427839930998,15.0001313707393,15.0000405568003,""
159075.437626362,14.9999994583329,1.42253527535115E-06,1.47710541570642,1.77816909418894E-06,1.84638176963302,56.5429705103485,15.0001345178269,15.0000437060115,""
159090.88212657,14.9999995769413,1.42170621254022E-06,1.47712737406455,1.77713276567528E-06,1.84640921758069,56.5427130433463,15.0001356937046,15.0000448838424,""
159106.326626539,14.9999996713669,1.42022571260284E-06,1.47714932072544,1.77528214075354E-06,1.8464366509068,56.5424555763481,15.0001368052902,15.0000459973758,""
159121.771126509,14.9999998221462,1.41884514386339E-06,1.47717124496215,1.77355642982924E-06,1.84646405620269,56.5424856555635,15.0001350905641,15.0000442873843,""
159137.215626478,15.0000000224669,1.41755533436616E-06,1.47719314883284,1.7719441679577E-06,1.84649143604105,56.5425157347788,15.0001332832915,15.0000424849375,""
159152.660126448,15.0000000264584,1.41657497620274E-06,1.47721503661042,1.77071872025343E-06,1.84651879576302,56.5425374381157,15.0001306950406,15.0000398950131,""
159168.104626417,14.9999998577113,1.41587588604976E-06,1.47723690976056,1.7698448575622E-06,1.8465461372007,56.5425591414526,15.000128081116,15.0000372792014,""
159183.549126387,14.999999871303,1.41455634265293E-06,1.47725876201805,1.76819542831616E-06,1.84657345252257,56.5424881573153,15.0001247338987,15.0000339387413,""
159198.993626356,15.0000000454556,1.41267241454049E-06,1.4772805952709,1.76584051817561E-06,1.84660074408862,56.542417173178,15.0001213624806,15.0000305743657,""
159214.438126326,15.000000030644,1.411836725528E-06,1.47730241424998,1.76479590691E-06,1.84662801781247,56.5424652880071,15.0001175863055,15.0000267971357,""
159229.882626534,14.9999998493006,1.41195529220271E-06,1.47732422023538,1.76494411525339E-06,1.84665527529423,56.5425134028369,15.0001137967198,15.000023006227,""
159245.327126503,14.9999997914239,1.41294554425416E-06,1.47734604160113,1.76618193031771E-06,1.84668255200141,56.5424608852361,15.0001152253524,15.0000244289507,""
159260.771626472,14.9999998424463,1.41472994588968E-06,1.47736787697945,1.76841243236211E-06,1.84670984622431,56.5424083676352,15.0001168275497,15.0000260250867,""
159276.216126442,14.999999778138,1.41334371262971E-06,1.47738969221816,1.76667964078713E-06,1.8467371152727,56.5423110645983,15.0001211015037,15.0000303094753,""
159291.660626411,14.9999996120227,1.40906662009058E-06,1.47741148909438,1.76133327511322E-06,1.84676436136797,56.5422137615614,15.0001254646691,15.0000346836263,""
159307.105126381,14.9999996605569,1.40744656598496E-06,1.47743325792364,1.75930820748121E-06,1.84679157240455,56.5420991516447,15.0001308325175,15.000040049475,""
159322.54962635,14.999999898726,1.40825098127281E-06,1.47745500116089,1.76031372659101E-06,1.84681875145111,56.541984541728,15.0001362340427,15.0000454485653,""
159337.994126558,14.9999999864363,1.40760195955256E-06,1.47747673493751,1.75950244944071E-06,1.84684591867189,56.5419386520112,15.0001376090753,15.0000468246473,""
159353.438626528,14.9999999411125,1.40562568639139E-06,1.47749846007424,1.75703210798924E-06,1.8468730750928,56.5418927622951,15.0001388486196,15.0000480653583,""
159368.883126497,14.9999998890583,1.40427028650525E-06,1.47752016290209,1.75533785813156E-06,1.84690020362762,56.541988148221,15.0001361182801,15.0000453350126,""
159384.327626467,14.999999831048,1.40348229804759E-06,1.47754184534203,1.75435287255949E-06,1.84692730667754,56.542083534147,15.0001332538439,15.0000424705304,""
159399.772126436,14.9999999906795,1.40335014225774E-06,1.47756352519783,1.75418767782218E-06,1.84695440649729,56.541997082158,15.0001261208839,15.000035338912,""
159415.216626406,15.000000343064,1.4038178138702E-06,1.47758520269016,1.75477226733775E-06,1.8469815033627,56.541910630169,15.0001188431872,15.0000280626039,""
159430.661126375,15.0000003137239,1.40373332468883E-06,1.47760687919685,1.75466665586104E-06,1.84700859899607,56.541937095865,15.0001111509219,15.0000203681303,""
159446.105626345,14.999999946034,1.40314343354013E-06,1.47762855480138,1.75392929192517E-06,1.84703569350172,56.541963561561,15.0001034445457,15.0000126594234,""
159461.550126314,14.9999998065971,1.4022106126867E-06,1.47765021559824,1.75276326585837E-06,1.8470627694978,56.5418257177205,15.0000990620354,15.0000082809064,""
159476.994626522,14.9999998696436,1.40096365809129E-06,1.47767186283118,1.75120457261411E-06,1.84708982853897,56.5416878738779,15.0000947930909,15.0000040161712,""
159492.439126492,14.9999998981829,1.39950655222281E-06,1.47769348672072,1.74938319027852E-06,1.84711685840089,56.5416902939039,15.0000929579136,15.0000021812194,""
159507.883626461,14.9999998960858,1.39785679166882E-06,1.47771508921066,1.74732098958602E-06,1.84714386151332,56.5416927139298,15.0000912062055,15.0000004296001,""
159523.328126431,14.9999999627641,1.39750174152007E-06,1.47773668511953,1.74687717690009E-06,1.84717085639942,56.541618233577,15.0000896192249,14.9999988403915,""
159538.7726264,15.0000000905535,1.39833453212088E-06,1.47775827499056,1.74791816515109E-06,1.8471978437382,56.5415437532241,15.0000880379151,14.999997256774,""
159554.217126608,15.0000000703201,1.39822377863911E-06,1.47777986369997,1.74777972329889E-06,1.84722482962496,56.5415284204066,15.0000875506497,14.9999967692474,""
159569.661626577,14.9999999184519,1.39724669023409E-06,1.47780145134217,1.74655836279261E-06,1.84725181417771,56.5415130875894,15.0000871011893,14.9999963195965,""
159585.106126547,14.9999997824695,1.3952344685853E-06,1.47782300726563,1.74404308573162E-06,1.84727875908204,56.541456317131,15.000091680204,15.0000009034966,""
159600.550626516,14.9999996606259,1.39227107737136E-06,1.47784453404319,1.7403388467142E-06,1.84730566755398,56.5413995466725,15.0000964336309,15.0000056619848,""
159615.995126486,14.9999997641558,1.38962846617308E-06,1.47786601808588,1.73703558271635E-06,1.84733252260735,56.5413192028543,15.00010364415,15.0000128778126,""
159631.439626455,15.0000000684373,1.38728084479595E-06,1.47788746282954,1.73410105599494E-06,1.84735932853692,56.5412388590361,15.0001109402116,15.0000201791913,""
159646.884126425,15.0000000402005,1.38619831412547E-06,1.47790888934778,1.73274789265683E-06,1.84738611168472,56.5411373498487,15.000110427852,15.0000196676007,""
159662.328626394,14.9999997155294,1.38628006876459E-06,1.47793029909286,1.73285008595573E-06,1.84741287386607,56.5410358406612,15.0001096426339,15.0000188829926,""
159677.773126364,14.9999996390422,1.38490185891475E-06,1.47795168760201,1.73112732364343E-06,1.84743960950251,56.5409377466993,15.0001126510831,15.0000218998054,""
159693.217626572,14.9999997839883,1.38217897176461E-06,1.47797305655248,1.72772371470577E-06,1.8474663206906,56.5408396527359,15.0001157925908,15.0000250499487,""
159708.662126541,14.9999998536257,1.38043087841931E-06,1.4779943967891,1.72553859802414E-06,1.84749299598637,56.5407254300497,15.0001222800299,15.0000315395351,""
159724.106626511,14.9999998560164,1.37958130246351E-06,1.47801571055898,1.72447662807939E-06,1.84751963819872,56.5406112073635,15.0001288852576,15.0000381466817,""
159739.55112648,14.999999813732,1.37887912651153E-06,1.47803701295383,1.72359890813941E-06,1.84754626619228,56.5404700094479,15.0001335024388,15.0000427710357,""
159754.99562645,14.9999997315225,1.37831292248058E-06,1.47805830485557,1.72289115310072E-06,1.84757288106946,56.5403288115322,15.0001380493758,15.0000473253311,""
159770.440126419,14.9999998546599,1.37843632487543E-06,1.47807959831408,1.72304540609429E-06,1.8475994978926,56.5402258902679,15.0001391098395,15.0000483779277,""
159785.884626389,15.0000001614629,1.37919636305766E-06,1.47810089320979,1.72399545382207E-06,1.84762611651223,56.5401229690036,15.0001400466622,15.0000493063434,""
159801.329126596,15.0000002647718,1.37999525456378E-06,1.47812220090982,1.72499406820472E-06,1.84765275113727,56.5400347378841,15.0001380689395,15.0000473269199,""
159816.773626566,15.0000001859229,1.38083004285867E-06,1.47814352043921,1.72603755357334E-06,1.84767940054902,56.539946506766,15.0001359874799,15.000045243998,""
159832.218126535,15.0000001026064,1.38116966924655E-06,1.47816484571945,1.72646208655818E-06,1.84770605714932,56.5397233190082,15.0001372075742,15.0000464647897,""
159847.662626505,15.0000000152876,1.38105145653033E-06,1.47818617631708,1.72631432066291E-06,1.84773272039634,56.5395001312504,15.0001385456088,15.000047803599,""
159863.107126474,15.0000000222852,1.38020039057213E-06,1.47820749369833,1.72525048821517E-06,1.84775936712291,56.5393919038292,15.0001382178013,15.0000474724247,""
159878.551626444,15.0000001138491,1.37867118264729E-06,1.47822879884989,1.72333897830911E-06,1.84778599856236,56.5392836764079,15.0001378302692,15.0000470813772,""
159893.996126413,15.0000000579914,1.37557010135235E-06,1.47825005519546,1.71946262669044E-06,1.84781256899432,56.5392360602191,15.0001344085984,15.0000436705754,""
159909.440626383,14.9999998698439,1.37101336288027E-06,1.47827126634349,1.71376670360033E-06,1.84783908292936,56.5391884440303,15.0001308777518,15.0000401511155,""
159924.885126352,14.9999999150959,1.36864952944668E-06,1.47829243830533,1.71081191180835E-06,1.84786554788166,56.5389739670155,15.0001273639593,15.0000366370767,""
159940.32962656,15.0000001699627,1.36831804977372E-06,1.47831357395027,1.71039756221715E-06,1.84789196743783,56.5387594899974,15.0001238507826,15.0000331232336,""
159955.77412653,15.0000002994465,1.36807226928534E-06,1.478334705606,1.71009033660668E-06,1.8479183820075,56.5388713955402,15.0001202759463,15.0000295504434,""
159971.218626499,15.0000003162319,1.36790597542365E-06,1.478355833562,1.70988246927956E-06,1.8479447919525,56.538983301083,15.0001166988754,15.0000259755169,""
159986.663126469,15.0000003358049,1.36701261450618E-06,1.47837694762355,1.70876576813272E-06,1.84797118452944,56.5389103266587,15.0001164224589,15.0000257053662,""
160002.107626438,15.0000003578855,1.36544436858034E-06,1.47839804878785,1.70680546072542E-06,1.84799756098482,56.5388373522343,15.0001162660951,15.000025555418,""
160017.552126408,15.0000002729831,1.36279748354584E-06,1.47841910817617,1.70349685443229E-06,1.84802388522022,56.5385922277593,15.0001165793791,15.0000258749186,""
160032.996626377,15.0000000917628,1.35914859468779E-06,1.47844012875661,1.69893574335974E-06,1.84805016094577,56.5383471032843,15.0001169098063,15.0000262115552,""
160048.441126585,15.0000000539124,1.35830828902497E-06,1.47846113430401,1.69788536128122E-06,1.84807641788001,56.5383035657213,15.0001177710864,15.0000270698713,""
160063.885626554,15.0000001452451,1.36007905262592E-06,1.47848212587492,1.7000988157824E-06,1.84810265734365,56.5382600281589,15.0001186518129,15.0000279472977,""
160079.330126524,15.0000001473892,1.35997326602062E-06,1.47850311679802,1.69996658252578E-06,1.84812889599753,56.5382674163685,15.0001209754694,15.0000302783563,""
160094.774626493,15.0000000691039,1.35812154006911E-06,1.4785241071184,1.69765192508639E-06,1.848155133898,56.5382748045781,15.0001233521717,15.0000326628542,""
160110.219126463,15.0000001157615,1.35730183309715E-06,1.47854508375744,1.69662729137143E-06,1.8481813546968,56.538266079979,15.0001257379312,15.0000350470694,""
160125.663626432,15.0000002751838,1.35744306225264E-06,1.47856604765748,1.6968038278158E-06,1.84820755957185,56.5382573553799,15.0001281240249,15.0000374312743,""
160141.108126402,15.0000002294298,1.35681868349224E-06,1.47858700199032,1.6960233543653E-06,1.8482337524879,56.5383683491281,15.0001250153283,15.0000343256401,""
160156.552626371,14.999999998346,1.35548087510114E-06,1.478607947408,1.69435109387643E-06,1.84825993426,56.5384793428764,15.0001217031987,15.0000310167563,""
160171.997126341,14.9999999557309,1.35364802250219E-06,1.47862886379447,1.69206002812774E-06,1.84828607974309,56.5383899580076,15.0001185880027,15.000027906012,""
160187.441626549,15.0000000834935,1.35135350527724E-06,1.47864975310757,1.68919188159655E-06,1.84831219138446,56.5383005731375,15.0001154801233,15.0000248026291,""
160202.886126518,14.9999999798262,1.34886560125648E-06,1.47867060276941,1.6860820015706E-06,1.84833825346176,56.5383251086429,15.000118924972,15.0000282576879,""
160218.330626488,14.9999996667716,1.34619720966571E-06,1.47869141542509,1.68274651208214E-06,1.84836426928137,56.5383496441483,15.0001226141281,15.000031957267,""
160233.775126457,14.9999997614283,1.34488609617855E-06,1.47871220642332,1.68110762022319E-06,1.84839025802915,56.5382146851934,15.0001289493685,15.0000382919692,""
160249.219626427,15.0000002252663,1.34484271360196E-06,1.47873297719294,1.68105339200245E-06,1.84841622149118,56.5380797262385,15.0001353836085,15.0000447252608,""
160264.664126396,15.0000003201075,1.34504715891211E-06,1.47875375109783,1.68130894864014E-06,1.84844218887228,56.5380908728747,15.0001371691642,15.0000465102493,""
160280.108626366,15.000000080549,1.34548326165424E-06,1.47877452793341,1.68185407706779E-06,1.84846815991676,56.5381020195109,15.0001387801903,15.0000481207226,""
160295.553126574,14.9999999918357,1.34495492629811E-06,1.47879529683319,1.68119365787263E-06,1.84849412104149,56.5380390276194,15.0001385159017,15.0000478579133,""
160310.997626543,15.0000000399364,1.34352437972991E-06,1.47881605830859,1.67940547466239E-06,1.84852007288574,56.537976035729,15.000138180962,15.0000475245295,""
160326.442126513,14.9999999816032,1.3436956926841E-06,1.47883682170207,1.67961961585513E-06,1.84854602712759,56.5378494230179,15.0001360546179,15.0000453958742,""
160341.886626482,14.9999998266571,1.34536667707349E-06,1.47885758689128,1.68170834634187E-06,1.84857198361409,56.5377228103068,15.0001338605506,15.0000431993496,""
160357.331126451,14.9999997982079,1.34633555279517E-06,1.47887836788608,1.68291944099396E-06,1.84859795985761,56.5375915931093,15.0001317992898,15.0000411365684,""
160372.775626421,14.9999998846779,1.34664659828621E-06,1.47889916368972,1.68330824785776E-06,1.84862395461215,56.5374603759118,15.000129743067,15.0000390788607,""
160388.22012639,14.9999999316945,1.34261146501519E-06,1.47891989732125,1.67826433126899E-06,1.84864987165156,56.5374431863317,15.0001270557485,15.000036409992,""
160403.66462636,14.9999999428395,1.33450107597627E-06,1.47894057265622,1.66812634497034E-06,1.84867571582028,56.5374259967515,15.0001243444071,15.0000337178593,""
160419.109126329,14.9999999953795,1.33233690426989E-06,1.47896121058195,1.66542113033736E-06,1.84870151322744,56.5374704383131,15.0001232728575,15.0000326363084,""
160434.553626537,15.0000000855877,1.33575262532065E-06,1.47898181340341,1.66969078165081E-06,1.84872726675426,56.5375148798754,15.0001222639412,15.000031616275,""
160449.998126507,15.0000000270422,1.33655336625483E-06,1.47900243024909,1.67069170781854E-06,1.84875303781136,56.537386148126,15.0001222916107,15.0000316503573,""
160465.442626476,14.9999998330251,1.33489831733653E-06,1.47902306026556,1.66862289667067E-06,1.84877882533195,56.5372574163765,15.0001223590087,15.00003172484,""
160480.887126446,14.9999997905205,1.33323738529618E-06,1.47904366383467,1.66654673162022E-06,1.84880457979333,56.53725810009,15.0001251290929,15.0000344966694,""
160496.331626415,14.9999998861134,1.33157092397758E-06,1.47906424254709,1.66446365497198E-06,1.84883030318387,56.5372587838034,15.000128003114,15.0000373722303,""
160511.776126385,14.9999999593487,1.33084546587917E-06,1.47908480926602,1.66355683234896E-06,1.84885601158252,56.5371695108466,15.0001294319959,15.0000388018127,""
160527.220626354,15.0000000121891,1.33100510195321E-06,1.47910536470402,1.66375637744152E-06,1.84888170588002,56.5370802378899,15.0001308051136,15.0000401755986,""
160542.665126562,14.999999981854,1.33031945388765E-06,1.47912590962636,1.66289931735956E-06,1.84890738703294,56.5369717425678,15.0001301924519,15.0000395675896,""
160558.109626532,14.9999998755831,1.32883812513136E-06,1.47914644464949,1.6610476564142E-06,1.84893305581187,56.5368632472475,15.0001295029048,15.0000388828494,""
160573.554126501,14.9999998995032,1.32890616302012E-06,1.47916698004079,1.66113270377515E-06,1.84895872505099,56.5367537459885,15.000128592509,15.0000379653757,""
160588.998626471,15.0000000423793,1.33043378137169E-06,1.47918751577892,1.66304222671461E-06,1.84898439472365,56.5366442447294,15.0001276735336,15.0000370388605,""
160604.44312644,15.0000001334097,1.33012430311674E-06,1.47920804743177,1.66265537889592E-06,1.84901005928971,56.5366503632357,15.0001272440649,15.0000366138043,""
160619.88762641,15.0000001770297,1.32808284208232E-06,1.47922857523308,1.6601035526029E-06,1.84903571904135,56.536656481742,15.0001268336768,15.0000362082945,""
160635.332126379,15.0000001317806,1.32661770396246E-06,1.47924907948745,1.65827212995308E-06,1.84906134935932,56.5366093548696,15.0001282824876,15.0000376556857,""
160650.776626348,15.000000005198,1.32569633577514E-06,1.47926956152491,1.65712041971893E-06,1.84908695190613,56.5365622279972,15.0001298040117,15.0000391755438,""
160666.221126318,14.9999999520204,1.32363180500446E-06,1.47929001126554,1.65453975625558E-06,1.84911251408193,56.5364353626903,15.0001291998716,15.0000385774335,""
160681.665626526,14.9999999660785,1.32048784284399E-06,1.47931043051022,1.65060980355499E-06,1.84913803813777,56.5363084973815,15.0001285123189,15.0000378962126,""
160697.110126495,15.0000000827343,1.31949329365577E-06,1.47933083301917,1.64936661706971E-06,1.84916354127396,56.5362089302957,15.0001219931697,15.0000313750004,""
160712.554626465,15.0000002934423,1.32052990659767E-06,1.47935121971341,1.65066238324709E-06,1.84918902464177,56.5361093632099,15.000115244422,15.0000246238594,""
160727.999126434,15.0000002673995,1.32079636587927E-06,1.47937161097007,1.65099545734909E-06,1.84921451371258,56.5361684415355,15.0001097975542,15.0000191772857,""
160743.443626404,15.0000000241475,1.32033447566519E-06,1.47939200654148,1.65041809458149E-06,1.84924000817685,56.5362275198612,15.0001044021135,15.0000137822454,""
160758.888126612,14.9999999315186,1.31909602304243E-06,1.47941238278781,1.64887002880304E-06,1.84926547848476,56.5362314853269,15.0001081058369,15.0000174930653,""
160774.332626581,14.9999999771937,1.31712258882034E-06,1.4794327407432,1.64640323602542E-06,1.849290925929,56.5362354507926,15.0001121701879,15.0000215647782,""
160789.777126551,14.999999986165,1.31560333619753E-06,1.47945307440555,1.64450417024692E-06,1.84931634300693,56.5363219658175,15.0001165887246,15.0000259828391,""
160805.22162652,14.9999999614067,1.31451428053436E-06,1.47947338505772,1.64314285066795E-06,1.84934173132215,56.5364084808423,15.0001210213452,15.0000304146721,""
160820.66612649,15.0000000837139,1.31321601730773E-06,1.47949367520725,1.64152002163467E-06,1.84936709400906,56.5362751518196,15.0001232127826,15.0000326112428,""
160836.110626459,15.0000003412798,1.31171944031307E-06,1.47951394592174,1.63964930039134E-06,1.84939243240217,56.5361418227969,15.0001253148084,15.0000347186381,""
160851.555126429,15.0000002002433,1.31026857944515E-06,1.47953419361728,1.63783572430644E-06,1.84941774202159,56.5362040477309,15.000127254655,15.0000366645276,""
160866.999626398,14.9999996923036,1.3088610878949E-06,1.47955441947552,1.63607635986862E-06,1.8494430243444,56.536266272665,15.0001291880103,15.0000386039526,""
160882.444126368,14.9999995463951,1.30708592909925E-06,1.47957461735041,1.63385741137407E-06,1.84946827168801,56.5362280327228,15.0001349684888,15.0000443877377,""
160897.888626575,14.9999997340003,1.30496170567775E-06,1.4795947886581,1.63120213209719E-06,1.84949348582262,56.5361897927801,15.000140903455,15.0000503258996,""
160913.333126545,14.9999999159521,1.30456805728806E-06,1.47961495304633,1.63071007161008E-06,1.84951869130792,56.536303536093,15.0001456551072,15.0000550743753,""
160928.777626514,15.0000000926914,1.30581870080357E-06,1.4796351108604,1.63227337600447E-06,1.8495438885755,56.5364172794059,15.0001503590865,15.0000597749214,""
160944.222126484,15.0000001770038,1.30457939499579E-06,1.47965525001852,1.63072424374474E-06,1.84956906252315,56.5362515113295,15.0001521086225,15.0000615335204,""
160959.666626453,15.0000001760301,1.30097244379587E-06,1.47967537143705,1.62621555474484E-06,1.84959421429632,56.536085743253,15.0001537387439,15.0000631732098,""
160975.111126423,15.0000000983272,1.3009953683661E-06,1.47969549182859,1.62624421045763E-06,1.84961936478574,56.5362103309724,15.0001535274573,15.0000629513655,""
160990.555626392,14.999999949765,1.30447255720819E-06,1.47971561124282,1.63059069651024E-06,1.84964451405352,56.5363349186919,15.0001532415021,15.0000626540365,""
161006.0001266,15.000000037859,1.30613494568486E-06,1.47973575764515,1.63266868210608E-06,1.84966969705643,56.5362468944182,15.0001488250646,15.0000582369077,""
161021.44462657,15.0000003446837,1.30606898971256E-06,1.47975592974928,1.6325862371407E-06,1.8496949121866,56.5361588701459,15.0001442405958,15.0000536521822,""
161036.889126539,15.0000004270824,1.30366315916363E-06,1.47977606466848,1.62957894895454E-06,1.84972008083561,56.5361747987325,15.0001438646085,15.0000532854361,""
161052.333626509,15.000000301884,1.29902719116897E-06,1.4797961641467,1.62378398896122E-06,1.84974520518337,56.5361907273191,15.0001436603774,15.0000530908337,""
161067.778126478,15.000000185767,1.29604972060574E-06,1.47981621594325,1.62006215075718E-06,1.84977026992907,56.5359507800308,15.0001453877341,15.0000548187882,""
161083.222626448,15.0000000780573,1.29465419552052E-06,1.47983622225902,1.61831774440065E-06,1.84979527782378,56.5357108327424,15.0001471941759,15.000056625458,""
161098.667126417,15.0000000435306,1.29414573122424E-06,1.47985622022021,1.6176821640303E-06,1.84982027527526,56.5357546517927,15.000143662105,15.0000530941885,""
161114.111626387,15.0000000768103,1.29448404131759E-06,1.47987621020623,1.61810505164699E-06,1.84984526275779,56.535798470843,15.0001399107587,15.0000493436671,""
161129.556126356,15.0000000045686,1.29397828764281E-06,1.47989619249978,1.61747285955352E-06,1.84987024062472,56.5358223685565,15.0001360564601,15.0000454954248,""
161145.000626564,14.9999998344779,1.29266617723029E-06,1.47991616744479,1.61583272153786E-06,1.84989520930599,56.5358462662704,15.0001321979192,15.0000416431559,""
161160.445126534,14.9999998589068,1.29223287891408E-06,1.47993613524161,1.6152910986426E-06,1.84992016905201,56.5358958231299,15.0001277543305,15.0000371959599,""
161175.889626503,15.0000000638597,1.29263978615762E-06,1.47995609620455,1.61579973269703E-06,1.84994512025568,56.5359453799894,15.0001232865578,15.0000327241716,""
161191.334126472,15.0000001119659,1.29348929404292E-06,1.4799760704277,1.61686161755365E-06,1.84997008803462,56.5359746489081,15.0001222602754,15.0000316932733,""
161206.778626442,15.0000000143907,1.29476228804773E-06,1.47999605733839,1.61845286005967E-06,1.84999507167299,56.5360039178268,15.0001213767048,15.0000308050619,""
161222.223126411,14.9999999678761,1.29444742444857E-06,1.48001603981202,1.61805928056072E-06,1.85002004976502,56.5360849380197,15.0001242951513,15.0000337259772,""
161237.667626381,14.999999968826,1.29261209631614E-06,1.4800360180369,1.61576512039518E-06,1.85004502254612,56.5361659582125,15.000127371759,15.0000368053495,""
161253.112126589,14.9999999850383,1.29093464007471E-06,1.48005596974847,1.61366830009339E-06,1.85006996218559,56.5361141951992,15.0001305193263,15.0000399567849,""
161268.556626558,15.0000000154498,1.28940847281708E-06,1.4800758960517,1.61176059102135E-06,1.85009487006462,56.5360624321866,15.0001336698547,15.0000431112275,""
161284.001126528,14.9999999301642,1.28851328891657E-06,1.48009580803512,1.61064161114571E-06,1.8501197600439,56.5361709962548,15.0001359775067,15.0000454130874,""
161299.445626497,14.9999997371531,1.28822324775797E-06,1.48011570628519,1.61027905969747E-06,1.85014463285649,56.536279560323,15.0001382498742,15.0000476792565,""
161314.890126467,14.9999998119713,1.28708614453992E-06,1.48013558687965,1.6088576806749E-06,1.85016948359956,56.5362444710401,15.0001415577397,15.0000509910936,""
161330.334626436,15.0000001363697,1.28513603721859E-06,1.48015545052838,1.60642004652323E-06,1.85019431316048,56.5362093817571,15.0001449090894,15.0000543468419,""
161345.779126406,15.0000000326638,1.28251548764197E-06,1.48017527309384,1.60314435955247E-06,1.8502190913673,56.5361390206129,15.000146726057,15.0000561727729,""
161361.223626375,14.9999995296963,1.27925095200908E-06,1.4801950561972,1.59906369001135E-06,1.8502438202465,56.5360686594687,15.0001484783888,15.0000579342604,""
161376.668126345,14.9999995206393,1.27928075981612E-06,1.48021483876565,1.59910094977015E-06,1.85026854845706,56.536187373863,15.000150416142,15.0000598619718,""
161392.112626553,14.9999999725942,1.2824773741999E-06,1.4802346208202,1.60309671774988E-06,1.85029327602525,56.5363060882591,15.0001523617306,15.0000617967073,""
161407.557126522,15.0000000405647,1.28361818306024E-06,1.48025442145081,1.6045227288253E-06,1.85031802681351,56.5363231503443,15.0001553060271,15.0000647423071,""
161423.001626492,14.9999997498337,1.28278123816766E-06,1.48027423995251,1.60347654770957E-06,1.85034279994064,56.5363402124295,15.0001582926568,15.0000677307555,""
161438.446126461,14.9999997345864,1.28012850672491E-06,1.48029401723499,1.60016063340613E-06,1.85036752154374,56.5363986686604,15.0001643748629,15.0000738216284,""
161453.890626431,14.9999999768951,1.27572756937523E-06,1.48031375483236,1.59465946171904E-06,1.85039219354045,56.5364571248913,15.0001705886912,15.0000800444148,""
161469.3351264,15.000000079143,1.27358143160424E-06,1.48033345801792,1.5919767895053E-06,1.8504168225224,56.5362967588171,15.0001750308697,15.00008448416,""
161484.779626369,15.0000000503376,1.27360786139525E-06,1.48035312804665,1.59200982674407E-06,1.85044141005831,56.536136392743,15.0001793974854,15.0000888478567,""
161500.224126577,14.9999999413874,1.27370809944065E-06,1.48037279963138,1.59213512430082E-06,1.85046599953922,56.5361807233336,15.0001786793913,15.0000881307518,""
161515.668626547,14.9999997573852,1.27387950926168E-06,1.48039247271594,1.5923493865771E-06,1.85049059089492,56.5362250539235,15.0001777437598,15.0000871962768,""
161531.113126516,14.99999970779,1.27390930252047E-06,1.4804121463078,1.59238662815059E-06,1.85051518288475,56.5362011779057,15.0001743754883,15.0000838266835,""
161546.557626486,14.9999997841642,1.27380243167251E-06,1.48043182038923,1.59225303959063E-06,1.85053977548653,56.5361773018879,15.0001709028218,15.0000803525888,""
161562.002126455,14.9999998759777,1.27301646556463E-06,1.48045148230189,1.59127058195578E-06,1.85056435287736,56.5361902780029,15.0001658962762,15.0000753492277,""
161577.446626425,14.9999999822731,1.27157464320627E-06,1.4804711324622,1.58946830400784E-06,1.85058891557775,56.5362032541179,15.0001608237032,15.0000702800378,""
161592.891126394,14.9999999353055,1.27126514922593E-06,1.48049077746303,1.58908143653241E-06,1.85061347182879,56.5362297363996,15.0001543750611,15.0000638283708,""
161608.335626364,14.9999997444606,1.27205008500293E-06,1.48051041747707,1.59006260625366E-06,1.85063802184634,56.5362562186812,15.0001478670035,15.0000573170117,""
161623.780126333,14.9999997008723,1.27075195240092E-06,1.4805300376418,1.58843994050115E-06,1.85066254705225,56.5361672175344,15.0001430235607,15.0000524775731,""
161639.224626541,14.9999997956362,1.2674389054033E-06,1.48054963860694,1.58429863175412E-06,1.85068704825867,56.5360782163861,15.0001382522113,15.0000477105445,""
161654.669126511,14.9999998933121,1.26625304268025E-06,1.48056922042375,1.58281630335032E-06,1.85071152552969,56.5361099358958,15.0001370565556,15.0000465112618,""
161670.11362648,14.9999999937262,1.26712636639204E-06,1.48058878370462,1.58390795799005E-06,1.85073597963078,56.5361416554055,15.0001360162323,15.0000454669664,""
161685.55812645,15.0000000116047,1.2675329380042E-06,1.48060835347926,1.58441617250525E-06,1.85076044184908,56.5362998455213,15.0001391549869,15.0000486075527,""
161701.002626419,14.9999999518115,1.26748732647039E-06,1.48062792954498,1.58435915808799E-06,1.85078491193122,56.5364580356372,15.0001424758366,15.0000519304869,""
161716.447126389,14.9999998917904,1.266537603251E-06,1.48064749093037,1.58317200406376E-06,1.85080936366296,56.5364459894624,15.0001480001663,15.0000574541001,""
161731.891626358,14.9999998315547,1.26471130782853E-06,1.48066703808261,1.58088913478566E-06,1.85083379760326,56.5364339432875,15.000153620799,15.0000630738936,""
161747.336126566,14.9999998608485,1.26242913571393E-06,1.48068654955941,1.57803641964241E-06,1.85085818694926,56.536486452286,15.0001557432706,15.000065202092,""
161762.780626535,14.9999999745341,1.25970462948348E-06,1.48070602641997,1.57463078685435E-06,1.85088253302496,56.5365389612836,15.0001577123942,15.00006717723,""
161778.225126505,15.0000001022577,1.25849768623022E-06,1.48072548401994,1.57312210778778E-06,1.85090685502492,56.5364424318535,15.0001570674778,15.0000665303677,""
161793.669626474,15.0000002432246,1.25876436919219E-06,1.48074492291695,1.57345546149024E-06,1.85093115364619,56.5363459024234,15.0001563076255,15.0000657682195,""
161809.114126444,15.0000002603972,1.25860114144177E-06,1.48076435935166,1.57325142680221E-06,1.85095544918958,56.536283710073,15.000155381655,15.0000648433826,""
161824.558626413,15.0000001606881,1.25802012525127E-06,1.48078379339349,1.57252515656409E-06,1.85097974174186,56.5362215177226,15.0001544483586,15.0000639113711,""
161840.003126383,15.0000001032962,1.25638938321111E-06,1.48080320212203,1.57048672901388E-06,1.85100400265254,56.5362106512113,15.0001541929161,15.0000636595398,""
161855.447626352,15.0000000858913,1.25373772155141E-06,1.48082258623192,1.56717215193927E-06,1.85102823278989,56.5361997847001,15.0001539674568,15.0000634377946,""
161870.892126322,15.0000000928506,1.25142909529068E-06,1.48084193412888,1.56428636911336E-06,1.8510524176611,56.5362208634092,15.0001555558867,15.0000650319089,""
161886.33662653,15.0000001228515,1.24945435030177E-06,1.48086124677959,1.56181793787722E-06,1.85107655847449,56.5362419421187,15.0001572247892,15.0000667065832,""
161901.781126499,15.000000202616,1.24844696741452E-06,1.48088054346933,1.56055870926814E-06,1.85110067933666,56.5362441529615,15.0001588314199,15.0000683127918,""
161917.225626469,15.0000003294811,1.24838186390663E-06,1.48089982461224,1.56047732988329E-06,1.8511247807653,56.5362463638043,15.0001604352798,15.0000699159539,""
161932.670126438,15.0000002294207,1.24951535933612E-06,1.4809191232503,1.56189419917015E-06,1.85114890406288,56.5362143695047,15.0001598693097,15.0000693468722,""
161948.114626408,14.999999914403,1.25181728292578E-06,1.48093843894314,1.56477160365723E-06,1.85117304867892,56.5361823752052,15.0001592065028,15.0000686808459,""
161963.559126377,14.9999997348349,1.25120871030071E-06,1.48095774567534,1.56401088787589E-06,1.85119718209418,56.5361127112886,15.0001568472964,15.000066328423,""
161979.003626347,14.9999996836779,1.24776069792755E-06,1.48097704366569,1.55970087240944E-06,1.85122130458211,56.536043047372,15.0001544121577,15.0000639005155,""
161994.448126554,14.9999996613792,1.24590921804261E-06,1.48099631242091,1.55738652255326E-06,1.85124539052614,56.535957619661,15.0001540522676,15.0000635361387,""
162009.892626524,14.9999996664617,1.24561650405991E-06,1.481015552632,1.55702063007489E-06,1.85126944079,56.5358721919513,15.0001537855417,15.0000632644,""
162025.337126493,14.9999998055362,1.24534702858111E-06,1.48103478862841,1.55668378572639E-06,1.85129348578551,56.5359282787318,15.0001547101226,15.0000641934308,""
162040.781626463,15.0000000718481,1.24510025952705E-06,1.48105402050664,1.55637532440881E-06,1.8513175256333,56.5359843655123,15.0001556883423,15.0000651765265,""
162056.226126432,15.0000002168562,1.24457270633851E-06,1.48107324419362,1.55571588292314E-06,1.85134155524203,56.5358380184382,15.0001541817915,15.0000636685923,""
162071.670626402,15.000000246581,1.24377058469518E-06,1.48109245987069,1.55471323086897E-06,1.85136557483836,56.535691671364,15.0001525630349,15.0000620481697,""
162087.115126371,15.0000001598641,1.24256108046641E-06,1.4811116567319,1.55320135058301E-06,1.85138957091487,56.5357550972798,15.0001501566363,15.0000596422184,""
162102.559626579,14.9999999623942,1.24095290212015E-06,1.48113083517976,1.55119112765019E-06,1.8514135439747,56.5358185231966,15.0001477145656,15.0000572006908,""
162118.004126549,14.999999925333,1.23901657957045E-06,1.48114998346018,1.54877072446306E-06,1.85143747932523,56.5357702837612,15.0001437410578,15.0000532362534,""
162133.448626518,15.0000000409691,1.23675887781433E-06,1.48116910219537,1.54594859726791E-06,1.85146137774421,56.5357220443257,15.000139697989,15.0000492026424,""
162148.893126488,15.0000000488155,1.23582868472892E-06,1.48118820621313,1.54478585591115E-06,1.85148525776642,56.5357952708594,15.0001385158238,15.0000480145622,""
162164.337626457,14.9999999539699,1.23619964315696E-06,1.48120729580568,1.5452495539462E-06,1.85150911975711,56.535868497393,15.0001374639849,15.000046956108,""
162179.782126427,15.0000000027757,1.23565785703882E-06,1.48122637708503,1.54457232129853E-06,1.85153297135629,56.5358542338524,15.0001391371687,15.0000486340987,""
162195.226626396,15.000000188551,1.23422075311284E-06,1.4812454502099,1.54277594139105E-06,1.85155681276238,56.5358399703117,15.0001409348495,15.0000504371084,""
162210.671126604,15.0000001999317,1.23295435092472E-06,1.48126450356889,1.5411929386559E-06,1.85158062946111,56.535854457011,15.0001413932619,15.0000509005321,""
162226.115626574,15.0000000448934,1.23185552151652E-06,1.48128353752373,1.53981940189565E-06,1.85160442190466,56.53586894371,15.0001417903104,15.0000513025774,""
162241.560126543,15.0000000216416,1.23052759182612E-06,1.48130255081697,1.53815948978265E-06,1.85162818852121,56.5358277339186,15.0001410684959,15.0000505817021,""
162257.004626513,15.0000001242525,1.22897458648814E-06,1.48132154381157,1.53621823311018E-06,1.85165192976446,56.5357865241272,15.000140295268,15.000049809227,""
162272.449126482,15.0000001226175,1.22763253753524E-06,1.48134051587364,1.53454067191905E-06,1.85167564484205,56.5357770231519,15.000140548815,15.00005006731,""
162287.893626451,15.0000000213407,1.22649790017338E-06,1.48135946735491,1.53312237521673E-06,1.85169933419364,56.5357675221767,15.0001408496798,15.000050372885,""
162303.338126421,15.00000012117,1.22576511894898E-06,1.48137840737596,1.53220639868622E-06,1.85172300921995,56.5356730692569,15.0001397792338,15.000049304503,""
162318.78262639,15.0000004133803,1.22542774842283E-06,1.4813973361206,1.53178468552854E-06,1.85174667015075,56.5355786163372,15.0001386454108,15.0000481726216,""
162334.22712636,15.0000003008106,1.22491254642719E-06,1.48141625686732,1.53114068303399E-06,1.85177032108415,56.5356046970409,15.0001377533903,15.0000472796664,""
162349.671626568,14.999999800705,1.22422222919306E-06,1.48143516973859,1.53027778649133E-06,1.85179396217324,56.5356307777451,15.0001368725771,15.0000463977851,""
162365.116126537,14.9999996911186,1.22375161403825E-06,1.48145407526252,1.52968951754782E-06,1.85181759407816,56.5356604686554,15.0001428084624,15.0000523337074,""
162380.560626507,14.9999999557212,1.22349751332699E-06,1.48147297354602,1.52937189165874E-06,1.85184121693252,56.5356901595657,15.0001490611972,15.0000585865308,""
162396.005126476,15.0000000366384,1.22238794874916E-06,1.48149185466402,1.52798493593645E-06,1.85186481833003,56.5356951748437,15.0001537938449,15.0000633243189,""
162411.449626446,14.999999941407,1.22043467678143E-06,1.48151071885244,1.52554334597679E-06,1.85188839856555,56.5357001901218,15.0001584556353,15.0000679914851,""
162426.894126415,14.9999998582579,1.21885833182866E-06,1.4815295584956,1.52357291478582E-06,1.85191194811951,56.5356090017134,15.0001599902423,15.0000695254915,""
162442.338626385,14.9999997867048,1.21765402282048E-06,1.48154837391202,1.52206752852561E-06,1.85193546739003,56.535517813305,15.000161378664,15.0000709130333,""
162457.783126593,14.9999998835162,1.21491910616447E-06,1.48156714697096,1.51864888270559E-06,1.8519589337137,56.5355887983412,15.0001592017199,15.0000687493864,""
162473.227626562,15.0000001420485,1.21067226909689E-06,1.48158587818898,1.51334033637111E-06,1.85198234773622,56.5356597833762,15.000156857634,15.0000664192625,""
162488.672126532,15.0000001497888,1.20953317439557E-06,1.48160459143513,1.51191646799446E-06,1.85200573929391,56.5356735425961,15.0001551897909,15.0000647478198,""
162504.116626501,14.9999999164359,1.21146626580028E-06,1.48162328691503,1.51433283225035E-06,1.85202910864379,56.535687301816,15.0001535537392,15.0000631073429,""
162519.561126471,14.9999999463101,1.21204688121577E-06,1.48164199152331,1.51505860151971E-06,1.85205248940414,56.5357095284455,15.0001515665497,15.0000611220915,""
162535.00562644,15.000000229439,1.21128945522843E-06,1.48166070516254,1.51411181903554E-06,1.85207588145318,56.5357317550749,15.0001495628059,15.0000591205857,""
162550.45012641,15.0000002347179,1.21050167135132E-06,1.48167940657544,1.51312708918915E-06,1.8520992582193,56.535802382291,15.0001435599276,15.0000531215088,""
162565.894626379,14.9999999724541,1.20968383023999E-06,1.4816980958831,1.51210478779999E-06,1.85212261985387,56.5358730095071,15.0001373679805,15.0000469334371,""
162581.339126348,14.9999999739147,1.20848042129315E-06,1.48171676654494,1.51060052661643E-06,1.85214595818118,56.5358596104579,15.0001329241822,15.0000424911003,""
162596.783626556,15.0000002295245,1.20689496630197E-06,1.48173541873157,1.50861870787746E-06,1.85216927341447,56.5358462114086,15.0001285632639,15.0000381315292,""
162612.228126526,15.0000002519468,1.20607661090798E-06,1.48175405817476,1.50759576363497E-06,1.85219257271845,56.5358341398488,15.0001245481446,15.0000341169084,""
162627.672626495,15.0000000494643,1.20601893909315E-06,1.48177268498137,1.50752367386644E-06,1.85221585622671,56.5358220682891,15.0001205494657,15.0000301186876,""
162643.117126465,15.0000000292416,1.20716241521657E-06,1.48179132944671,1.50895301902071E-06,1.85223916180839,56.5358729931857,15.0001151311681,15.000024692594,""
162658.561626434,15.000000184949,1.20949791875745E-06,1.48180999143671,1.51187239844681E-06,1.85226248929589,56.5359239180824,15.000109645189,15.0000191984253,""
162674.006126404,15.0000001750075,1.2072469176958E-06,1.48182861878121,1.50905864711975E-06,1.85228577347651,56.5359148049222,15.0001057620605,15.0000153318537,""
162689.450626373,15.000000005039,1.20044070015329E-06,1.48184721171656,1.50055087519162E-06,1.8523090146457,56.5359056917619,15.0001019555623,15.0000115430955,""
162704.895126581,15.0000000183748,1.19650680409572E-06,1.48186574357026,1.49563350511964E-06,1.85233217946283,56.5359410755008,15.0001037720948,15.000013360743,""
162720.339626551,15.000000208939,1.19542785278903E-06,1.48188421471129,1.49428481598629E-06,1.85235526838912,56.535976459239,15.0001058582048,15.0000154471711,""
162735.78412652,15.0000001852021,1.19620133534347E-06,1.48190269775544,1.49525166917933E-06,1.85237837219431,56.5359162307282,15.0001126099624,15.0000221926133,""
162751.22862649,14.9999999540976,1.19881747608805E-06,1.4819211926399,1.49852184511006E-06,1.85240149079988,56.5358560022174,15.0001195860192,15.000029162036,""
162766.673126459,14.9999998695671,1.19792363175735E-06,1.48193967380925,1.49740453969669E-06,1.85242459226156,56.5358474346919,15.0001314711517,15.0000410608894,""
162782.117626429,14.9999999269845,1.19353561138738E-06,1.48195814132525,1.49191951423423E-06,1.85244767665656,56.5358388671664,15.000143592939,15.000053197379,""
162797.562126398,14.9999998700212,1.19240258225914E-06,1.48197659121384,1.49050322782392E-06,1.8524707390173,56.5359380210955,15.0001506793386,15.0000602769471,""
162813.006626368,14.9999997021966,1.19451240249812E-06,1.48199502354076,1.49314050312266E-06,1.85249377942595,56.5360371750245,15.0001575223244,15.0000671120604,""
162828.451126337,14.9999997689477,1.19527969329888E-06,1.48201346776749,1.4940996166236E-06,1.85251683470937,56.5359298353842,15.0001619822523,15.0000715692531,""
162843.895626545,15.0000000632432,1.19470842296406E-06,1.48203192385915,1.49338552870507E-06,1.85253990482393,56.5358224957422,15.0001663266647,15.0000759111793,""
162859.340126514,15.0000002678957,1.19409343790192E-06,1.48205037044182,1.4926167973774E-06,1.85256296305228,56.5359170621565,15.0001698742904,15.0000794615144,""
162874.784626484,15.0000003855211,1.19343483344207E-06,1.48206880753654,1.49179354180259E-06,1.85258600942068,56.5360116285709,15.0001733831868,15.0000829733728,""
162890.229126453,15.0000003074081,1.19166833265572E-06,1.48208721733874,1.48958541581965E-06,1.85260902167342,56.5360654055463,15.0001706237056,15.0000802211424,""
162905.673626423,15.0000000391128,1.18879549243819E-06,1.48210559988677,1.48599436554774E-06,1.85263199985846,56.5361191825217,15.0001675587044,15.0000771636009,""
162921.118126392,14.9999999021378,1.18738318198726E-06,1.48212396060628,1.48422897748407E-06,1.85265495075785,56.5361316131889,15.0001610753883,15.0000706765207,""
162936.562626362,14.9999998928599,1.18743048251172E-06,1.48214229951102,1.48428810313966E-06,1.85267787438878,56.536144043856,15.0001544250087,15.0000640218284,""
162952.00712657,14.9999999448849,1.18792764532165E-06,1.48216064609517,1.48490955665206E-06,1.85270080761896,56.5361079320989,15.0001509507532,15.0000605447881,""
162967.451626539,15.0000000565701,1.18887473683842E-06,1.48217900035929,1.48609342104802E-06,1.85272375044911,56.5360718203423,15.0001476321477,15.0000572234726,""
162982.896126509,15.0000000323295,1.18766405910212E-06,1.48219733591652,1.48458007387765E-06,1.85274666989565,56.5361099201472,15.000146212781,15.0000558128652,""
162998.340626478,14.9999998756964,1.18429361606978E-06,1.48221565274955,1.48036702008722E-06,1.85276956593694,56.5361480199522,15.0001448867419,15.000054496149,""
163013.785126448,14.9999997923844,1.18171905703272E-06,1.48223392986024,1.47714882129091E-06,1.8527924123253,56.5361122126681,15.0001445117036,15.0000541231304,""
163029.229626417,14.9999997805456,1.17994173742253E-06,1.48225216718093,1.47492717177816E-06,1.85281520897616,56.5360764053839,15.0001441835236,15.0000537966103,""
163044.674126387,14.9999997613355,1.17804669151105E-06,1.48227037526476,1.47255836438882E-06,1.85283796908095,56.5361112158115,15.0001463512242,15.000055969673,""
163060.118626356,14.9999997349339,1.17603362714173E-06,1.48228855403918,1.47004203392717E-06,1.85286069254898,56.5361460262391,15.0001486422363,15.0000582662301,""
163075.563126326,14.9999997536159,1.17619877080116E-06,1.48230673541502,1.47024846350145E-06,1.85288341926878,56.536063558603,15.0001521881886,15.0000618045241,""
163091.007626534,14.9999998163175,1.17854922551993E-06,1.48232491940106,1.47318653189991E-06,1.85290614925132,56.5359810909656,15.0001557963098,15.000065404333,""
163106.452126503,14.9999998581052,1.17943973819581E-06,1.48234311706846,1.47429967274477E-06,1.85292889633558,56.5360524194354,15.0001548137415,15.0000644259182,""
163121.896626472,14.9999998794558,1.17886440968761E-06,1.48236132847281,1.47358051210951E-06,1.85295166059102,56.5361237479051,15.0001536031412,15.0000632200907,""
163137.341126442,14.9999998531096,1.17667833700128E-06,1.48237950613245,1.47084792125161E-06,1.85297438266557,56.5360409038203,15.0001517355707,15.0000613607914,""
163152.785626411,14.9999997801161,1.1728737545449E-06,1.4823976498847,1.46609219318112E-06,1.85299706235587,56.5359580597354,15.000149835279,15.0000594689451,""
163168.230126381,14.9999997357087,1.17230246464305E-06,1.48241578497694,1.46537808080382E-06,1.85301973122118,56.535982321464,15.0001501583268,15.0000597817165,""
163183.67462635,14.9999997192813,1.17498258070585E-06,1.48243391136068,1.46872822588231E-06,1.85304238920085,56.5360065831927,15.0001505924071,15.0000602045854,""
163199.119126558,14.9999997111406,1.17654646432398E-06,1.48245206176873,1.47068308040498E-06,1.85306507721091,56.5358762364728,15.000151681495,15.0000612923155,""
163214.563626528,14.9999997111176,1.17698698967836E-06,1.48247023635389,1.47123373709795E-06,1.85308779544237,56.5357458897549,15.0001528033812,15.0000624133372,""
163230.008126497,14.9999997651248,1.17594600344412E-06,1.48248839483569,1.46993250430515E-06,1.85311049354461,56.535763204656,15.0001509806602,15.0000605912535,""
163245.452626467,14.9999998721032,1.17341288912043E-06,1.48250653709872,1.46676611140054E-06,1.85313317137341,56.5357805195571,15.0001490101008,15.0000586214067,""
163260.897126436,15.0000000063388,1.17032246059907E-06,1.48252463178189,1.46290307574884E-06,1.85315578972736,56.5356921831864,15.0001454910836,15.0000551075257,""
163276.341626406,15.0000001673192,1.16667028783476E-06,1.48254267850698,1.45833785979345E-06,1.85317834813373,56.5356038468157,15.000141894117,15.0000515159179,""
163291.786126375,15.0000000945523,1.1654757925371E-06,1.48256070702713,1.45684474067138E-06,1.85320088378391,56.5355300555171,15.0001403860074,15.0000500028605,""
163307.230626345,14.9999997922431,1.16676043611367E-06,1.48257871718336,1.45845054514209E-06,1.8532233964792,56.5354562642184,15.00013898333,15.0000485947148,""
163322.675126314,14.999999721459,1.16646278248323E-06,1.48259672264807,1.45807847810404E-06,1.85324590331009,56.5354422656319,15.000139582513,15.0000492056722,""
163338.119626522,14.9999998782213,1.16456777371592E-06,1.48261472337688,1.4557097171449E-06,1.8532684042211,56.5354282670452,15.0001402830044,15.0000499188106,""
163353.564126492,14.9999999249787,1.16382774752472E-06,1.48263271282496,1.4547846844059E-06,1.8532908910312,56.535298571585,15.0001409509339,15.0000505775095,""
163369.008626461,14.9999998635332,1.164254601491E-06,1.48265069087637,1.45531825186375E-06,1.85331336359547,56.5351688761249,15.000141617211,15.000051233446,""
163384.453126431,14.999999905631,1.16458100974551E-06,1.48266867393314,1.45572626218188E-06,1.85333584241643,56.5351246061638,15.0001426733082,15.0000522917836,""
163399.8976264,15.0000000496595,1.16480585870395E-06,1.48268666205076,1.45600732337994E-06,1.85335832756345,56.5350803362027,15.0001437492373,15.0000533705931,""
163415.342126608,15.0000000490984,1.16330676687491E-06,1.48270462699319,1.45413345859364E-06,1.85338078374149,56.5350317140443,15.0001467643206,15.0000563895735,""
163430.786626577,14.9999999060831,1.16006326712168E-06,1.48272256848473,1.4500790839021E-06,1.85340321060591,56.5349830918866,15.0001498783167,15.0000595075185,""
163446.231126547,14.9999999005484,1.15793313211781E-06,1.48274047738931,1.44741641514726E-06,1.85342559673663,56.535006795039,15.000152210205,15.0000618431502,""
163461.675626516,15.000000030575,1.15693045583148E-06,1.48275835329441,1.44616306978935E-06,1.85344794161801,56.5350304981914,15.0001545020948,15.0000641387729,""
163477.120126486,15.0000001306129,1.15579630146851E-06,1.48277621178479,1.44474537683564E-06,1.85347026473099,56.534915578833,15.0001569719552,15.0000666096216,""
163492.564626455,15.0000002010565,1.15452890116794E-06,1.48279405262629,1.44316112645993E-06,1.85349256578286,56.5348006594745,15.0001594509412,15.0000690894551,""
163508.009126425,15.0000000350747,1.15201973908542E-06,1.48281185484961,1.44002467385677E-06,1.85351481856201,56.5347336941397,15.000163015611,15.0000726681573,""
163523.453626394,14.9999996355864,1.14825114020364E-06,1.48282961790507,1.43531392525455E-06,1.85353702238133,56.534666728805,15.0001666360954,15.0000763033518,""
163538.898126364,14.9999995678646,1.1467362002295E-06,1.48284735799472,1.43342025028688E-06,1.8535591974934,56.5347186940721,15.0001711303784,15.0000807932429,""
163554.342626572,14.9999998280815,1.14750877411499E-06,1.48286507477385,1.43438596764373E-06,1.85358134346731,56.53477065934,15.0001756697001,15.000085327188,""
163569.787126541,14.9999999773853,1.1480498129612E-06,1.48288279981599,1.4350622662015E-06,1.85360349976999,56.5346720082731,15.0001788030079,15.000088461397,""
163585.231626511,15.0000000169657,1.14835565594407E-06,1.48290053325207,1.43544456993008E-06,1.85362566656509,56.5345733572062,15.0001818636568,15.0000915232716,""
163600.67612648,15.0000000962844,1.14861372047591E-06,1.48291827063533,1.43576715059489E-06,1.85364783829416,56.5343864659328,15.0001800882133,15.0000897487021,""
163616.12062645,15.0000002149472,1.14882321339728E-06,1.48293601203129,1.4360290167466E-06,1.85367001503911,56.5341995746594,15.0001780622066,15.0000877235513,""
163631.565126419,15.0000001952965,1.14855697131637E-06,1.48295374928697,1.43569621414546E-06,1.85369218660872,56.5343232713343,15.0001721206708,15.0000817780244,""
163647.009626389,15.0000000385917,1.14780672068608E-06,1.48297148233039,1.4347584008576E-06,1.85371435291299,56.5344469680092,15.0001659757428,15.0000756288535,""
163662.454126596,14.9999999950048,1.14770951895513E-06,1.4829892139771,1.43463689869391E-06,1.85373651747138,56.5344644773309,15.0001630596896,15.0000727159776,""
163677.898626566,15.0000000635976,1.1482772398054E-06,1.48300694420116,1.43534654975675E-06,1.85375868025145,56.5344819866522,15.000160311793,15.0000699716449,""
163693.343126535,15.000000115296,1.14819199991153E-06,1.4830246730262,1.43523999988941E-06,1.85378084128275,56.5344632278312,15.0001613446817,15.0000709983907,""
163708.787626505,15.0000001502263,1.1474414104108E-06,1.48304240042567,1.43430176301349E-06,1.85380300053209,56.5344444690102,15.0001625749766,15.0000722220358,""
163724.232126474,15.000000128864,1.1455952214546E-06,1.48306009942237,1.43199402681825E-06,1.85382512427796,56.5345240371344,15.0001655123432,15.0000751635284,""
163739.676626444,15.0000000515844,1.14263177800602E-06,1.48307776945488,1.42828972250753E-06,1.85384721181861,56.5346036052586,15.00016853907,15.0000781949452,""
163755.121126413,15.0000001420103,1.14107887392103E-06,1.48309541596697,1.42634859240129E-06,1.85386926995871,56.5347489850686,15.0001669662974,15.0000766228405,""
163770.565626383,15.0000003991594,1.14096550734179E-06,1.48311303847508,1.42620688417724E-06,1.85389129809385,56.5348943648786,15.000165152138,15.000074809138,""
163786.010126352,15.0000003754489,1.14016737287279E-06,1.4831306486737,1.42520921609098E-06,1.85391331084213,56.5348497783599,15.0001594791001,15.0000691357335,""
163801.45462656,15.0000000722949,1.13866984964049E-06,1.48314824630028,1.42333731205061E-06,1.85393530787535,56.5348051918405,15.0001536030264,15.0000632592499,""
163816.89912653,15.0000000458367,1.13683841749957E-06,1.4831658158916,1.42104802187446E-06,1.8539572698645,56.5348458007439,15.0001521553775,15.0000618216647,""
163832.343626499,15.0000002949044,1.13466568184228E-06,1.48318335682709,1.41833210230285E-06,1.85397919603386,56.5348864096474,15.0001509413252,15.0000606182284,""
163847.788126469,15.0000003386055,1.1329934540138E-06,1.48320087231392,1.41624181751725E-06,1.8540010903924,56.534928958833,15.0001528607579,15.000062535019,""
163863.232626438,15.0000001776407,1.1318332157179E-06,1.48321836176829,1.41479151964738E-06,1.85402295221037,56.5349715080186,15.0001549459004,15.0000646168181,""
163878.677126408,15.0000000124659,1.13022767195896E-06,1.48323582663362,1.4127845899487E-06,1.85404478329203,56.5350656908489,15.0001542146899,15.0000638933355,""
163894.121626377,14.999999843092,1.12816625326573E-06,1.48325326632628,1.41020781658216E-06,1.85406658290785,56.5351598736792,15.0001533341628,15.0000630211232,""
163909.566126585,14.9999998228863,1.12788719650696E-06,1.48327070209471,1.40985899563369E-06,1.85408837761839,56.5352213897826,15.0001482077854,15.0000578933492,""
163925.010626554,14.9999999515834,1.12943422506373E-06,1.4832881338421,1.41179278132966E-06,1.85411016730263,56.535282905885,15.0001428557326,15.0000525393838,""
163940.455126524,15.0000000683079,1.1296810113197E-06,1.48330556910253,1.41210126414963E-06,1.85413196137816,56.5353643477372,15.0001381307474,15.0000478142162,""
163955.899626493,15.0000001730712,1.12859462328221E-06,1.48332300796497,1.41074327910276E-06,1.85415375995622,56.5354457895895,15.0001334391763,15.0000431225549,""
163971.344126463,15.0000002089522,1.12727792664698E-06,1.48334042670608,1.40909740830873E-06,1.8541755333826,56.5355285890037,15.0001303378916,15.0000400265256,""
163986.788626432,15.0000001759609,1.12572490467568E-06,1.4833578248002,1.4071561308446E-06,1.85419728100025,56.5356113884178,15.0001273215609,15.0000370157358,""
164002.233126402,15.0000000509087,1.12455059383068E-06,1.48337520507453,1.40568824228836E-06,1.85421900634316,56.5355676192147,15.000130556094,15.0000402485357,""
164017.677626371,14.9999998337334,1.12376518995058E-06,1.48339256704932,1.40470648743822E-06,1.85424070881165,56.5355238500116,15.0001341253918,15.0000438157106,""
164033.122126341,14.9999997656083,1.12312189851881E-06,1.48340991925367,1.40390237314851E-06,1.85426239906709,56.5354900431457,15.000142763925,15.0000524563226,""
164048.566626549,14.9999998467563,1.1226246590018E-06,1.48342726141702,1.40328082375225E-06,1.85428407677128,56.5354562362793,15.0001516746222,15.000061369324,""
164064.011126518,14.9999998292471,1.12023692035296E-06,1.48344456680707,1.40029615044121E-06,1.85430570850884,56.5354603619941,15.0001580026535,15.0000677087997,""
164079.455626488,14.9999997128525,1.11590476601401E-06,1.48346183437534,1.39488095751751E-06,1.85432729296917,56.5354644877089,15.0001641916762,15.0000739097587,""
164094.900126457,14.99999990742,1.11295295113406E-06,1.48347905731664,1.39119118891758E-06,1.8543488216458,56.5353586556658,15.0001632059875,15.0000729265544,""
164110.344626427,15.0000004139247,1.11142194637845E-06,1.48349623432255,1.38927743297306E-06,1.85437029290318,56.5352528236228,15.0001618331644,15.0000715557056,""
164125.789126396,15.0000004338232,1.11166167948398E-06,1.48351341538222,1.38957709935498E-06,1.85439176922777,56.5352637154964,15.0001553391355,15.0000650567061,""
164141.233626366,14.9999999651901,1.11372548436857E-06,1.48353060061776,1.39215685546072E-06,1.8544132507722,56.5352746073701,15.0001485680869,15.0000582803112,""
164156.678126574,14.9999998313373,1.11659462853286E-06,1.48354782968503,1.39574328566608E-06,1.85443478710629,56.5352558111775,15.0001437058848,15.000053411748,""
164172.122626543,15.0000000338644,1.12029401333514E-06,1.4835651039388,1.40036751666893E-06,1.8544563799235,56.5352370149852,15.0001389471942,15.0000486466411,""
164187.567126513,15.000000115349,1.12035346537233E-06,1.4835823782187,1.40044183171541E-06,1.85447797277338,56.5352396086354,15.0001368676416,15.0000465748967,""
164203.011626482,15.0000000751132,1.11665751875523E-06,1.48359965252558,1.39582189844404E-06,1.85449956565697,56.5352422022855,15.0001349337316,15.0000446495682,""
164218.456126451,14.9999999661399,1.11295165106373E-06,1.48361687050512,1.39118956382967E-06,1.8545210881314,56.5353964964316,15.0001382406387,15.0000479595077,""
164233.900626421,14.9999997879878,1.10923553962357E-06,1.48363403032535,1.38654442452947E-06,1.85454253790669,56.5355507905777,15.0001418331511,15.0000515547501,""
164249.34512639,14.9999997881182,1.10744193567214E-06,1.48365116338236,1.38430241959018E-06,1.85456395422794,56.5353896677457,15.0001481252113,15.0000578473733,""
164264.78962636,14.9999999678236,1.10763491042167E-06,1.48366826878421,1.38454363802709E-06,1.85458533598026,56.5352285449138,15.0001545647505,15.0000642873569,""
164280.234126329,15.0000000709025,1.10925045476061E-06,1.48368539908975,1.38656306845077E-06,1.85460674886219,56.5353738168432,15.0001575457849,15.0000672576032,""
164295.678626537,15.000000096736,1.11233712147364E-06,1.48370255514921,1.39042140184204E-06,1.85462819393652,56.5355190887748,15.0001603374122,15.0000700378272,""
164311.123126507,15.0000000652895,1.11255018035669E-06,1.48371971368084,1.39068772544586E-06,1.85464964210105,56.5354729623315,15.0001616569174,15.0000713616448,""
164326.567626476,14.9999999760531,1.10978924401889E-06,1.48373687477127,1.38723655502361E-06,1.85467109346408,56.5354268358883,15.0001628956026,15.0000726055052,""
164342.012126446,14.9999999856991,1.10509264024778E-06,1.48375396406662,1.38136580030973E-06,1.85469245508328,56.5352633852568,15.0001637869927,15.0000735120226,""
164357.456626415,15.0000000951892,1.0983911902902E-06,1.48377097900103,1.37298898786275E-06,1.85471372375129,56.5350999346253,15.0001646592693,15.0000743999742,""
164372.901126385,15.000000093037,1.09673521854732E-06,1.48378797021472,1.37091902318415E-06,1.85473496276841,56.5351384855969,15.0001614066175,15.0000711371117,""
164388.345626354,14.9999999780642,1.10030910872296E-06,1.48380493684084,1.3753863859037E-06,1.85475617105105,56.5351770365686,15.0001579263943,15.0000676452497,""
164403.790126562,14.9999999698145,1.10276438775876E-06,1.48382194037945,1.37845548469846E-06,1.85477742547432,56.5350452607751,15.0001536886397,15.0000634059584,""
164419.234626532,15.0000000695022,1.10405927515234E-06,1.48383898220871,1.38007409394042E-06,1.85479872776089,56.5349134849836,15.0001494089902,15.0000591253309,""
164434.679126501,15.0000000520157,1.10325656104179E-06,1.4838560112648,1.37907070130224E-06,1.854820014081,56.5349369520422,15.0001464554198,15.0000561778617,""
164450.123626471,14.9999999159244,1.10027620760817E-06,1.48387302706035,1.37534525951021E-06,1.85484128382544,56.5349604191008,15.0001435753665,15.0000533043019,""
164465.56812644,14.9999999380589,1.09998933954872E-06,1.48389003930464,1.3749866744359E-06,1.85486254913081,56.5348774504437,15.0001458524749,15.0000555706748,""
164481.01262641,15.0000001204821,1.10250090598427E-06,1.48390704785931,1.37812613248033E-06,1.85488380982414,56.5347944817867,15.0001484161888,15.0000581226956,""
164496.457126379,15.0000001350008,1.10267166795499E-06,1.48392405829516,1.37833958494374E-06,1.85490507286894,56.534740345887,15.0001487517875,15.0000584657192,""
164511.901626348,14.9999999792867,1.10040852715322E-06,1.483941070687,1.37551065894153E-06,1.85492633835875,56.5346862099874,15.0001489632597,15.0000586856813,""
164527.346126318,14.9999998647949,1.09709860877745E-06,1.48395803264902,1.37137326097182E-06,1.85494754081127,56.53475723708,15.0001442524106,15.000053979535,""
164542.790626526,14.9999997921315,1.09269943406614E-06,1.483974942135,1.36587429258268E-06,1.85496867766875,56.5348282641737,15.0001392666788,15.0000489982945,""
164558.235126495,14.9999998132251,1.09083968395031E-06,1.48399182427272,1.36354960493789E-06,1.8549897803409,56.5347397658585,15.0001353405288,15.0000450703234,""
164573.679626465,14.9999999295317,1.09162446410471E-06,1.4840086779305,1.36453058013089E-06,1.85501084741313,56.5346512675434,15.0001314736932,15.0000412013133,""
164589.124126434,14.9999999125825,1.09243816715202E-06,1.48402554390626,1.36554770894002E-06,1.85503192988283,56.5347182276141,15.0001294679654,15.000039192329,""
164604.568626404,14.9999997601972,1.09328201362054E-06,1.48404242271982,1.36660251702567E-06,1.85505302839977,56.5347851876849,15.0001275666719,15.0000372877182,""
164620.013126612,14.9999997205779,1.09064172872967E-06,1.48405926047739,1.36330216091209E-06,1.85507407559674,56.5349246024166,15.0001302922345,15.0000400293322,""
164635.457626581,14.9999997956632,1.08436746080957E-06,1.48407605541265,1.35545932601197E-06,1.85509506926582,56.5350640171462,15.0001332780536,15.0000430322921,""
164650.902126551,14.9999998279628,1.08276081639779E-06,1.48409282760955,1.35345102049724E-06,1.85511603451194,56.5351331077409,15.0001400113161,15.0000497555678,""
164666.34662652,14.9999998167056,1.0860263346635E-06,1.48410957607166,1.35753291832938E-06,1.85513697008958,56.5352021983356,15.000146955875,15.0000566886103,""
164681.79112649,14.9999998150044,1.085098055587E-06,1.48412630909453,1.35637256948376E-06,1.85515788636817,56.535222488282,15.0001526203391,15.0000623721722,""
164697.235626459,14.9999998230393,1.07978879925122E-06,1.48414302598907,1.34973599906403E-06,1.85517878248634,56.5352427782285,15.0001582124532,15.0000679851143,""
164712.680126429,14.9999998608507,1.07791624959558E-06,1.4841597157822,1.34739531199447E-06,1.85519964472775,56.5352103866992,15.0001609440635,15.0000707090595,""
164728.124626398,14.999999929025,1.07963658751676E-06,1.4841763772423,1.34954573439595E-06,1.85522047155288,56.53517799517,15.0001635136136,15.0000732693304,""
164743.569126368,15.0000000252839,1.07939190807123E-06,1.48419303432239,1.34923988508903E-06,1.85524129290299,56.5353683414526,15.0001648565144,15.0000746234841,""
164759.013626575,15.0000001502041,1.07709131342975E-06,1.4842096868201,1.34636414178719E-06,1.85526210852513,56.5355586877381,15.0001661297544,15.0000759091429,""
164774.458126545,15.0000002185636,1.07467696258556E-06,1.48422630284261,1.34334620323195E-06,1.85528287855327,56.5354367010048,15.0001639296985,15.0000737106672,""
164789.902626514,15.000000229154,1.07214350081414E-06,1.48424288067324,1.34017937601767E-06,1.85530360084155,56.5353147142714,15.0001615319259,15.0000713138579,""
164805.347126484,15.0000001797757,1.07151886372473E-06,1.48425944977074,1.33939857965591E-06,1.85532431221342,56.5354548494692,15.0001573149096,15.0000670982186,""
164820.791626453,15.0000000690972,1.07289445713644E-06,1.48427600971693,1.34111807142056E-06,1.85534501214616,56.5355949846669,15.0001529940871,15.0000627787967,""
164836.236126423,15.0000000144245,1.07383099999226E-06,1.48429258362387,1.34228874999033E-06,1.85536572952984,56.5355006864646,15.0001525298343,15.0000623135624,""
164851.680626392,15.0000000170478,1.07430711014659E-06,1.48430917217147,1.34288388768324E-06,1.85538646521434,56.5354063882623,15.0001522861592,15.0000620687697,""
164867.1251266,15.0000000593662,1.07397212181072E-06,1.48432575536743,1.3424651522634E-06,1.85540719420929,56.5355105372926,15.0001527806369,15.0000625630322,""
164882.56962657,15.0000001423272,1.07278587228041E-06,1.48434233294622,1.34098234035052E-06,1.85542791618277,56.5356146863214,15.0001533174334,15.0000630996652,""
164898.014126539,15.0000001099091,1.07222894162888E-06,1.48435890237246,1.3402861770361E-06,1.85544862796557,56.5354949707756,15.000151729197,15.0000615104156,""
164913.458626509,14.9999999592602,1.07233300515571E-06,1.4843754632358,1.34041625644463E-06,1.85546932904475,56.5353752552298,15.0001500188435,15.000059799,""
164928.903126478,14.9999997952019,1.07248807760423E-06,1.48439202645431,1.34061009700529E-06,1.85549003306789,56.5354367699339,15.0001505135032,15.0000602886192,""
164944.347626448,14.9999996173915,1.0726967680625E-06,1.48440859214845,1.34087096007812E-06,1.85551074018557,56.5354982846381,15.0001511351747,15.000060905021,""
164959.792126417,14.9999996511532,1.0717249486301E-06,1.48442514275024,1.33965618578763E-06,1.8555314284378,56.5354377807155,15.0001554649952,15.0000652378307,""
164975.236626387,14.9999999020712,1.0695112715152E-06,1.48444167747536,1.336889089394E-06,1.85555209684419,56.5353772767929,15.0001600089122,15.0000697852138,""
164990.681126356,14.9999999891418,1.0683030898377E-06,1.48445819441813,1.33537886229713E-06,1.85557274302266,56.5354206466946,15.0001659515319,15.0000757278978,""
165006.125626564,14.9999999079026,1.06815347908201E-06,1.48447469264015,1.33519184885252E-06,1.85559336580019,56.5354640165969,15.0001719750977,15.0000817513309,""
165021.570126534,14.9999998836637,1.06751663699302E-06,1.48449118108559,1.33439579624127E-06,1.85561397635698,56.5355470688834,15.0001773872059,15.00008716353,""
165037.014626503,14.9999999180253,1.06636644592013E-06,1.48450765923062,1.33295805740016E-06,1.85563457403828,56.5356301211699,15.0001827638448,15.0000925402727,""
165052.459126472,15.0000000938514,1.0663331198512E-06,1.48452413733154,1.332916399814E-06,1.85565517166442,56.5356208396305,15.0001835979302,15.0000933678867,""
165067.903626442,15.000000415233,1.06747744273487E-06,1.48454061538593,1.33434680341859E-06,1.85567576923241,56.5356115580912,15.0001841678967,15.0000939309998,""
165083.348126411,15.0000003820183,1.06695859355716E-06,1.48455708495108,1.33369824194644E-06,1.85569635618885,56.5355474250224,15.0001786450116,15.0000884133418,""
165098.792626381,14.9999999836543,1.06468469222327E-06,1.48457354555801,1.33085586527909E-06,1.85571693194751,56.5354832919536,15.0001727670424,15.0000825413039,""
165114.237126589,14.9999999353282,1.06282108402313E-06,1.48458997833762,1.32852635502891E-06,1.85573747292202,56.5355280661169,15.0001703432708,15.0000801154714,""
165129.681626558,15.0000002477528,1.0613907719966E-06,1.48460638172927,1.32673846499575E-06,1.85575797716158,56.5355728402794,15.000168121274,15.0000778909469,""
165145.126126528,15.0000002624095,1.05974356634333E-06,1.48462276028918,1.32467945792916E-06,1.85577845036147,56.5356207070797,15.0001697670046,15.0000795425806,""
165160.570626497,14.9999999699339,1.05786712880992E-06,1.48463911260477,1.3223339110124E-06,1.85579889075596,56.5356685738799,15.0001716391907,15.0000814211633,""
165176.015126467,14.9999999630681,1.05617094553672E-06,1.48465543953396,1.3202136819209E-06,1.85581929941744,56.5355733693198,15.0001769673022,15.0000867513643,""
165191.459626436,15.0000002510352,1.05466541869677E-06,1.48467173961173,1.31833177337096E-06,1.85583967451466,56.5354781647597,15.000182498227,15.0000922841258,""
165206.904126406,15.0000002299695,1.05426140965762E-06,1.48468803411038,1.31782676207203E-06,1.85586004263797,56.5355968865391,15.000183208105,15.0000929912546,""
165222.348626375,14.99999988963,1.05502339149966E-06,1.48470432270335,1.31877923937457E-06,1.85588040337919,56.5357156083185,15.0001836344024,15.0000934145331,""
165237.793126345,14.9999997262632,1.05324738045444E-06,1.48472058352484,1.31655922556805E-06,1.85590072940605,56.5357052898568,15.0001788736052,15.0000886648342,""
165253.237626553,14.9999997458834,1.04878273494545E-06,1.48473681492672,1.31097841868182E-06,1.8559210186584,56.535694971395,15.0001738069919,15.0000836101515,""
165268.682126522,14.9999998610787,1.0456282203243E-06,1.4847529996181,1.30703527540537E-06,1.85594124952262,56.5357927566715,15.0001674491,15.0000772559356,""
165284.126626492,15.0000000751779,1.04386267839875E-06,1.48476913478826,1.30482834799844E-06,1.85596141848532,56.5358905419481,15.0001610149027,15.0000708249265,""
165299.571126461,15.0000000951569,1.04388373202464E-06,1.48478527109079,1.3048546650308E-06,1.85598158886348,56.5356558757334,15.0001549936392,15.0000648020326,""
165315.015626431,14.9999999140894,1.04580036972463E-06,1.48480140859477,1.30725046215579E-06,1.85600176074346,56.5354212095187,15.0001489968332,15.0000588033108,""
165330.4601264,14.9999997808913,1.04718895270726E-06,1.48481756665905,1.30898619088408E-06,1.85602195832381,56.5355436627145,15.0001456039423,15.0000554073064,""
165345.904626369,14.9999996973112,1.04801683193029E-06,1.48483374655484,1.31002103991286E-06,1.85604218319355,56.5356661159102,15.0001423656316,15.0000521658111,""
165361.349126577,14.9999998246049,1.04801878167563E-06,1.48484992609257,1.31002347709454E-06,1.85606240761571,56.5356312974055,15.0001427309036,15.0000525328328,""
165376.793626547,15.0000001706544,1.04714305336452E-06,1.48486610524929,1.30892881670565E-06,1.85608263156161,56.5355964789013,15.00014331059,15.0000531145626,""
165392.238126516,15.0000001819369,1.04694771853122E-06,1.48488228180499,1.30868464816402E-06,1.85610285225624,56.5356986740595,15.0001425020963,15.0000523014647,""
165407.682626486,14.9999998456551,1.04747596970021E-06,1.48489845559458,1.30934496212527E-06,1.85612306949322,56.5358008692177,15.0001416108168,15.0000514051845,""
165423.127126455,14.999999782033,1.04766889375861E-06,1.48491463210988,1.30958611719827E-06,1.85614329013735,56.5356038236878,15.0001395485894,15.0000493408609,""
165438.571626425,15.0000000017254,1.04750492612017E-06,1.48493081152619,1.30938115765022E-06,1.85616351440773,56.5354067781579,15.0001374163718,15.0000472067209,""
165454.016126394,15.0000000989297,1.04598562326314E-06,1.48494696755522,1.30748202907892E-06,1.85618370944403,56.5355009400351,15.0001394878517,15.0000492811467,""
165469.460626364,15.0000000687553,1.04302270246252E-06,1.48496309867361,1.30377837807815E-06,1.85620387334201,56.5355951019123,15.0001418111675,15.0000516076999,""
165484.905126333,15.0000000303563,1.03982139808958E-06,1.48497918180593,1.29977674761197E-06,1.85622397725741,56.5354965617944,15.0001434463521,15.0000532517755,""
165500.349626541,14.9999999833974,1.03636598487978E-06,1.48499521378698,1.29545748109973E-06,1.85624401723372,56.535398021675,15.0001450402184,15.0000548548722,""
165515.794126511,15.0000000054424,1.0355428529478E-06,1.48501123477859,1.29442856618475E-06,1.85626404347323,56.5355222483124,15.0001422083418,15.0000520141218,""
165531.23862648,15.0000000993644,1.03752782638469E-06,1.48502724404698,1.29690978298086E-06,1.85628405505872,56.5356464749497,15.0001391101231,15.0000489059396,""
165546.68312645,15.0000001312226,1.03893230641267E-06,1.48504327400618,1.29866538301584E-06,1.85630409250772,56.5357326348034,15.000138272916,15.0000480660109,""
165562.127626419,15.0000000983801,1.03971703691583E-06,1.48505932605541,1.29964629614479E-06,1.85632415756927,56.5358187946571,15.0001375720848,15.0000473628948,""
165577.572126389,15.000000027286,1.03981742580438E-06,1.48507537925411,1.29977178225547E-06,1.85634422406764,56.5357391481159,15.000142666583,15.0000524564719,""
165593.016626358,14.9999999162824,1.03918662566837E-06,1.48509143368096,1.29898328208547E-06,1.85636429210119,56.5356595015747,15.0001481114228,15.0000579004731,""
165608.461126566,14.9999999491841,1.03817556227302E-06,1.48510747281741,1.29771945284127E-06,1.85638434102176,56.5356370140466,15.000155988924,15.0000657811308,""
165623.905626535,15.000000132351,1.03675788813862E-06,1.48512349560352,1.29594736017328E-06,1.8564043695044,56.5356145265189,15.0001640138166,15.0000738094219,""
165639.350126505,15.0000002348224,1.03355141401359E-06,1.48513946960414,1.29193926751699E-06,1.85642433700518,56.5356635856343,15.0001687484659,15.0000785514336,""
165654.794626474,15.000000252963,1.02843070994474E-06,1.48515539139846,1.28553838743093E-06,1.85644423924808,56.5357126447497,15.0001732833161,15.0000830938868,""
165670.239126444,15.0000000590866,1.02533426827397E-06,1.48517126807498,1.28166783534246E-06,1.85646408509373,56.5359541202161,15.0001760043849,15.0000858180015,""
165685.683626413,14.9999996434601,1.02440571532981E-06,1.48518709643248,1.28050714416226E-06,1.8564838705406,56.5361955956825,15.0001786150653,15.0000884314503,""
165701.128126383,14.9999994728347,1.02466372020782E-06,1.48520292927207,1.28082965025978E-06,1.85650366159009,56.5361711892706,15.0001813228088,15.0000911336772,""
165716.572626352,14.9999995586677,1.02619346096885E-06,1.48521876691552,1.28274182621106E-06,1.8565234586444,56.5361467828588,15.000184036473,15.0000938413193,""
165732.017126322,14.9999997191056,1.02664842331238E-06,1.48523461075842,1.28331052914047E-06,1.85654326344803,56.5361749126714,15.0001829085312,15.0000927194825,""
165747.46162653,14.999999957701,1.02595055688011E-06,1.48525046125124,1.28243819610014E-06,1.85656307656406,56.5362030424844,15.0001815457385,15.0000913635362,""
165762.906126499,15.0000000267325,1.02507483968772E-06,1.48526629859936,1.28134354960964E-06,1.8565828732492,56.53619617022,15.0001804405327,15.0000902618246,""
165778.350626469,14.9999999179794,1.02400820775962E-06,1.48528212183749,1.28001025969953E-06,1.85660265229687,56.5361892979556,15.0001793511092,15.0000891756899,""
165793.795126438,14.999999827547,1.02343510796306E-06,1.48529793681358,1.27929388495382E-06,1.85662242101698,56.5360937142115,15.0001771059605,15.0000869249482,""
165809.239626408,14.9999997563392,1.02339220484007E-06,1.48531374291384,1.27924025605009E-06,1.85664217864229,56.5359981304675,15.0001747898432,15.0000846026924,""
165824.684126377,14.999999808993,1.02363968312921E-06,1.48532955286063,1.27954960391151E-06,1.85666194107579,56.5359377538011,15.0001724864126,15.0000822974195,""
165840.128626347,14.9999999917261,1.02419935808049E-06,1.48534536694294,1.28024919760062E-06,1.85668170867868,56.5358773771348,15.0001701837629,15.0000799931918,""
165855.573126554,15.000000144147,1.02363707957425E-06,1.48536117202422,1.27954634946781E-06,1.85670146503028,56.5358663409463,15.000170291732,15.000080103064,""
165871.017626524,15.0000002647079,1.02186762066527E-06,1.48537696742021,1.27733452583159E-06,1.85672120927526,56.5358553047581,15.0001705483856,15.0000803618354,""
165886.462126493,15.0000002827886,1.02091645752939E-06,1.48539274913524,1.27614557191174E-06,1.85674093641905,56.5358385391273,15.0001717042783,15.0000815134669,""
165901.906626463,15.0000001930683,1.02084643564264E-06,1.48540851611861,1.27605804455329E-06,1.85676064514827,56.5358217734965,15.0001729157578,15.0000827202909,""
165917.351126432,15.0000000309442,1.02005681972504E-06,1.48542427094599,1.2750710246563E-06,1.85678033868249,56.5359501450581,15.0001769478035,15.0000867573788,""
165932.795626402,14.9999997925944,1.01849174151924E-06,1.4854400126736,1.27311467689906E-06,1.85680001584201,56.5360785166197,15.0001811545887,15.0000909698071,""
165948.240126371,14.99999979621,1.01631197947245E-06,1.48545572164536,1.27038997434056E-06,1.8568196520567,56.5360920248795,15.0001848217522,15.0000946378939,""
165963.684626579,15.0000000547713,1.01346929475588E-06,1.48547139529091,1.26683661844485E-06,1.85683924411364,56.5361055331394,15.0001884554115,15.0000982721834,""
165979.129126549,15.0000001298214,1.01049997225786E-06,1.48548702474697,1.26312496532233E-06,1.85685878093371,56.5362063088954,15.0001866499236,15.0000964765694,""
165994.573626518,15.0000000113572,1.00739396742528E-06,1.48550260650882,1.2592424592816E-06,1.85687825813602,56.5363070846513,15.0001845059846,15.0000943430794,""
166010.018126488,15.0000000287635,1.00671776744463E-06,1.48551817967477,1.25839720930579E-06,1.85689772459346,56.5361577631855,15.0001803948619,15.0000902244469,""
166025.462626457,15.0000001895637,1.00866613831498E-06,1.4855337435558,1.26083267289373E-06,1.85691717944476,56.5360084417196,15.0001761610624,15.0000859820177,""
166040.907126427,15.000000265541,1.01080669118181E-06,1.48554933932846,1.26350836397726E-06,1.85693667416058,56.5360345925279,15.0001684261023,15.000078244498,""
166056.351626396,15.000000251925,1.01315499238393E-06,1.48556496957589,1.26644374047991E-06,1.85695621196987,56.5360607433362,15.0001604723257,15.000070288541,""
166071.796126604,15.0000001354658,1.01432029076412E-06,1.48558061639688,1.26790036345515E-06,1.8569757704961,56.5360421100904,15.0001538610926,15.0000636733877,""
166087.240626574,14.9999999102907,1.01420577004594E-06,1.48559628114728,1.26775721255743E-06,1.8569953514341,56.5360234768449,15.0001473339498,15.0000571422158,""
166102.685126543,14.9999998878368,1.013958619545E-06,1.48561194215043,1.26744827443125E-06,1.85701492768803,56.5359085428889,15.000144649244,15.0000544526619,""
166118.129626513,15.000000079856,1.0135678732218E-06,1.48562759909648,1.26695984152725E-06,1.8570344988706,56.5357936089328,15.0001422057343,15.0000520042528,""
166133.574126482,15.0000001775937,1.01281244489599E-06,1.48564324461613,1.26601555611998E-06,1.85705405577017,56.5358089869272,15.0001410218237,15.0000508158091,""
166149.018626451,15.0000001755028,1.0116618746972E-06,1.48565887775501,1.2645773433715E-06,1.85707359719376,56.5358243649216,15.0001399171525,15.0000497066278,""
166164.463126421,15.0000000504755,1.00875987312645E-06,1.4856744667889,1.26094984140806E-06,1.85709308348613,56.5357216641241,15.000140892549,15.0000506947885,""
166179.90762639,14.9999997951718,1.00395867534677E-06,1.48569000799677,1.25494834418346E-06,1.85711250999596,56.5356189633267,15.0001419990837,15.0000518151766,""
166195.35212636,14.9999998137336,1.00266619551938E-06,1.48570553227152,1.25333274439923E-06,1.8571319153394,56.535631330393,15.0001451670429,15.0000549743706,""
166210.796626568,15.0000001227497,1.00518141984782E-06,1.48572103817048,1.25647677480978E-06,1.8571512977131,56.5356436974595,15.0001484652472,15.0000582623807,""
166226.241126537,15.0000001064694,1.00590223886415E-06,1.48573655360026,1.25737779858019E-06,1.85717069200033,56.5355613276217,15.0001522099556,15.0000620102163,""
166241.685626507,14.9999997449057,1.00467423103697E-06,1.48575207938133,1.25584278879621E-06,1.85719009922666,56.5354789577838,15.0001559829362,15.0000657871675,""
166257.130126476,14.999999670844,1.00303578210975E-06,1.48576758064477,1.25379472763719E-06,1.85720947580596,56.5355043244463,15.0001621375872,15.0000719460812,""
166272.574626446,14.9999999021994,1.00095122357299E-06,1.48578305525994,1.25118902946624E-06,1.85722881907492,56.5355296911088,15.0001684433688,15.0000782561442,""
166288.019126415,14.9999999558977,9.98559970531695E-07,1.48579849429311,1.24819996316462E-06,1.85724811786639,56.5355223723248,15.0001741986197,15.000084012299,""
166303.463626385,14.9999998207138,9.95835110793707E-07,1.485813894622,1.24479388849213E-06,1.8572673682775,56.5355150535409,15.0001799188609,15.0000897332292,""
166318.908126593,14.9999998183475,9.93915225135493E-07,1.48582926708191,1.24239403141937E-06,1.85728658385239,56.535449549787,15.0001817368261,15.000091556415,""
166334.352626562,14.9999999573063,9.92871631221203E-07,1.48584460920327,1.2410895390265E-06,1.85730576150409,56.5353840460342,15.0001833061006,15.000093131199,""
166349.797126532,15.0000000312915,9.91647419608648E-07,1.48585993310548,1.23955927451081E-06,1.85732491638185,56.5354964044004,15.0001790292097,15.0000888575726,""
166365.241626501,15.0000000360845,9.90226435164128E-07,1.48587523715896,1.23778304395516E-06,1.8573440464487,56.5356087627666,15.000174378944,15.0000842104281,""
166380.686126471,15.0000001458894,9.89710546995465E-07,1.48589053419212,1.23713818374433E-06,1.85736316774015,56.5355426552695,15.000168318123,15.0000781495639,""
166396.13062644,15.0000003676161,9.90181478277628E-07,1.48590582357107,1.23772684784703E-06,1.85738227946384,56.5354765477724,15.0001621670213,15.0000719982165,""
166411.57512641,15.0000002231309,9.89637723936357E-07,1.48592110423417,1.23704715492045E-06,1.85740138029271,56.5355868309599,15.0001572807912,15.0000671159887,""
166427.019626379,14.9999996880172,9.87986804194594E-07,1.48593637538702,1.23498350524324E-06,1.85742046923378,56.5356971141474,15.0001524756908,15.0000623151631,""
166442.464126348,14.9999996009524,9.87257126764279E-07,1.4859516363906,1.23407140845535E-06,1.85743954548824,56.5358334832638,15.0001540988726,15.0000639385661,""
166457.908626556,14.9999999922016,9.87533437710972E-07,1.48596688631148,1.23441679713872E-06,1.85745860788935,56.5359698523823,15.0001561352503,15.0000659749045,""
166473.353126526,15.0000002209867,9.85649384145774E-07,1.48598210694171,1.23206173018222E-06,1.85747763367713,56.5359865439196,15.0001572757385,15.0000671238771,""
166488.797626495,15.0000002761916,9.81404394714534E-07,1.48599729556215,1.22675549339317E-06,1.85749661945268,56.536003235457,15.0001583585182,15.0000682156901,""
166504.242126465,15.0000002238644,9.80029999014313E-07,1.48601246588784,1.22503749876789E-06,1.8575155823598,56.5360673871172,15.0001548376049,15.0000646923481,""
166519.686626434,15.0000000565533,9.81795150379244E-07,1.4860276162047,1.22724393797406E-06,1.85753452025587,56.5361315387774,15.0001510195136,15.0000608710883,""
166535.131126404,14.9999999957637,9.81458390634992E-07,1.48604276008929,1.22682298829374E-06,1.85755345011161,56.5361957829458,15.0001461774958,15.0000560343383,""
166550.575626373,15.0000000489708,9.78820995834899E-07,1.48605789693348,1.22352624479362E-06,1.85757237116685,56.5362600271141,15.0001412692408,15.0000511318969,""
166566.020126581,15.0000001606226,9.76663781507996E-07,1.48607300231221,1.220829726885E-06,1.85759125289026,56.536225495475,15.0001352028471,15.0000450716424,""
166581.464626551,15.0000003348719,9.75032555484444E-07,1.48608807322328,1.21879069435555E-06,1.8576100915291,56.5361909638364,15.0001290613753,15.000038936331,""
166596.90912652,15.0000003359828,9.73524863918437E-07,1.48610312200343,1.21690607989805E-06,1.85762890250428,56.5361954079293,15.0001246739531,15.0000345491717,""
166612.35362649,15.0000001515015,9.72152597020238E-07,1.48611814652255,1.2151907462753E-06,1.85764768315318,56.5361998520221,15.0001204004805,15.0000302755791,""
166627.798126459,14.9999999888946,9.72251865507244E-07,1.48613317355643,1.21531483188406E-06,1.85766646694553,56.5361054076766,15.0001185508651,15.0000284254041,""
166643.242626429,14.9999998497548,9.73965561446234E-07,1.48614820334926,1.21745695180779E-06,1.85768525418657,56.536010963331,15.0001168590454,15.0000267329964,""
166658.687126398,14.9999998321441,9.73926413432258E-07,1.48616323130148,1.21740801679032E-06,1.85770403912685,56.5360606080951,15.0001178371749,15.0000277138239,""
166674.131626368,14.9999999450178,9.71962715197433E-07,1.48617825723277,1.21495339399679E-06,1.85772282154097,56.5361102528592,15.0001189894878,15.0000288690493,""
166689.576126337,14.9999999851413,9.71236745981739E-07,1.48619327337877,1.21404593247717E-06,1.85774159172347,56.5363153840661,15.0001194498181,15.0000293266159,""
166705.020626545,14.9999999470895,9.71870810723972E-07,1.48620827877278,1.21483851340497E-06,1.85776034846598,56.5365205152761,15.0001198649095,15.0000297385725,""
166720.465126514,14.999999939324,9.7103345932155E-07,1.48622327076793,1.21379182415194E-06,1.85777908845991,56.5363824173248,15.0001209681065,15.0000308471694,""
166735.909626484,14.9999999641299,9.68578035864672E-07,1.486238248029,1.21072254483084E-06,1.85779781003625,56.5362443193735,15.0001221163836,15.0000320014054,""
166751.354126453,14.9999998677557,9.6668933109547E-07,1.48625319793222,1.20836166386934E-06,1.85781649741527,56.5361807059532,15.0001244194105,15.0000343094327,""
166766.798626423,14.9999996409512,9.65424315364287E-07,1.48626811772738,1.20678039420536E-06,1.85783514715923,56.536117092533,15.0001267982475,15.0000366932072,""
166782.243126392,14.9999996933658,9.64579442582194E-07,1.48628302541535,1.20572430322774E-06,1.85785378176919,56.5360880624902,15.0001306367316,15.0000405318574,""
166797.687626362,15.0000000465597,9.64197308557664E-07,1.48629791976864,1.20524663569708E-06,1.85787239971081,56.5360590324474,15.0001345712434,15.0000444662212,""
166813.13212657,15.0000000962765,9.62746481601196E-07,1.48631279199976,1.2034331020015E-06,1.8578909899997,56.5361175611279,15.0001343058097,15.0000442034891,""
166828.576626539,14.9999998188152,9.60117696296082E-07,1.48632763984639,1.2001471203701E-06,1.85790954980799,56.5361760898075,15.0001337634916,15.0000436640606,""
166844.021126509,14.9999997179708,9.59236962207876E-07,1.48634247607976,1.19904620275984E-06,1.85792809509969,56.5363236041045,15.0001346416893,15.0000445417761,""
166859.465626478,14.9999998076932,9.60284505026489E-07,1.48635729950252,1.20035563128311E-06,1.85794662437815,56.5364711184016,15.0001356137309,15.0000455131128,""
166874.910126448,14.9999999016026,9.61180513473558E-07,1.48637213596552,1.20147564184195E-06,1.8579651699569,56.5364121829966,15.0001394887747,15.0000493876691,""
166890.354626417,15.0000000000335,9.61909233971392E-07,1.48638698682445,1.20238654246424E-06,1.85798373353056,56.5363532475915,15.0001435559997,15.0000534544211,""
166905.799126387,15.000000070628,9.60222475076432E-07,1.48640181106915,1.20027809384554E-06,1.85800226383644,56.5363991081282,15.0001463452428,15.000056250407,""
166921.243626356,15.0000001111379,9.55867044711193E-07,1.48641660590991,1.19483380588899E-06,1.85802075738739,56.5364449686649,15.0001490497066,15.0000589620922,""
166936.688126326,15.0000000355576,9.53099987723058E-07,1.48643136138711,1.19137498465382E-06,1.85803920173389,56.5362572616439,15.0001508249038,15.0000607419185,""
166952.132626534,14.9999998344092,9.52089165955008E-07,1.48644607334097,1.19011145744376E-06,1.85805759167622,56.53606955462,15.0001525383269,15.0000624597983,""
166967.577126503,14.9999999231269,9.51427710895057E-07,1.48646077586744,1.18928463861882E-06,1.8580759698343,56.5362003007325,15.0001506590566,15.0000605797876,""
166983.021626472,15.0000003256325,9.51152845158599E-07,1.48647546796234,1.18894105644825E-06,1.85809433495293,56.536331046845,15.0001485404632,15.0000584601075,""
166998.466126442,15.0000003146043,9.50452983989756E-07,1.48649014946357,1.18806622998719E-06,1.85811268682946,56.5362007365845,15.0001482728541,15.0000581966941,""
167013.910626411,14.9999998555471,9.49282480550247E-07,1.4865048192333,1.18660310068781E-06,1.85813102404163,56.536070426324,15.0001481288011,15.0000580571893,""
167029.355126381,14.999999696744,9.4790845384128E-07,1.48651946870828,1.1848855673016E-06,1.85814933588535,56.5362219083273,15.0001529905666,15.000062924784,""
167044.79962635,14.9999998635075,9.46308868702361E-07,1.48653409569122,1.18288608587795E-06,1.85816761961403,56.5363733903307,15.0001581871682,15.0000681273003,""
167060.244126558,15.0000000809221,9.45016846004655E-07,1.48654870399623,1.18127105750582E-06,1.85818587999528,56.5363791679222,15.0001615856638,15.000071524797,""
167075.688626528,15.0000003533028,9.44065950757631E-07,1.48656329158445,1.18008243844704E-06,1.85820411448056,56.5363849455136,15.0001648636373,15.0000748013083,""
167091.133126497,15.0000003915734,9.42322644367075E-07,1.48657785301124,1.17790330545884E-06,1.85822231626405,56.5363301861074,15.0001611279852,15.0000710749527,""
167106.577626467,15.000000175581,9.39699764289698E-07,1.48659238539893,1.17462470536212E-06,1.85824048174866,56.5362754267012,15.000156921263,15.0000668782495,""
167122.022126436,15.0000000831179,9.40681738457339E-07,1.48660693508192,1.17585217307167E-06,1.8582586688524,56.536261655525,15.0001530417979,15.0000629846362,""
167137.466626406,15.0000001249281,9.45668207625437E-07,1.48662150397761,1.1820852595318E-06,1.85827687997201,56.5362478843488,15.0001491843582,15.0000591114218,""
167152.911126375,15.0000000192287,9.47671790266939E-07,1.48663609974559,1.18458973783367E-06,1.85829512468198,56.5361796086207,15.0001474057173,15.0000573376194,""
167168.355626345,14.9999997530585,9.46359215343774E-07,1.48665072538824,1.18294901917972E-06,1.8583134067353,56.5361113328926,15.0001457672722,15.000055705403,""
167183.800126314,14.9999995976823,9.44229287588871E-07,1.48666531921257,1.18028660948609E-06,1.85833164901572,56.535979831982,15.0001466014029,15.0000565382346,""
167199.244626522,14.999999562934,9.41189977712116E-07,1.48667987763624,1.17648747214015E-06,1.8583498470453,56.5358483310694,15.0001476026271,15.0000575376511,""
167214.689126492,14.9999996392277,9.40241634988251E-07,1.48669442393184,1.17530204373531E-06,1.85836802991481,56.5359051584518,15.0001471540304,15.0000570883668,""
167230.133626461,14.9999998365187,9.4162150359582E-07,1.48670895672356,1.17702687949478E-06,1.85838619590445,56.5359619858343,15.0001466072566,15.0000565409813,""
167245.578126431,15.0000000725997,9.39386265375867E-07,1.48672345383729,1.17423283171983E-06,1.85840431729661,56.5358442843333,15.0001434386757,15.0000533879869,""
167261.0226264,15.0000003509831,9.33122607055988E-07,1.48673791119399,1.16640325881999E-06,1.85842238899249,56.5357265828323,15.0001400921927,15.0000500581896,""
167276.467126608,15.0000003866971,9.30378932886834E-07,1.48675233144125,1.16297366610854E-06,1.85844041430156,56.535719325938,15.0001358537442,15.000045812269,""
167291.911626577,15.0000001575518,9.31560738617185E-07,1.48676671030365,1.16445092327148E-06,1.85845838787956,56.5357120690438,15.0001315546486,15.0000415040587,""
167307.356126547,14.9999999813555,9.33958210143876E-07,1.48678112519615,1.16744776267984E-06,1.85847640649519,56.535677800575,15.0001287142826,15.0000386566436,""
167322.800626516,14.9999998629973,9.37712446888503E-07,1.48679558030067,1.17214055861063E-06,1.85849447537583,56.5356435321061,15.0001259733011,15.0000359087538,""
167338.245126486,14.9999998871059,9.37173164097757E-07,1.48681002387222,1.1714664551222E-06,1.85851252984027,56.535796048499,15.0001284907166,15.0000384345164,""
167353.689626455,15.0000000669637,9.31838287273642E-07,1.48682445456217,1.16479785909205E-06,1.85853056820271,56.535948564892,15.0001313671177,15.0000413203059,""
167369.134126425,15.0000001199648,9.29500693132385E-07,1.48683885372949,1.16187586641548E-06,1.85854856716187,56.5358492413244,15.0001379151176,15.0000478680252,""
167384.578626394,15.0000000341682,9.30513487350743E-07,1.48685321766055,1.16314185918843E-06,1.85856652207569,56.5357499177568,15.0001447142813,15.0000546662468,""
167400.023126364,15.0000000131758,9.3190373049919E-07,1.48686760218902,1.16487966312399E-06,1.85858450273627,56.5357521634391,15.0001523839272,15.0000623242734,""
167415.467626572,15.0000000631457,9.33716218309117E-07,1.48688200975961,1.1671452728864E-06,1.85860251219951,56.5357544091215,15.0001601132407,15.0000700412359,""
167430.912126541,15.0000001201404,9.33618083523972E-07,1.4868964142351,1.16702260440497E-06,1.85862051779388,56.5358240573378,15.0001619963397,15.0000719295433,""
167446.356626511,15.0000001848336,9.31380906678486E-07,1.48691081524572,1.16422613334811E-06,1.85863851905715,56.5358937055541,15.0001634778996,15.0000734175178,""
167461.80112648,15.0000001595724,9.28741244955806E-07,1.48692517744664,1.16092655619476E-06,1.8586564718083,56.5359924055572,15.0001617295467,15.0000716732001,""
167477.24562645,15.0000000356468,9.25650628955136E-07,1.48693949616417,1.15706328619392E-06,1.85867437020521,56.5360911055604,15.0001597589052,15.0000697064301,""
167492.690126419,15.0000000326711,9.2355040566688E-07,1.48695378517137,1.1544380070836E-06,1.85869223146421,56.5360286100601,15.0001593009705,15.0000692499795,""
167508.134626389,15.0000001624652,9.22560708926655E-07,1.48696804086439,1.15320088615832E-06,1.85871005108048,56.5359661145598,15.0001589473522,15.0000688976807,""
167523.579126596,15.0000000731025,9.20293752841104E-07,1.48698226242229,1.15036719105138E-06,1.85872782802786,56.5358805705797,15.0001635750766,15.000073535064,""
167539.023626566,14.9999997429685,9.16593490110035E-07,1.4869964456742,1.14574186263754E-06,1.85874555709275,56.5357950266008,15.0001685470043,15.0000785172268,""
167554.468126535,14.9999995523783,9.16204063207486E-07,1.48701062622359,1.14525507900936E-06,1.85876328277949,56.53586240909,15.000171242836,15.0000812053781,""
167569.912626505,14.9999995152204,9.19532866299375E-07,1.48702480373793,1.14941608287422E-06,1.85878100467242,56.5359297915791,15.0001737810779,15.0000837346992,""
167585.357126474,14.9999996766533,9.21960781037162E-07,1.48703901575384,1.15245097629645E-06,1.8587987696923,56.5360574315151,15.0001731677106,15.000083116223,""
167600.801626444,15.0000000566213,9.23376165168039E-07,1.48705326654689,1.15422020646005E-06,1.85881658318362,56.536185071451,15.0001723356994,15.0000822793674,""
167616.246126413,15.0000002571759,9.22126071355694E-07,1.48706749674693,1.15265758919462E-06,1.85883437093366,56.5361704392272,15.0001727035299,15.0000826561638,""
167631.690626383,15.0000002601366,9.17877844649224E-07,1.4870817037839,1.14734730581153E-06,1.85885212972987,56.5361558070033,15.000173154766,15.0000831173257,""
167647.135126352,15.0000002613914,9.15577176126433E-07,1.48709587916435,1.14447147015804E-06,1.85886984895543,56.5362889479081,15.0001734342356,15.0000833943666,""
167662.57962656,15.0000002607659,9.15468832125238E-07,1.48711001890994,1.14433604015655E-06,1.85888752363743,56.5364220888149,15.0001737017412,15.0000836585831,""
167678.02412653,15.0000002268453,9.1421699481304E-07,1.48712413941904,1.1427712435163E-06,1.8589051742738,56.5361899225564,15.0001737734023,15.0000837351069,""
167693.468626499,15.0000001561955,9.11676947519159E-07,1.48713823825737,1.13959618439895E-06,1.85892279782171,56.5359577562979,15.0001738313953,15.0000837985315,""
167708.913126469,15.0000001049641,9.11414240221975E-07,1.48715233538805,1.13926780027747E-06,1.85894041923506,56.5360428980903,15.0001773031761,15.0000872643775,""
167724.357626438,15.0000000751716,9.13719086712121E-07,1.48716643059346,1.14214885839015E-06,1.85895803824183,56.5361280398827,15.0001810136808,15.0000909681525,""
167739.802126408,15.0000000615386,9.1443040734592E-07,1.48718053463959,1.1430380091824E-06,1.85897566829949,56.5361535656157,15.0001846479274,15.0000946024416,""
167755.246626377,15.0000000657612,9.13343728950238E-07,1.48719464866084,1.1416796611878E-06,1.85899331082604,56.5361790913488,15.0001882768307,15.0000982318618,""
167770.691126585,15.0000000286204,9.11747415311582E-07,1.4872087390441,1.13968426913948E-06,1.85901092380513,56.5362323954001,15.0001894289943,15.0000993869342,""
167786.135626554,14.9999999457374,9.0957562408414E-07,1.48722280273502,1.13696953010518E-06,1.85902850341878,56.5362856994507,15.0001904072746,15.0001003682912,""
167801.580126524,14.9999998372035,9.07774333516603E-07,1.48723684065171,1.13471791689575E-06,1.85904605081464,56.5361766571277,15.0001883440494,15.0000983078595,""
167817.024626493,14.9999997002799,9.06391736882556E-07,1.48725084944155,1.1329896711032E-06,1.85906356180194,56.5360676148047,15.0001860668689,15.0000960334526,""
167832.469126463,14.999999696893,9.05507646650216E-07,1.48726484588815,1.13188455831277E-06,1.85908105736018,56.5358838142647,15.0001849249201,15.0000948924298,""
167847.913626432,14.9999998414218,9.05187346110965E-07,1.48727882837504,1.13148418263871E-06,1.8590985354688,56.5357000137248,15.0001838629869,15.0000938312922,""
167863.358126402,14.9999999727123,9.04522209011476E-07,1.48729280089419,1.13065276126434E-06,1.85911600111774,56.5357454678349,15.0001844253096,15.0000943939426,""
167878.802626371,15.000000089327,9.03466772003477E-07,1.48730676213144,1.12933346500435E-06,1.8591334526643,56.5357909219451,15.0001851023414,15.0000950712692,""
167894.247126341,15.0000000129348,9.02927782713484E-07,1.48732071605799,1.12865972839185E-06,1.85915089507249,56.5357635886565,15.0001856114684,15.0000955781088,""
167909.691626549,14.9999997224021,9.02973785859612E-07,1.48733466170374,1.12871723232451E-06,1.85916832712968,56.5357362553674,15.0001861087142,15.0000960728845,""
167925.136126518,14.9999997381459,9.01881903760642E-07,1.48734859043957,1.1273523797008E-06,1.85918573804946,56.5357841456094,15.0001862759957,15.0000962465168,""
167940.580626488,15.0000000939819,8.99500106685672E-07,1.48736250000644,1.12437513335709E-06,1.85920312500804,56.5358320358514,15.0001864198825,15.00009639738,""
167956.025126457,15.0000001928512,8.97966158023795E-07,1.48737638819798,1.12245769752974E-06,1.85922048524747,56.5358986789026,15.0001864489151,15.0000964220061,""
167971.469626427,15.000000006148,8.97394086508091E-07,1.48739025213939,1.12174260813512E-06,1.85923781517423,56.5359653219538,15.0001864697885,15.0000964376644,""
167986.914126396,14.9999999017489,8.98118282871817E-07,1.48740412782693,1.12264785358977E-06,1.85925515978366,56.5360253146726,15.0001882816691,15.0000982433272,""
168002.358626366,14.9999998888912,9.00314232291143E-07,1.48741801685075,1.12539279036393E-06,1.85927252106344,56.5360853073913,15.0001902210299,15.0001001763989,""
168017.803126574,14.9999997538717,8.99510780410001E-07,1.48743189130115,1.1243884755125E-06,1.85928986412644,56.5361043050497,15.0001865563913,15.000096528165,""
168033.247626543,14.9999994828681,8.95299218926484E-07,1.48744574919183,1.11912402365811E-06,1.85930718648979,56.5361233027077,15.000182492093,15.0000924818899,""
168048.692126513,14.9999995125561,8.92252417417113E-07,1.48745956419627,1.11531552177139E-06,1.85932445524534,56.536108641607,15.0001785519959,15.0000885396755,""
168064.136626482,14.9999998772328,8.90530122910711E-07,1.48747333043262,1.11316265363839E-06,1.85934166304077,56.5360939805063,15.0001746207736,15.0000846048969,""
168079.581126451,15.0000000357832,8.90267306876542E-07,1.48748709432704,1.11283413359568E-06,1.8593588679088,56.5361379408667,15.0001709704123,15.0000809504124,""
168095.025626421,14.9999999645078,8.91665432419665E-07,1.48750085555627,1.11458179052458E-06,1.85937606944534,56.5361819012271,15.0001673401592,15.0000773159955,""
168110.47012639,15.0000000360443,8.92922197464703E-07,1.48751463479484,1.11615274683088E-06,1.85939329349355,56.5361632270132,15.0001631011251,15.0000730743088,""
168125.91462636,15.0000002669436,8.9401796335736E-07,1.48752843454472,1.1175224541967E-06,1.8594105431809,56.5361445527992,15.0001588184208,15.0000687890604,""
168141.359126329,15.0000003682704,8.93164830573091E-07,1.48754222001122,1.11645603821636E-06,1.85942777501402,56.5360231643087,15.0001521247296,15.0000620996521,""
168156.803626537,15.0000003248896,8.90090313634239E-07,1.48755598919752,1.1126128920428E-06,1.8594449864969,56.5359017758164,15.0001452577537,15.0000552374499,""
168172.248126507,15.0000002105631,8.87080085092376E-07,1.48756971500899,1.10885010636547E-06,1.85946214376123,56.536118411969,15.0001407626829,15.0000507459578,""
168187.692626476,15.0000000169386,8.84143190579013E-07,1.48758339134281,1.10517898822377E-06,1.85947923917852,56.5363350481216,15.0001364384177,15.0000464251852,""
168203.137126446,14.9999999352814,8.82529105980462E-07,1.48759704574476,1.10316138247558E-06,1.85949630718095,56.5361449963284,15.0001342794842,15.0000442672774,""
168218.581626415,14.9999999788758,8.82425134984475E-07,1.48761067510938,1.10303141873059E-06,1.85951334388673,56.5359549445352,15.0001322767818,15.0000422654227,""
168234.026126385,15.0000000073123,8.81483844653822E-07,1.48762429004164,1.10185480581728E-06,1.85953036255205,56.5359709968888,15.0001323975088,15.0000423925946,""
168249.470626354,15.0000000187787,8.79585928161593E-07,1.4876378884851,1.09948241020199E-06,1.85954736060638,56.5359870492424,15.0001326717391,15.0000426736744,""
168264.915126562,15.0000000927983,8.7854233764884E-07,1.48765147277048,1.09817792206105E-06,1.8595643409631,56.535878934158,15.0001359598129,15.0000459615583,""
168280.359626532,15.0000002369079,8.78475565227881E-07,1.48766504086736,1.09809445653485E-06,1.85958130108421,56.5357708190754,15.0001394661777,15.0000494672235,""
168295.804126501,15.0000002695965,8.78248969439867E-07,1.48767860553364,1.09781121179983E-06,1.85959825691705,56.5357782496379,15.0001431343431,15.000053136632,""
168311.248626471,15.0000001773375,8.77839492354633E-07,1.48769216627437,1.09729936544329E-06,1.85961520784296,56.5357856802004,15.0001468142501,15.0000568179232,""
168326.69312644,15.0000000889984,8.76466738494206E-07,1.48770570623955,1.09558342311776E-06,1.85963213279943,56.5357285771211,15.0001456557083,15.0000556634705,""
168342.13762641,15.0000000050587,8.73990873953994E-07,1.48771922241329,1.09248859244249E-06,1.85964902801661,56.5356714740418,15.0001441453726,15.0000541574206,""
168357.582126379,15.0000000096475,8.72664292679565E-07,1.4877327206994,1.09083036584946E-06,1.85966590087424,56.5355663205493,15.0001420951891,15.0000521078132,""
168373.026626348,15.0000001136756,8.72654857907141E-07,1.48774619848521,1.09081857238393E-06,1.85968274810651,56.5354611670568,15.0001400056792,15.0000500186092,""
168388.471126318,15.000000138111,8.72486398804363E-07,1.48775967367897,1.09060799850546E-06,1.85969959209872,56.5355802868116,15.0001411437254,15.0000511586369,""
168403.915626526,15.0000000730709,8.7213554609713E-07,1.48777314589999,1.09016943262141E-06,1.85971643237499,56.5356994065683,15.0001425173402,15.0000525343555,""
168419.360126495,15.0000000197804,8.69434728549357E-07,1.48778657677702,1.0867934106867E-06,1.85973322097127,56.5357690639095,15.0001441905502,15.0000542194736,""
168434.804626465,14.9999999797091,8.64036504380763E-07,1.48779996019759,1.08004563047595E-06,1.85974995024698,56.5358387212506,15.0001458856685,15.0000559272169,""
168450.249126434,14.999999986562,8.60939586403522E-07,1.48781330155518,1.0761744830044E-06,1.85976662694398,56.5359789141201,15.0001486628528,15.0000587070685,""
168465.693626404,15.0000000462523,8.60486285290946E-07,1.48782659459309,1.07560785661368E-06,1.85978324324136,56.5361191069897,15.0001515193152,15.0000615654686,""
168481.138126612,15.0000000561338,8.60473353913819E-07,1.48783988791888,1.07559169239227E-06,1.8597998598986,56.5360151617887,15.0001542448809,15.0000642922752,""
168496.582626581,15.0000000098834,8.6096669071524E-07,1.48785318157518,1.07620836339405E-06,1.85981647696897,56.5359112165893,15.0001569608381,15.0000670094222,""
168512.027126551,15.0000001535312,8.60945033188549E-07,1.48786647436354,1.07618129148569E-06,1.85983309295443,56.5358877215338,15.0001577791003,15.0000678320321,""
168527.47162652,15.0000005113592,8.60330853374829E-07,1.4878797661533,1.07541356671854E-06,1.85984970769163,56.5358642264783,15.0001584577977,15.0000685153093,""
168542.91612649,15.0000004111047,8.60038301322669E-07,1.48789305409207,1.07504787665334E-06,1.85986631761508,56.5359843217156,15.0001537557711,15.0000638100866,""
168558.360626459,14.9999997937686,8.60116084375797E-07,1.48790633759664,1.07514510546975E-06,1.8598829219958,56.5361044169529,15.0001486572715,15.000058707818,""
168573.805126429,14.9999996197185,8.60458414979824E-07,1.48791962630382,1.07557301872478E-06,1.85989953287978,56.5361980660846,15.0001451977739,15.0000552457864,""
168589.249626398,14.9999999464592,8.61105594199746E-07,1.48793292100616,1.07638199274968E-06,1.85991615125771,56.5362917152164,15.0001418592733,15.0000519048428,""
168604.694126368,15.0000000193177,8.60339241499121E-07,1.48794620316001,1.0754240518739E-06,1.85993275395002,56.5364585905095,15.0001362219341,15.0000462727101,""
168620.138626575,14.9999998051235,8.5794274736463E-07,1.48795947084265,1.07242843420579E-06,1.85994933855331,56.5366254658051,15.0001304145655,15.0000404711137,""
168635.583126545,14.9999997435427,8.55758101932179E-07,1.48797270742976,1.06969762741523E-06,1.8599658842872,56.5365695180326,15.0001261446042,15.0000362043677,""
168651.027626514,14.9999998546562,8.53817959687978E-07,1.4879859081285,1.06727244960997E-06,1.85998238516062,56.53651357026,15.000121988569,15.0000320513584,""
168666.472126484,14.9999999270407,8.52161622218961E-07,1.48799908539943,1.0652020277737E-06,1.85999885674929,56.536438634886,15.0001236784781,15.000033745055,""
168681.916626453,14.9999999555642,8.50833091338435E-07,1.48801223561025,1.06354136417304E-06,1.86001529451281,56.536363699512,15.0001258024043,15.0000358728252,""
168697.361126423,14.9999999180194,8.49498755993326E-07,1.48802536669522,1.06187344499166E-06,1.86003170836902,56.5362533497433,15.0001342013995,15.0000442748528,""
168712.805626392,14.9999998055899,8.48157711006212E-07,1.48803847567176,1.06019713875777E-06,1.86004809458971,56.5361429999745,15.0001430671477,15.0000531435731,""
168728.2501266,14.9999998160994,8.48045446855462E-07,1.48805158442081,1.06005680856933E-06,1.86006448052601,56.5361713008783,15.0001511672198,15.0000612410544,""
168743.69462657,14.9999999660677,8.49354695661964E-07,1.48806469290623,1.06169336957746E-06,1.86008086613279,56.5361996017817,15.0001592102322,15.0000692810613,""
168759.139126539,15.0000000722187,8.50305284857617E-07,1.48807781459599,1.06288160607202E-06,1.86009726824499,56.5360826713375,15.0001631534885,15.0000732250175,""
168774.583626509,15.0000001286235,8.50840635093355E-07,1.48809095157309,1.06355079386669E-06,1.86011368946636,56.5359657408934,15.0001667906502,15.0000768631556,""
168790.028126478,15.0000000314433,8.49654481321193E-07,1.4881040696211,1.06206810165149E-06,1.86013008702638,56.5359464659535,15.0001669154011,15.0000769902054,""
168805.472626448,14.9999997597535,8.46473694785935E-07,1.48811716573679,1.05809211848242E-06,1.86014645717099,56.5359271910135,15.0001667774185,15.0000768546207,""
168820.917126417,14.9999997795964,8.44615428257484E-07,1.48813023677978,1.05576928532186E-06,1.86016279597472,56.5360685164567,15.0001644138147,15.0000744906634,""
168836.361626387,15.0000001309632,8.44290706438019E-07,1.48814327874938,1.05536338304752E-06,1.86017909843673,56.5362098418999,15.0001618834198,15.0000719597088,""
168851.806126356,15.0000001477948,8.43397893705979E-07,1.48815630730115,1.05424736713247E-06,1.86019538412643,56.5359190938776,15.0001601901244,15.0000702680439,""
168867.250626564,14.9999997838882,8.41845829135045E-07,1.48816932028211,1.05230728641881E-06,1.86021165035264,56.5356283458508,15.0001585596794,15.0000686393938,""
168882.695126534,14.9999997112352,8.3941947758215E-07,1.48818229757538,1.04927434697769E-06,1.86022787196922,56.5357894046327,15.0001577128174,15.0000678038844,""
168898.139626503,14.9999999703335,8.35977750227803E-07,1.48819523342203,1.04497218778476E-06,1.86024404177754,56.5359504634146,15.0001569248975,15.0000670280359,""
168913.584126472,15.0000000420302,8.34220549145592E-07,1.48820814611679,1.04277568643199E-06,1.86026018264599,56.5359490038735,15.0001556456878,15.0000657468739,""
168929.028626442,14.9999999000922,8.34421245393387E-07,1.48822103190249,1.04302655674174E-06,1.86027628987811,56.5359475443325,15.000154329454,15.0000644276309,""
168944.473126411,14.9999999129385,8.34819058353825E-07,1.48823392359893,1.04352382294228E-06,1.86029240449867,56.5359457258114,15.0001573505567,15.0000674482012,""
168959.917626381,15.0000001023814,8.35446155939115E-07,1.48824682217073,1.0443076949239E-06,1.86030852771341,56.5359439072904,15.0001606991334,15.0000707964325,""
168975.362126589,15.0000000677478,8.3530654514292E-07,1.4882597178518,1.04413318142865E-06,1.86032464731475,56.5358972111635,15.0001606990774,15.000070798236,""
168990.806626558,14.9999997772504,8.34274407914518E-07,1.48827261016736,1.04284300989315E-06,1.86034076270919,56.5358505150372,15.0001604457269,15.0000705469118,""
169006.251126528,14.9999997283116,8.33354995405918E-07,1.48828548949675,1.0416937442574E-06,1.86035686187094,56.5358197908741,15.0001592264822,15.0000693306088,""
169021.695626497,14.9999999554253,8.32566908508349E-07,1.48829835369712,1.04070863563544E-06,1.8603729421214,56.5357890667109,15.000157934041,15.0000680411785,""
169037.140126467,15.0000000465552,8.31706819693323E-07,1.48831120554507,1.03963352461665E-06,1.86038900693133,56.5357126522503,15.0001581984179,15.0000683030033,""
169052.584626436,14.9999999821552,8.30762782222174E-07,1.48832404299105,1.03845347777772E-06,1.86040505373881,56.5356362377897,15.0001585809905,15.0000686826014,""
169068.029126406,14.9999998940292,8.29887567392372E-07,1.48833686804116,1.03735945924047E-06,1.86042108505145,56.5357809655593,15.0001622801902,15.0000723840735,""
169083.473626375,14.9999997787444,8.29092657169963E-07,1.48834967862735,1.03636582146246E-06,1.86043709828419,56.5359256933288,15.0001662316576,15.0000763382124,""
169098.918126345,14.9999999244781,8.28133253197769E-07,1.48836247534471,1.03516656649721E-06,1.86045309418088,56.5360948069037,15.000166679217,15.0000767884506,""
169114.362626553,15.0000003692401,8.26981762201191E-07,1.48837525586698,1.03372720275149E-06,1.86046906983373,56.5362639204811,15.0001668597726,15.0000769716855,""
169129.807126522,15.0000004101802,8.26338349476251E-07,1.48838802783415,1.03292293684532E-06,1.86048503479268,56.5362493488154,15.0001621710985,15.0000722797762,""
169145.251626492,14.9999999881128,8.26288707296163E-07,1.48840078980352,1.03286088412021E-06,1.8605009872544,56.5362347771497,15.0001571106979,15.000067215689,""
169160.696126461,14.9999998229505,8.25100749927252E-07,1.48841353348364,1.03137593740907E-06,1.86051691685455,56.5361957860417,15.0001535396413,15.0000636488566,""
169176.140626431,14.9999999525887,8.22581449118445E-07,1.48842625577312,1.02822681139806E-06,1.8605328197164,56.5361567949336,15.0001500824928,15.0000601965374,""
169191.5851264,14.9999999711404,8.21298450480459E-07,1.48843896130197,1.02662306310057E-06,1.86054870162746,56.5362477816649,15.0001482303666,15.0000583428102,""
169207.029626369,14.9999998621145,8.21462529128678E-07,1.48845164721269,1.02682816141085E-06,1.86056455901586,56.5363387683963,15.0001465012211,15.000056611571,""
169222.474126577,14.9999998122194,8.21200593531989E-07,1.4884643288777,1.02650074191499E-06,1.86058041109712,56.5363520041821,15.0001460063855,15.0000561203902,""
169237.918626547,14.9999998302889,8.20439623243644E-07,1.48847700556883,1.02554952905456E-06,1.86059625696104,56.5363652399678,15.0001456062991,15.0000557243999,""
169253.363126516,14.9999998784054,8.1768010074909E-07,1.48848964056876,1.02210012593637E-06,1.86061205071095,56.5364975720604,15.0001468375953,15.0000569682148,""
169268.807626486,14.9999999610862,8.12577635518676E-07,1.48850222669327,1.01572204439835E-06,1.86062778336659,56.5366299041529,15.0001481943499,15.000058338136,""
169284.252126455,14.9999999793879,8.10359454832641E-07,1.48851478483822,1.0129493185408E-06,1.86064348104777,56.5365718673365,15.0001486637722,15.0000588056364,""
169299.696626425,14.9999999235706,8.11525223585154E-07,1.48852731015651,1.01440652948144E-06,1.86065913769564,56.5365138305201,15.0001490648312,15.0000592036111,""
169315.141126394,14.999999862709,8.12323966633366E-07,1.48853984636983,1.01540495829171E-06,1.86067480796229,56.5364685116191,15.0001457777731,15.0000559192701,""
169330.585626364,14.999999796035,8.12691764677411E-07,1.4885523953756,1.01586470584676E-06,1.8606904942195,56.5364231927181,15.0001422060513,15.0000523507131,""
169346.030126333,14.9999999366081,8.12665039305288E-07,1.4885649435113,1.01583129913161E-06,1.86070617938912,56.5364294681015,15.0001389534517,15.0000490968664,""
169361.474626541,15.0000003161752,8.12174719921835E-07,1.48857749062479,1.01521839990229E-06,1.86072186328099,56.5364357434851,15.000135725528,15.0000458673545,""
169376.919126511,15.0000002659445,8.11463911996495E-07,1.48859002737149,1.01432988999562E-06,1.86073753421437,56.5364725806033,15.0001353707869,15.0000455150538,""
169392.36362648,14.9999997196697,8.1049381113347E-07,1.48860255192715,1.01311726391684E-06,1.86075318990893,56.5365094177216,15.000135238617,15.0000453856363,""
169407.80812645,14.9999995934989,8.09664253004635E-07,1.48861506488717,1.0120803162558E-06,1.86076883110897,56.5364032377147,15.0001369089341,15.0000470521214,""
169423.252626419,14.9999999525832,8.09000101431102E-07,1.48862756420016,1.01125012678888E-06,1.8607844552502,56.5362970577078,15.0001387191343,15.0000488579786,""
169438.697126389,15.0000000368595,8.08441334088989E-07,1.4886400557201,1.01055166761124E-06,1.86080006965012,56.5364553030734,15.0001376592143,15.0000477996468,""
169454.141626358,14.9999998034483,8.08006691856292E-07,1.48865253806112,1.01000836482037E-06,1.8608156725764,56.5366135484391,15.0001363761535,15.0000465186354,""
169469.586126566,14.9999998203404,8.06954044755568E-07,1.48866500469395,1.00869255594446E-06,1.86083125586744,56.5365629784606,15.0001317106794,15.0000418544695,""
169485.030626535,15.00000012683,8.05172921087286E-07,1.48867745281025,1.00646615135911E-06,1.86084681601281,56.5365124084828,15.0001267817602,15.0000369268008,""
169500.475126505,15.0000001582867,8.03838785858182E-07,1.48868988258734,1.00479848232273E-06,1.86086235323417,56.5365606818335,15.0001226911326,15.0000328381683,""
169515.919626474,14.9999998712721,8.03031953002851E-07,1.48870229073006,1.00378994125356E-06,1.86087786341257,56.5366089551841,15.0001186659148,15.0000288150037,""
169531.364126444,14.9999998622486,8.0177800006142E-07,1.48871468053638,1.00222250007678E-06,1.86089335067047,56.5365753334447,15.0001158596201,15.000026010985,""
169546.808626413,15.0000001753868,7.99996176609126E-07,1.48872704869471,9.99995220761409E-07,1.86090881086839,56.5365417117054,15.0001131486063,15.0000233022647,""
169562.253126383,15.0000001459579,7.98221170785482E-07,1.48873939172643,9.97776463481854E-07,1.86092423965803,56.5365412041973,15.0001141607587,15.0000243220241,""
169577.697626352,14.9999997192036,7.96454220162118E-07,1.4887517050704,9.95567775202649E-07,1.860939631338,56.5365406966892,15.000115464468,15.0000256337566,""
169593.142126322,14.9999996262671,7.93852170050459E-07,1.48876398050471,9.92315212563075E-07,1.86095497563089,56.5364659209419,15.0001193810756,15.0000295591047,""
169608.58662653,14.9999999208269,7.90262656452873E-07,1.48877621111293,9.87828320566094E-07,1.86097026389116,56.5363911451935,15.0001235026642,15.00003368949,""
169624.031126499,15.0000000885848,7.87682409356776E-07,1.48878840652301,9.84603011695973E-07,1.86098550815377,56.5364392573774,15.0001298427486,15.0000400319741,""
169639.475626469,15.0000001090299,7.86296503521352E-07,1.48880056028071,9.82870629401692E-07,1.86100070035089,56.5364873695612,15.0001363571856,15.000046548308,""
169654.920126438,15.0000001220677,7.85186474166501E-07,1.4888126986991,9.81483092708128E-07,1.86101587337388,56.5363672996434,15.0001412441599,15.0000514426768,""
169670.364626408,15.0000001264929,7.84403165868262E-07,1.48882481895112,9.8050395733533E-07,1.8610310236889,56.5362472297255,15.000146003002,15.0000562093462,""
169685.809126377,15.0000000265117,7.85257166851373E-07,1.4888369534196,9.81571458564218E-07,1.8610461917745,56.5363519445845,15.0001462947609,15.0000564956961,""
169701.253626347,14.9999998050358,7.88051754491809E-07,1.48884910473784,9.85064693114762E-07,1.8610613809223,56.5364566594436,15.0001462341913,15.0000564286735,""
169716.698126554,14.999999834487,7.88644282927088E-07,1.48886126153283,9.85805353658861E-07,1.86107657691604,56.5365991592128,15.0001454989175,15.0000556962563,""
169732.142626524,15.0000001561756,7.86624823128441E-07,1.48887342482369,9.83281028910552E-07,1.86109178102962,56.5367416589799,15.0001447103332,15.0000549112642,""
169747.587126493,15.0000002022712,7.8594106882811E-07,1.48888558022154,9.82426336035139E-07,1.86110697527692,56.536725110029,15.0001465489441,15.0000567461781,""
169763.031626463,14.9999999271386,7.86842911608331E-07,1.48889772624969,9.83553639510416E-07,1.86112215781211,56.5367085610782,15.000148595508,15.0000587884682,""
169778.476126432,14.999999715571,7.87153658700446E-07,1.48890987588065,9.8394207337556E-07,1.86113734485082,56.5367646583154,15.0001503327042,15.0000605251187,""
169793.920626402,14.9999995781551,7.86762175027153E-07,1.48892202979181,9.83452718783944E-07,1.86115253723977,56.5368207555527,15.000152045369,15.0000622375336,""
169809.365126371,14.9999996688564,7.84970403619573E-07,1.48893415654922,9.81213004524469E-07,1.86116769568653,56.5368394210319,15.0001530320311,15.0000632319109,""
169824.809626579,15.0000000258867,7.81513766075251E-07,1.48894625102249,9.76892207594066E-07,1.86118281377811,56.5368580865115,15.0001539610224,15.0000641692501,""
169840.254126549,15.0000002953306,7.78901736186724E-07,1.48895830977953,9.73627170233407E-07,1.86119788722441,56.5367939855254,15.0001511193107,15.0000613297761,""
169855.698626518,15.000000462432,7.77294685244598E-07,1.48897032603887,9.71618356555748E-07,1.86121290754859,56.5367298845393,15.0001479775373,15.0000581897542,""
169871.143126488,15.0000003413455,7.76703069768415E-07,1.48898233532205,9.70878837210519E-07,1.86122791915256,56.5367695078827,15.0001457624332,15.0000559749334,""
169886.587626457,14.9999998832422,7.7732064371213E-07,1.48899433629793,9.71650804640163E-07,1.86124292037242,56.5368091312261,15.0001436212015,15.000053833868,""
169902.032126427,14.9999997106485,7.76466383772116E-07,1.48900632324441,9.70582979715146E-07,1.86125790405551,56.5366693343891,15.0001440584166,15.0000542774507,""
169917.476626396,14.9999998722151,7.73858078404355E-07,1.48901829347146,9.67322598005444E-07,1.86127286683933,56.5365295375521,15.000144701545,15.0000549274417,""
169932.921126604,15.0000000055977,7.73088356065685E-07,1.48903025534974,9.66360445082107E-07,1.86128781918718,56.5365621666134,15.0001444001323,15.0000546186889,""
169948.365626574,15.0000001059666,7.74511465576166E-07,1.48904220727026,9.68139331970208E-07,1.86130275908782,56.5365947956742,15.0001440231559,15.0000542332361,""
169963.810126543,15.0000002424007,7.74801986662842E-07,1.48905416173807,9.68502483328554E-07,1.86131770217259,56.5366400924538,15.0001447937519,15.0000550073992,""
169979.254626513,15.0000004211149,7.73740639835765E-07,1.48906611924637,9.67175799794708E-07,1.86133264905796,56.5366853892334,15.0001456563165,15.0000558744959,""
169994.699126482,15.0000004512441,7.73159682533365E-07,1.48907806923448,9.66449603166709E-07,1.8613475865431,56.5368246499711,15.0001477928939,15.0000580095309,""
170010.143626451,15.0000003070392,7.73152571774625E-07,1.48909001023938,9.66440714718284E-07,1.86136251279923,56.5369639107087,15.0001500317529,15.0000602463597,""
170025.588126421,15.000000199221,7.72522787114001E-07,1.48910194152641,9.65653483892504E-07,1.86137742690801,56.5369061439543,15.0001505343448,15.0000607529642,""
170041.03262639,15.0000001341303,7.71148608171712E-07,1.48911386119591,9.63935760214641E-07,1.86139232649489,56.5368483771998,15.0001508972986,15.0000611204165,""
170056.47712636,15.0000000537438,7.70806380619401E-07,1.48912577747749,9.63507975774253E-07,1.86140722184686,56.5368242162488,15.0001527994438,15.0000630108017,""
170071.921626568,14.9999999553812,7.71698797162958E-07,1.48913768970587,9.64623496453698E-07,1.86142211213234,56.5368000552975,15.0001548255951,15.0000650238829,""
170087.366126537,14.9999998747552,7.71908121997276E-07,1.48914960392928,9.64885152496597E-07,1.8614370049116,56.5368926531796,15.0001590715025,15.0000692750603,""
170102.810626507,14.9999998149907,7.71299544044695E-07,1.48916152054165,9.6412443005587E-07,1.86145190067706,56.5369852510616,15.0001634965598,15.0000737068677,""
170118.255126476,14.9999998924805,7.70103773329531E-07,1.48917341953206,9.62629716661916E-07,1.86146677441508,56.5370225640152,15.0001677650035,15.000077975096,""
170133.699626446,15.0000001315416,7.68204373872493E-07,1.48918529740621,9.60255467340618E-07,1.86148162175777,56.5370598769689,15.0001720207853,15.0000822300992,""
170149.144126415,15.0000002067223,7.66432757067857E-07,1.48919715057376,9.58040946334824E-07,1.8614964382172,56.5371220393106,15.0001705406166,15.0000807515511,""
170164.588626385,15.0000000888292,7.64814381269268E-07,1.48920897411235,9.56017976586588E-07,1.86151121764044,56.5371842016523,15.0001685958943,15.0000788086437,""
170180.033126593,15.0000000850617,7.63702857308373E-07,1.4892207827568,9.54628571635469E-07,1.861525978446,56.5372163488472,15.0001663504803,15.0000765640619,""
170195.477626562,15.0000002158607,7.63199642535895E-07,1.48923257352531,9.53999553169871E-07,1.86154071690663,56.5372484960416,15.0001640806709,15.0000742950049,""
170210.922126532,15.0000001639554,7.62226892218575E-07,1.48924434997889,9.52783615273221E-07,1.86155543747361,56.5372284865199,15.0001613293189,15.0000715449979,""
170226.366626501,14.9999998964443,7.60690177029134E-07,1.48925610923864,9.50862721286418E-07,1.8615701365483,56.5372084769981,15.0001585388306,15.0000687559027,""
170241.811126471,14.9999998882546,7.60664352697291E-07,1.48926787027746,9.50830440871615E-07,1.86158483784682,56.5372074649072,15.000157884789,15.0000680949757,""
170257.25562644,15.0000001863378,7.62454700427709E-07,1.48927963345481,9.53068375534637E-07,1.86159954181852,56.5372064528162,15.0001574046847,15.0000676073122,""
170272.70012641,15.0000002257652,7.62166023701711E-07,1.48929138962511,9.5270752962714E-07,1.86161423703138,56.5371127756429,15.0001570897812,15.0000672982758,""
170288.144626379,14.9999999594539,7.59376288697259E-07,1.48930313736593,9.49220360871575E-07,1.86162892170741,56.5370190984696,15.0001567883508,15.0000670038075,""
170303.589126348,14.9999999590265,7.56437659158348E-07,1.48931484370399,9.45547073947936E-07,1.86164355462999,56.5370229852638,15.000153670008,15.0000638898178,""
170319.033626556,15.0000002731406,7.5331976960512E-07,1.48932650019582,9.41649712006402E-07,1.86165812524478,56.537026872058,15.0001503215303,15.00006054548,""
170334.478126526,15.0000002800975,7.52091831237288E-07,1.48933814219578,9.40114789046612E-07,1.86167267774473,56.5369684227197,15.0001461203411,15.0000563433382,""
170349.922626495,14.9999999233867,7.53141062945767E-07,1.48934976673495,9.4142632868221E-07,1.86168720841868,56.5369099733814,15.0001418493667,15.0000520709945,""
170365.367126465,14.9999997914566,7.52828997603315E-07,1.48936138494171,9.41036247004145E-07,1.86170173117714,56.5369479061754,15.0001423153739,15.0000525416508,""
170380.811626434,14.9999999258815,7.50875442470647E-07,1.4893729955127,9.38594303088311E-07,1.86171624439088,56.5369858389694,15.0001431697231,15.0000534011425,""
170396.256126404,15.00000000114,7.4824551569829E-07,1.48938456828918,9.35306894622864E-07,1.86173071036148,56.5369095555772,15.0001481315687,15.0000583691427,""
170411.700626373,15.000000006231,7.44799361682241E-07,1.48939609545626,9.30999202102803E-07,1.86174511932032,56.536833272185,15.0001534307327,15.0000636745444,""
170427.145126581,14.999999875277,7.42618016576062E-07,1.48940759393869,9.28272520720079E-07,1.86175949242336,56.5369730402563,15.0001568468036,15.000067094317,""
170442.589626551,14.9999995828495,7.41964206177138E-07,1.48941905777772,9.27455257721422E-07,1.86177382222215,56.5371128083255,15.0001601079627,15.0000703589693,""
170458.03412652,14.9999995598609,7.41815619052393E-07,1.48943052027576,9.27269523815492E-07,1.8617881503447,56.536967824529,15.000163149303,15.000073401789,""
170473.47862649,14.9999998569364,7.42277678538476E-07,1.489441981153,9.27847098173096E-07,1.86180247644125,56.5368228407324,15.0001661725289,15.0000764263282,""
170488.923126459,14.9999999965674,7.42586268679723E-07,1.48945344611968,9.28232835849656E-07,1.8618168076496,56.5368996223759,15.0001672681353,15.0000775190899,""
170504.367626429,14.9999999490175,7.42709220029968E-07,1.489464916033,9.28386525037462E-07,1.86183114504125,56.5369764040194,15.0001682046204,15.0000784523872,""
170519.812126398,14.9999998374245,7.42834881104621E-07,1.48947638770639,9.28543601380779E-07,1.86184548463298,56.5368213411121,15.0001698676332,15.0000801147071,""
170535.256626368,14.9999996496298,7.42963822472984E-07,1.48948786151044,9.28704778091232E-07,1.86185982688805,56.5366662782048,15.0001715907226,15.0000818373099,""
170550.701126337,14.9999995790447,7.42481628750818E-07,1.48949932767605,9.28102035938524E-07,1.86187415959506,56.5367376023221,15.0001767030377,15.0000869525648,""
170566.145626545,14.9999996480369,7.41259036783209E-07,1.48951078458775,9.26573795979011E-07,1.86188848073469,56.5368089264405,15.0001820960888,15.0000923488396,""
170581.590126514,14.9999998228141,7.40323472643636E-07,1.48952222886201,9.25404340804545E-07,1.86190278607751,56.5367425821673,15.0001826853455,15.0000929356089,""
170597.034626484,15.0000001236677,7.3973591925804E-07,1.48953365781403,9.2466989907255E-07,1.86191707226754,56.5366762378942,15.0001828760131,15.0000931233153,""
170612.479126453,15.0000001614492,7.38909737123713E-07,1.48954507487988,9.23637171404641E-07,1.86193134359985,56.536612328557,15.0001807429658,15.0000909943731,""
170627.923626423,14.9999998854388,7.37793999320749E-07,1.48955647752287,9.22242499150937E-07,1.86194559690358,56.5365484192199,15.0001784167811,15.0000886728809,""
170643.368126392,14.9999998480665,7.36471477062375E-07,1.48956786140652,9.20589346327969E-07,1.86195982675815,56.5364691609416,15.0001821772029,15.0000924328847,""
170658.812626362,15.0000000955766,7.34897842603398E-07,1.48957922250947,9.1862230325425E-07,1.86197402813683,56.5363899026633,15.0001864443825,15.0000966992207,""
170674.25712657,15.000000251567,7.33908444633046E-07,1.48959057069282,9.17385555791309E-07,1.86198821336603,56.5364340649554,15.0001919164009,15.0001021733121,""
170689.701626539,15.0000002982123,7.33629080837924E-07,1.48960190317435,9.17036351047408E-07,1.86200237896794,56.5364782272468,15.0001974889026,15.0001077481301,""
170705.146126509,15.0000002594446,7.32150188716968E-07,1.489613213234,9.15187735896213E-07,1.8620165165425,56.5364583999881,15.0001962290637,15.0001064909742,""
170720.590626478,15.0000001185438,7.292123421899E-07,1.4896244960225,9.11515427737377E-07,1.86203062002813,56.5364385727294,15.0001943984374,15.0001046630615,""
170736.035126448,15.0000000693982,7.28531443349999E-07,1.48963577273964,9.10664304187499E-07,1.86204471592456,56.5363883919452,15.0001903447652,15.0001006071462,""
170751.479626417,15.0000001300597,7.3059776426477E-07,1.48964704206656,9.13247205330962E-07,1.8620588025832,56.5363382111611,15.0001861050594,15.0000963647824,""
170766.924126387,15.0000000232187,7.30994931891764E-07,1.48965831438879,9.13743664864705E-07,1.86207289298599,56.5363966297198,15.0001849038807,15.000095162633,""
170782.368626356,14.9999997157549,7.29358764912583E-07,1.48966959035987,9.1169845614073E-07,1.86208698794984,56.5364550482785,15.0001839574107,15.0000942153337,""
170797.813126326,14.9999997656427,7.27896938018039E-07,1.48968084624719,9.09871172522549E-07,1.86210105780899,56.5364716814425,15.0001821442053,15.0000924068963,""
170813.257626534,15.0000002438949,7.2664765598917E-07,1.4896920776498,9.08309569986464E-07,1.86211509706224,56.5364883146067,15.0001802582214,15.0000905261505,""
170828.702126503,15.0000004724816,7.28156738224637E-07,1.48970333427452,9.10195922780798E-07,1.86212916784315,56.536563258262,15.0001740576583,15.0000843107714,""
170844.146626472,15.0000004015426,7.33031290802037E-07,1.48971462167288,9.16289113502548E-07,1.8621432770911,56.5366382019173,15.0001674941926,15.0000777308028,""
170859.591126442,15.000000245752,7.33570595501856E-07,1.48972590990774,9.16963244377322E-07,1.86215738738467,56.5366344405363,15.0001641127202,15.0000743568529,""
170875.035626411,14.9999999880802,7.28816327420489E-07,1.48973719916401,9.11020409275614E-07,1.86217149895502,56.5366306791553,15.0001609993406,15.0000712530199,""
170890.480126381,14.9999998877449,7.26549624900324E-07,1.48974846074601,9.08187031125407E-07,1.86218557593252,56.5366653512069,15.0001600521855,15.0000702942989,""
170905.92462635,14.9999999764795,7.27322759527083E-07,1.4897596885097,9.09153449408856E-07,1.86219961063713,56.5367000232584,15.0001592878499,15.0000695166155,""
170921.369126558,14.9999999682712,7.26169776220102E-07,1.48977089726677,9.07712220275128E-07,1.86221362158346,56.536772840038,15.0001563692974,15.0000666105302,""
170936.813626528,14.9999998434712,7.22661204065859E-07,1.48978208277889,9.03326505082324E-07,1.86222760347361,56.5368456568164,15.0001532686322,15.0000635245145,""
170952.258126497,14.9999997817833,7.19683123805553E-07,1.48979322774843,8.9960390475694E-07,1.86224153468554,56.5369475278143,15.0001531294583,15.0000633882148,""
170967.702626467,14.9999997960619,7.17354329851111E-07,1.48980432309659,8.96692912313889E-07,1.86225540387074,56.5370493988123,15.000153241064,15.0000635016975,""
170983.147126436,14.9999998633794,7.14477180511583E-07,1.48981537764023,8.9309647563948E-07,1.86226922205029,56.5369657021773,15.000153981738,15.0000642495646,""
170998.591626406,14.9999999945914,7.10928354075872E-07,1.48982638220267,8.88660442594841E-07,1.86228297775333,56.5368820055423,15.0001547757712,15.0000650512417,""
171014.036126375,15.0000000971083,7.09981084303826E-07,1.48983737769562,8.87476355379784E-07,1.86229672211953,56.5368361035282,15.0001539158503,15.0000641911151,""
171029.480626345,15.0000001650286,7.12222947679143E-07,1.48984836207071,8.90278684598931E-07,1.86231045258838,56.5367902015142,15.0001529154011,15.0000631897932,""
171044.925126314,15.0000002070381,7.12996200384943E-07,1.48985935486234,8.91245250481181E-07,1.86232419357793,56.5369776356998,15.0001500880516,15.0000603641109,""
171060.369626522,15.0000002177821,7.11967734302112E-07,1.48987035797973,8.89959667877642E-07,1.86233794747467,56.5371650698883,15.0001471052188,15.0000573831615,""
171075.814126492,15.0000001400471,7.10194723890694E-07,1.48988133533528,8.8774340486337E-07,1.8623516691691,56.5371819090315,15.0001489925991,15.0000592778205,""
171091.258626461,14.9999999554595,7.07507575281755E-07,1.48989228106112,8.84384469102196E-07,1.8623653513264,56.5371987481748,15.0001512951658,15.0000615881259,""
171106.703126431,14.9999999157203,7.06100213419514E-07,1.48990320930876,8.82625266774394E-07,1.86237901163596,56.5372283683638,15.0001553069572,15.0000656004969,""
171122.1476264,15.0000000510531,7.06265385082131E-07,1.48991411608014,8.82831731352664E-07,1.86239264510018,56.5372579885528,15.000159464704,15.0000697582119,""
171137.592126608,15.0000000385624,7.07464771036216E-07,1.48992504111457,8.8433096379527E-07,1.86240630139321,56.5371704451679,15.0001586033832,15.0000688904618,""
171153.036626577,14.9999998472561,7.09935942449164E-07,1.4899359886069,8.87419928061455E-07,1.86241998575863,56.5370829017843,15.0001573127544,15.0000675928565,""
171168.481126547,14.9999997741897,7.11139398543625E-07,1.48994695074063,8.88924248179532E-07,1.86243368842579,56.5372705616578,15.0001553980201,15.0000656737768,""
171183.925626516,14.999999844271,7.10782705340899E-07,1.4899579308932,8.88478381676126E-07,1.8624474136165,56.5374582215313,15.0001534298137,15.0000637014502,""
171199.370126486,15.0000000526084,7.10890660958938E-07,1.48996891328513,8.88613326198674E-07,1.86246114160641,56.537432598197,15.000149600335,15.0000598677475,""
171214.814626455,15.0000004284646,7.11570898938921E-07,1.48997989843517,8.89463623673653E-07,1.86247487304396,56.5374069748626,15.0001456111205,15.0000558743,""
171230.259126425,15.0000004187889,7.11936951528141E-07,1.48999088814455,8.89921189410178E-07,1.86248861018069,56.5372807890959,15.0001413252503,15.0000515834475,""
171245.703626394,14.999999941595,7.11915735204415E-07,1.49000188347384,8.89894669005521E-07,1.86250235434229,56.5371546033291,15.0001370138785,15.000047267029,""
171261.148126364,14.9999997230479,7.10207267934053E-07,1.49001285244841,8.87759084917568E-07,1.86251606556051,56.5372002338463,15.0001351019164,15.000045359314,""
171276.592626572,14.9999998184101,7.06417439254968E-07,1.49002378891246,8.83021799068711E-07,1.86252973614058,56.5372458643642,15.0001333965585,15.0000436590035,""
171292.037126541,14.9999998296194,7.04210633503096E-07,1.49003469743447,8.8026329187887E-07,1.86254337179308,56.5371312567353,15.0001339489759,15.0000442084847,""
171307.481626511,14.9999997386112,7.03958149885045E-07,1.4900455714608,8.79947687356307E-07,1.862556964326,56.5370166491065,15.0001346961242,15.0000449520083,""
171322.92612648,14.9999997187621,7.0267343333212E-07,1.49005642605426,8.7834179166515E-07,1.86257053256783,56.5369852045186,15.0001395759751,15.0000498341285,""
171338.37062645,14.9999997854189,7.00113371186983E-07,1.49006725663801,8.75141713983729E-07,1.86258407079752,56.5369537599308,15.0001448128581,15.0000550737901,""
171353.815126419,14.9999998975919,6.97066757613445E-07,1.49007804434512,8.71333447016807E-07,1.8625975554314,56.5370477853636,15.0001496487031,15.0000599210917,""
171369.259626389,15.0000000651431,6.93418526910752E-07,1.49008877903558,8.66773158638441E-07,1.86261097379447,56.5371418107964,15.0001544498443,15.0000647344405,""
171384.704126596,15.0000000405494,6.89378127638919E-07,1.49009945729874,8.61722659548651E-07,1.86262432162342,56.5369035611768,15.0001565726802,15.0000668697941,""
171400.148626566,14.9999997819848,6.84852433885016E-07,1.49011006573476,8.56065542356273E-07,1.86263758216845,56.5366653115608,15.0001584633666,15.000068773025,""
171415.593126535,14.9999997084533,6.81607845698967E-07,1.49012063150099,8.52009807123712E-07,1.86265078937624,56.536787937371,15.0001564416432,15.0000667598217,""
171431.037626505,14.9999998604188,6.79949826270922E-07,1.49013114442338,8.49937282838656E-07,1.86266393052922,56.5369105631812,15.0001540802417,15.0000644065907,""
171446.482126474,14.9999999955704,6.78431629520483E-07,1.49014163663359,8.48039536900606E-07,1.86267704579199,56.5368452535704,15.0001492815607,15.0000596179275,""
171461.926626444,15.0000001102144,6.77086730518229E-07,1.4901521031729,8.46358413147786E-07,1.86269012896612,56.5367799439596,15.0001442709249,15.0000546174701,""
171477.371126413,15.000000159389,6.78269360435266E-07,1.49016259020801,8.47836700544082E-07,1.86270323776001,56.536826349069,15.0001393238901,15.0000496638236,""
171492.815626383,15.000000128645,6.82587100419037E-07,1.49017310266582,8.53233875523796E-07,1.86271637833228,56.5368727541784,15.0001343823955,15.0000447142545,""
171508.260126352,15.0000000273552,6.85744380127498E-07,1.49018365670927,8.57180475159373E-07,1.86272957088659,56.5369561559543,15.0001348569755,15.0000451844428,""
171523.70462656,14.999999839879,6.87461109916362E-07,1.49019426237567,8.59326387395454E-07,1.86274282796958,56.5370395577314,15.0001358041072,15.0000461275042,""
171539.14912653,14.9999997808146,6.8786761771098E-07,1.49020487145507,8.59834522138727E-07,1.86275608931884,56.5369563613449,15.0001391204321,15.0000494403522,""
171554.593626499,14.9999998787622,6.86646388148357E-07,1.4902154847748,8.58307985185448E-07,1.8627693559685,56.5368731649584,15.0001426438078,15.0000529603028,""
171570.038126469,14.9999998722638,6.83775582738878E-07,1.490226055798,8.547194784236E-07,1.8627825697475,56.5369721525642,15.0001480203821,15.0000583494169,""
171585.482626438,14.9999997379512,6.78853836249168E-07,1.49023657423332,8.48567295311462E-07,1.86279571779165,56.5370711401701,15.0001535591781,15.0000639021503,""
171600.927126408,14.9999996844268,6.75487178442149E-07,1.49024704894219,8.44358973052688E-07,1.86280881117774,56.5371520258377,15.0001603120621,15.000070659416,""
171616.371626377,14.9999997298473,6.74055505292591E-07,1.49025746924259,8.42569381615741E-07,1.86282183655324,56.5372329115054,15.0001671713965,15.0000775222942,""
171631.816126585,14.9999999058635,6.72239826557438E-07,1.49026786391385,8.40299783196798E-07,1.86283482989231,56.5371648320751,15.0001713646225,15.0000817217776,""
171647.260626554,15.0000002419584,6.69945956893194E-07,1.49027822666951,8.37432446116493E-07,1.86284778333689,56.5370967526459,15.000175323704,15.0000856873549,""
171662.705126524,15.0000003308705,6.68128492516263E-07,1.49028856523684,8.35160615645329E-07,1.86286070654605,56.5370223759092,15.0001746160883,15.0000849856537,""
171678.149626493,15.0000001165453,6.66904748494529E-07,1.49029887365945,8.3363093561816E-07,1.86287359207431,56.5369479991725,15.0001734979629,15.0000838733917,""
171693.594126463,15.0000000561878,6.66780875819194E-07,1.49030918224823,8.33476094773992E-07,1.86288647781028,56.5369491371821,15.0001736132253,15.0000839869578,""
171709.038626432,15.0000001848701,6.68028796868791E-07,1.49031949104427,8.35035996085989E-07,1.86289936380534,56.5369502751917,15.0001738371603,15.0000842085306,""
171724.483126402,15.0000001857187,6.69588817371532E-07,1.4903298218083,8.36986021714417E-07,1.86291227726038,56.5369932660125,15.0001736137344,15.0000839783291,""
171739.927626371,15.0000000294846,6.71538404322962E-07,1.49034017999305,8.39423005403704E-07,1.86292522499132,56.5370362568332,15.0001733508278,15.0000837082575,""
171755.372126341,14.9999999901493,6.73334060551034E-07,1.49035056257717,8.41667575688794E-07,1.86293820322146,56.5370057772218,15.000172556395,15.0000829103809,""
171770.816626549,15.0000000945786,6.74937427349924E-07,1.49036097564101,8.43671784187407E-07,1.86295121955126,56.5369752976099,15.0001717149776,15.0000820658486,""
171786.261126518,15.0000002233262,6.74238760129566E-07,1.49037137515959,8.42798450161959E-07,1.86296421894949,56.5370560947355,15.0001693024222,15.0000796571984,""
171801.705626488,15.0000003820059,6.70662141160054E-07,1.49038175774441,8.3832767645007E-07,1.86297719718052,56.537136891861,15.0001667507596,15.0000771100624,""
171817.150126457,15.0000003475144,6.6852292002426E-07,1.49039211345044,8.35653650030327E-07,1.86299014181305,56.5370752005932,15.000166046773,15.0000764007896,""
171832.594626427,15.0000000750634,6.68182116052125E-07,1.49040243552675,8.35227645065158E-07,1.86300304440843,56.5370135093253,15.0001655066433,15.0000758545034,""
171848.039126396,15.000000033056,6.67466998313648E-07,1.4904127471467,8.34333747892061E-07,1.86301593393338,56.5370292266878,15.0001676892185,15.0000780384292,""
171863.483626366,15.0000002751576,6.66283184885773E-07,1.49042304567377,8.32853981107216E-07,1.86302880709221,56.5370449440502,15.0001701136412,15.0000804648693,""
171878.928126574,15.0000002329067,6.65988946587165E-07,1.49043334171047,8.32486183233956E-07,1.86304167713809,56.536993722853,15.0001727220674,15.0000830716217,""
171894.372626543,14.9999998397936,6.66809463516961E-07,1.49044363462606,8.33511829396202E-07,1.86305454328257,56.5369425016566,15.0001753468642,15.0000856944165,""
171909.817126513,14.9999997096777,6.65861442295532E-07,1.49045391146974,8.32326802869417E-07,1.86306738933717,56.5368805345395,15.0001760863703,15.000086437797,""
171925.261626482,14.9999999043429,6.62695464203351E-07,1.49046416815733,8.28369330254191E-07,1.86308021019667,56.5368185674224,15.000176657872,15.0000870136968,""
171940.706126451,15.0000000518423,6.62058017157265E-07,1.49047442053087,8.27572521446584E-07,1.86309302566358,56.5368144883642,15.0001744950391,15.0000848414803,""
171956.150626421,15.0000001410478,6.64594145005681E-07,1.4904846674898,8.30742681257104E-07,1.86310583436225,56.536810409306,15.0001720881479,15.0000824239753,""
171971.59512639,15.0000000836484,6.64789459928843E-07,1.49049491301894,8.30986824911056E-07,1.86311864127367,56.5367939954193,15.0001696600223,15.0000799990968,""
171987.03962636,14.9999998449038,6.62044492777168E-07,1.49050515675214,8.27555615971461E-07,1.86313144594017,56.5367775815325,15.0001672299983,15.0000775735591,""
172002.484126329,14.9999996577604,6.59021707163862E-07,1.49051535862464,8.23777133954828E-07,1.8631441982808,56.5369139595534,15.0001634259246,15.0000737769108,""
172017.928626537,14.9999995344991,6.55649680476737E-07,1.49052550787491,8.19562100595921E-07,1.86315688484363,56.5370503375764,15.0001594988126,15.0000698574874,""
172033.373126507,14.9999996971223,6.54096765553503E-07,1.49053563909137,8.17620956941878E-07,1.86316954886421,56.536955823441,15.0001549969165,15.000065353494,""
172048.817626476,15.0000002139612,6.54832426844897E-07,1.49054574762018,8.18540533556121E-07,1.86318218452523,56.5368613093056,15.0001504434692,15.0000607970718,""
172064.262126446,15.0000003225271,6.54249814769256E-07,1.49055584584688,8.1781226846157E-07,1.8631948073086,56.536847169912,15.000145577497,15.0000559341513,""
172079.706626415,14.9999999248169,6.52007411683033E-07,1.49056593110256,8.15009264603792E-07,1.8632074138782,56.5368330305183,15.0001406834502,15.0000510436975,""
172095.151126385,14.9999995910955,6.51669724068658E-07,1.49057601512777,8.14587155085824E-07,1.86322001890971,56.5368348315246,15.0001380206343,15.0000483779552,""
172110.595626354,14.9999993367887,6.53732084951678E-07,1.49058609760252,8.17165106189599E-07,1.86323262200314,56.536836632531,15.0001355585745,15.0000459123823,""
172126.040126562,14.9999993811916,6.54720254449142E-07,1.49059619166285,8.18400318061429E-07,1.86324523957856,56.5369075817022,15.0001383021102,15.000048655254,""
172141.484626532,14.9999997966214,6.54353816212336E-07,1.49060630033281,8.17942270265422E-07,1.86325787541602,56.5369785308722,15.0001415147707,15.0000518675072,""
172156.929126501,14.9999999977926,6.52810425784632E-07,1.49061638581925,8.16013032230791E-07,1.86327048227406,56.5369949455255,15.0001406438266,15.0000509995277,""
172172.373626471,14.999999932613,6.49781672029844E-07,1.49062644204708,8.12227090037306E-07,1.86328305255885,56.5370113601788,15.0001394042833,15.0000497632533,""
172187.81812644,14.9999999027782,6.46949723062801E-07,1.49063645997019,8.08687153828501E-07,1.86329557496274,56.5369233612679,15.0001377942303,15.0000481585249,""
172203.26262641,14.9999999169178,6.44366345736569E-07,1.49064642951305,8.05457932170711E-07,1.86330803689131,56.536835362357,15.0001361506805,15.0000465204855,""
172218.707126379,15.0000000258952,6.42596700816258E-07,1.49065637637544,8.03245876020323E-07,1.8633204704693,56.5368511313598,15.0001367236758,15.0000470967213,""
172234.151626348,15.0000002529637,6.41855639522236E-07,1.49066629456902,8.02319549402795E-07,1.86333286821127,56.5368669003625,15.0001374973817,15.000047873462,""
172249.596126318,15.0000002801359,6.40761608067753E-07,1.49067619720352,8.00952010084692E-07,1.8633452465044,56.5370074174138,15.000139688481,15.0000500678964,""
172265.040626526,15.000000058193,6.3922105949073E-07,1.4906860801555,7.99026324363413E-07,1.86335760019438,56.5371479344672,15.0001420081311,15.0000523909087,""
172280.485126495,15.0000000076868,6.39315190243046E-07,1.49069596735478,7.9914398780381E-07,1.86336995919347,56.5372241657653,15.0001451517642,15.000055529262,""
172295.929626465,15.0000001710057,6.41478865665684E-07,1.49070585993142,8.01848582082107E-07,1.86338232491428,56.5373003970633,15.0001483702471,15.0000587416802,""
172311.374126434,15.0000002894311,6.41631859156296E-07,1.4907157509348,8.02039823945372E-07,1.8633946886685,56.537168166948,15.0001506041415,15.0000609789121,""
172326.818626404,15.0000003518164,6.39237272911408E-07,1.4907256399448,7.99046591139262E-07,1.863407049931,56.5370359368327,15.0001527484549,15.0000631274185,""
172342.263126612,15.0000003164777,6.35665415046918E-07,1.49073547815491,7.94581768808649E-07,1.86341934769364,56.5370090497397,15.0001507266312,15.000061118854,""
172357.707626581,15.0000001590501,6.30600751652732E-07,1.49074525194934,7.88250939565916E-07,1.86343156493668,56.5369821626472,15.0001483251589,15.0000587314672,""
172373.152126551,15.0000000975729,6.26621083176195E-07,1.49075497354882,7.83276353970244E-07,1.86344371693603,56.5367990071988,15.0001458734931,15.0000562876292,""
172388.59662652,15.0000001560683,6.24018296065453E-07,1.49076462891181,7.80022870081815E-07,1.86345578613976,56.5366158517504,15.0001434172461,15.0000538386389,""
172404.04112649,15.000000132383,6.23150077136935E-07,1.49077427564644,7.78937596421169E-07,1.86346784455805,56.5366696860678,15.0001415623365,15.0000519864526,""
172419.485626459,15.0000000058573,6.24484797149036E-07,1.49078391142286,7.80605996436295E-07,1.86347988927858,56.5367235203852,15.0001397623985,15.0000501888236,""
172434.930126429,15.000000015377,6.24971980972172E-07,1.49079355226402,7.81214976215216E-07,1.86349194033002,56.5365917621293,15.0001394296733,15.0000498568465,""
172450.374626398,15.0000001952847,6.24381926874254E-07,1.49080319954255,7.8047740859282E-07,1.86350399942819,56.5364600038735,15.0001392312856,15.0000496590642,""
172465.819126368,15.0000002910981,6.25310786587783E-07,1.49081286225945,7.81638483234731E-07,1.86351607782431,56.5364216811909,15.0001379626519,15.0000483854359,""
172481.263626575,15.0000002815017,6.28171743096243E-07,1.49082254461449,7.85214678870306E-07,1.86352818076812,56.5363833585077,15.0001365958723,15.0000470131482,""
172496.708126545,15.0000002247162,6.29592841123025E-07,1.49083224361167,7.86991051403784E-07,1.86354030451459,56.5364610822504,15.0001326513269,15.0000430663229,""
172512.152626514,15.0000001087313,6.29180958544642E-07,1.49084196379496,7.86476198180805E-07,1.8635524547437,56.5365388059931,15.0001284700181,15.0000388830308,""
172527.597126484,14.9999999633957,6.28581551801044E-07,1.49085167548646,7.85726939751306E-07,1.86356459435807,56.536518063257,15.0001258612183,15.0000362749787,""
172543.041626453,14.9999997812087,6.27743233197405E-07,1.49086137635914,7.84679041496757E-07,1.86357672044892,56.5364973205209,15.0001233970778,15.0000338118371,""
172558.486126423,14.9999997063339,6.27716748161116E-07,1.49087107838814,7.84645935201394E-07,1.86358884798518,56.5364773690186,15.000126106743,15.0000365168879,""
172573.930626392,14.9999997663068,6.28725381218923E-07,1.4908807818915,7.85906726523653E-07,1.86360097736437,56.5364574175164,15.0001292931073,15.0000396981205,""
172589.3751266,14.9999998433891,6.27559301305129E-07,1.49089046549424,7.8444912663141E-07,1.8636130818678,56.5366370293987,15.0001330225445,15.0000434312911,""
172604.81962657,14.9999999419886,6.2361819397012E-07,1.4909001237026,7.79522742462649E-07,1.86362515462825,56.5368166412782,15.0001368020972,15.0000472153953,""
172620.264126539,14.9999999464538,6.20375532755889E-07,1.49090973923143,7.75469415944862E-07,1.86363717403928,56.5367447353345,15.0001381898497,15.0000486077785,""
172635.708626509,14.9999998324341,6.18024821995089E-07,1.49091930025636,7.72531027493864E-07,1.86364912532045,56.5366728293908,15.000139356538,15.0000497791049,""
172651.153126478,14.9999999157455,6.15741246748834E-07,1.49092883044105,7.69676558436045E-07,1.86366103805131,56.5365957938414,15.0001411216119,15.0000515486869,""
172666.597626448,15.0000002476396,6.13543474546596E-07,1.49093832121012,7.66929343183246E-07,1.86367290151264,56.5365187582919,15.0001429420785,15.0000533736497,""
172682.042126417,15.0000003106992,6.12444824587397E-07,1.49094779916614,7.65556030734248E-07,1.86368474895767,56.5365991745664,15.0001410053363,15.0000514384274,""
172697.486626387,15.0000000348203,6.12752024445913E-07,1.49095726073343,7.65940030557392E-07,1.86369657591678,56.5366795908408,15.0001387202451,15.0000491545802,""
172712.931126356,14.9999999792824,6.1299904450208E-07,1.49096672553333,7.66248805627601E-07,1.86370840691666,56.5366995453872,15.000135990249,15.0000464244342,""
172728.375626564,15.0000002017745,6.13169029881266E-07,1.49097619447137,7.66461287351582E-07,1.86372024308921,56.5367194999339,15.0001332189392,15.0000436528451,""
172743.820126534,15.0000003214236,6.13569921003247E-07,1.49098566927788,7.66962401254059E-07,1.86373208659736,56.5368134850535,15.0001317877604,15.0000422177255,""
172759.264626503,15.000000311196,6.14266622131263E-07,1.49099515160262,7.67833277664079E-07,1.86374393950327,56.5369074701731,15.000130481219,15.000040906903,""
172774.709126472,15.0000002345131,6.14419346505892E-07,1.4910046349561,7.68024183132365E-07,1.86375579369512,56.5368949785852,15.0001302331872,15.0000406557867,""
172790.153626442,15.0000000738366,6.13874640085337E-07,1.49101411962854,7.67343300106672E-07,1.86376764953568,56.5368824869973,15.000130083754,15.0000405033806,""
172805.598126411,14.9999999244849,6.12374819946949E-07,1.49102358217805,7.65468524933686E-07,1.86377947772256,56.5368560082513,15.0001320599234,15.0000424869013,""
172821.042626381,14.9999997894587,6.09649485028828E-07,1.49103301634143,7.62061856286037E-07,1.86379127042679,56.5368295295054,15.0001342343973,15.0000446696897,""
172836.487126589,14.9999998131145,6.08100375905319E-07,1.49104243181368,7.60125469881651E-07,1.8638030397671,56.5368055891368,15.0001377232538,15.0000481539934,""
172851.931626558,15.0000000376639,6.08061683981288E-07,1.49105182328391,7.60077104976612E-07,1.86381477910488,56.5367816487685,15.0001413349235,15.0000517599082,""
172867.376126528,15.0000000066855,6.07146227803743E-07,1.49106120068857,7.5893278475468E-07,1.86382650086071,56.5368855080197,15.0001444021449,15.0000548330189,""
172882.820626497,14.9999996519374,6.05104010671606E-07,1.49107056001707,7.56380013339508E-07,1.86383820002134,56.5369893672708,15.0001474184154,15.0000578562684,""
172898.265126467,14.9999995406382,6.02219900203786E-07,1.49107987874588,7.52774875254732E-07,1.86384984843235,56.5368679460811,15.0001515478301,15.0000619962488,""
172913.709626436,14.9999997380605,5.98252988311976E-07,1.49108914525737,7.4781623538997E-07,1.86386143157172,56.5367465248915,15.0001557815771,15.0000662408977,""
172929.154126406,14.9999998107503,5.97224982358361E-07,1.49109840358344,7.46531227947951E-07,1.86387300447929,56.5367634345976,15.0001592715169,15.0000697212456,""
172944.598626375,14.9999997251338,5.99979836321028E-07,1.49110765137348,7.49974795401285E-07,1.86388456421686,56.5367803443037,15.0001626916337,15.0000731298468,""
172960.043126345,14.9999997481681,6.02096016165048E-07,1.49111692649095,7.52620020206311E-07,1.86389615811369,56.5368322998103,15.0001669020231,15.0000773395195,""
172975.487626553,14.9999999092132,6.03389467134117E-07,1.49112623681126,7.54236833917646E-07,1.86390779601408,56.5368842553177,15.0001711867118,15.0000816245069,""
172990.932126522,14.9999999951305,6.01639144336706E-07,1.49113551757199,7.52048930420882E-07,1.86391939696499,56.5368159939161,15.0001750861181,15.0000855346518,""
173006.376626492,14.9999999855394,5.95964788396077E-07,1.4911447602247,7.44955985495098E-07,1.86393095028087,56.5367477325144,15.0001789492453,15.0000894095008,""
173021.821126461,15.0000000316341,5.92930161791589E-07,1.49115396711115,7.41162702239488E-07,1.86394245888894,56.5366175510238,15.0001796246305,15.0000900839393,""
173037.265626431,15.0000001485799,5.93301362741411E-07,1.49116312785133,7.41626703426766E-07,1.86395390981416,56.5364873695332,15.000179999389,15.0000904565563,""
173052.7101264,15.0000002303038,5.93788993824441E-07,1.49117229539466,7.42236242280553E-07,1.86396536924333,56.5365410839039,15.0001755506193,15.0000860057783,""
173068.154626369,15.0000002671765,5.94426963892201E-07,1.4911814717225,7.43033704865252E-07,1.86397683965312,56.5365947982746,15.0001706462573,15.0000810994205,""
173083.599126577,15.0000002580982,5.93130982771558E-07,1.49119062677637,7.41413728464449E-07,1.86398828347046,56.5364510350117,15.0001628359582,15.000073299316,""
173099.043626547,15.0000001904576,5.89335837967875E-07,1.49119975433848,7.36669797459844E-07,1.8639996929231,56.536307271751,15.0001547507661,15.0000652254714,""
173114.488126516,15.0000001419107,5.87558999741466E-07,1.49120886195222,7.34448749676833E-07,1.86401107744027,56.5362465191345,15.0001504520946,15.0000609223806,""
173129.932626486,15.0000001177181,5.88392394996263E-07,1.49121794376714,7.35490493745328E-07,1.86402242970893,56.536185766518,15.0001465121661,15.0000569765391,""
173145.377126455,15.0000000631213,5.8902222803135E-07,1.49122703365924,7.36277785039187E-07,1.86403379207405,56.5362766434413,15.0001444992319,15.0000549653279,""
173160.821626425,14.9999999697116,5.89388590281734E-07,1.49123613400562,7.36735737852166E-07,1.86404516750702,56.5363675203647,15.000142669145,15.0000531376884,""
173176.266126394,14.9999999368309,5.88803362289839E-07,1.49124522458448,7.36004202862299E-07,1.8640565307306,56.5363361293176,15.0001418089564,15.0000522779043,""
173191.710626364,14.9999999812839,5.86985516687229E-07,1.49125430251125,7.33731895859038E-07,1.86406787813906,56.5363047382705,15.0001410409396,15.0000515100978,""
173207.155126333,15.0000001570492,5.86557741077569E-07,1.49126337745417,7.33197176346963E-07,1.86407922181771,56.5363944992051,15.0001413058017,15.0000517699108,""
173222.599626541,15.0000005007225,5.8793197973533E-07,1.49127244852913,7.34914974669164E-07,1.86409056066141,56.536484260141,15.0001416689708,15.0000521275301,""
173238.044126511,15.0000003651613,5.87262191117384E-07,1.49128150651083,7.34077738896731E-07,1.86410188313853,56.5364963523918,15.0001419770066,15.0000524410946,""
173253.48862648,14.9999996162973,5.83940537705243E-07,1.49129054750587,7.29925672131555E-07,1.86411318438234,56.5365084446425,15.000142279787,15.0000527504597,""
173268.93312645,14.999999433283,5.8192992868446E-07,1.49129956410608,7.27412410855576E-07,1.8641244551326,56.5365391107586,15.0001488302754,15.0000593022442,""
173284.377626419,14.9999999750201,5.81621577329437E-07,1.49130854903207,7.27026971661796E-07,1.86413568629009,56.5365697768748,15.00015597722,15.0000664499801,""
173299.822126389,15.0000002292051,5.80942397277614E-07,1.49131752408765,7.26177996597018E-07,1.86414690510956,56.5365981527401,15.0001620439766,15.0000725193519,""
173315.266626358,15.0000001147816,5.79781353229601E-07,1.49132648631736,7.24726691537001E-07,1.8641581078967,56.5366265286054,15.0001680074529,15.0000784856179,""
173330.711126566,14.9999999752132,5.78012420073547E-07,1.49133542356649,7.22515525091934E-07,1.86416927945811,56.5366041977321,15.0001654976272,15.0000759810545,""
173346.155626535,14.999999803385,5.75452956232911E-07,1.49134432832923,7.19316195291139E-07,1.86418041041154,56.5365818668591,15.0001621764096,15.000072665336,""
173361.600126505,14.9999997787592,5.7429806235346E-07,1.49135322043215,7.17872577941825E-07,1.86419152554018,56.5365591055827,15.0001549371205,15.0000654213803,""
173377.044626474,14.9999999431439,5.74971189054615E-07,1.49136209605853,7.18713986318271E-07,1.86420262007316,56.5365363443064,15.0001473220728,15.0000578006909,""
173392.489126444,15.0000000461483,5.75398292934543E-07,1.49137097691596,7.1924786616818E-07,1.86421372114495,56.5364289376984,15.000141275632,15.0000517551386,""
173407.933626413,15.0000000702737,5.75504949619626E-07,1.49137986458688,7.19381187024534E-07,1.86422483073359,56.5363215310905,15.0001353798548,15.0000458608772,""
173423.378126383,15.0000000023744,5.73997243200965E-07,1.49138872875268,7.17496554001207E-07,1.86423591094085,56.5363118204696,15.0001291181596,15.0000396089844,""
173438.822626352,14.9999998161172,5.70385149413292E-07,1.49139756227861,7.12981436766615E-07,1.86424695284827,56.5363021098487,15.000122821265,15.0000333226893,""
173454.267126322,14.9999998039683,5.69363330254077E-07,1.49140638739504,7.11704162817596E-07,1.8642579842438,56.5364841428438,15.0001150132448,15.0000255066575,""
173469.71162653,15.000000015936,5.71720709556086E-07,1.49141520154079,7.14650886945107E-07,1.86426900192599,56.5366661758417,15.0001070596422,15.0000175432503,""
173485.156126499,15.0000000756761,5.71861339144464E-07,1.49142401303222,7.14826673930581E-07,1.86428001629027,56.536605165582,15.0001069615179,15.0000174509521,""
173500.600626469,14.9999999393022,5.69107772565402E-07,1.49143282105832,7.11384715706753E-07,1.86429102632291,56.5365441553224,15.000107621336,15.0000181181044,""
173516.045126438,14.999999908232,5.67075576604209E-07,1.49144160334914,7.08844470755262E-07,1.86430200418642,56.5366885041126,15.0001127465881,15.0000232420718,""
173531.489626408,15.0000000129373,5.65985949856055E-07,1.49145035201328,7.07482437320069E-07,1.8643129400166,56.5368328529029,15.0001183033413,15.0000287967074,""
173546.934126377,15.0000000799491,5.65279653527643E-07,1.49145909201188,7.06599566909554E-07,1.86432386501486,56.5367510075862,15.0001200379982,15.0000305368126,""
173562.378626347,15.0000000983196,5.65074627083156E-07,1.49146782067881,7.06343283853946E-07,1.86433477584852,56.5366691622695,15.0001214027641,15.000031907759,""
173577.823126554,15.0000001275566,5.62591994540409E-07,1.49147651142259,7.03239993175512E-07,1.86434563927823,56.5366334948975,15.0001193332868,15.000029848742,""
173593.267626524,15.0000001708277,5.57128646622138E-07,1.4914851525358,6.96410808277673E-07,1.86435644066976,56.5365978275262,15.0001169309537,15.0000274572841,""
173608.712126493,15.000000249932,5.55412200693632E-07,1.49149377845326,6.94265250867039E-07,1.86436722306657,56.5366505926738,15.0001167962474,15.0000273133686,""
173624.156626463,15.0000003753538,5.58603226702408E-07,1.49150238446819,6.9825403337801E-07,1.86437798058524,56.5367033578214,15.0001168816558,15.0000273876183,""
173639.601126432,15.0000002603003,5.60559103534939E-07,1.49151101406475,7.00698879418674E-07,1.86438876758094,56.5368120000528,15.0001186964429,15.0000292029682,""
173655.045626402,14.9999998341519,5.60895974058844E-07,1.49151967457158,7.01119967573556E-07,1.86439959321447,56.5369206422843,15.0001206793499,15.0000311875774,""
173670.490126371,14.9999997239612,5.5998710412335E-07,1.49152832033818,6.99983880154187E-07,1.86441040042272,56.537008536645,15.0001272927988,15.0000378068194,""
173685.934626579,15.0000000228546,5.57444052344312E-07,1.49153694676846,6.9680506543039E-07,1.86442118346058,56.5370964310072,15.0001343570763,15.0000448772883,""
173701.379126549,15.0000001365219,5.55624893661452E-07,1.49154555041319,6.94531117076816E-07,1.86443193801649,56.5369884387603,15.0001415003322,15.0000520203762,""
173716.823626518,15.0000000101694,5.54756100986117E-07,1.49155412414399,6.93445126232648E-07,1.86444265517999,56.5368804465134,15.0001486512888,15.0000591705447,""
173732.268126488,14.9999998490208,5.53926523438863E-07,1.49156268688156,6.92408154298581E-07,1.86445335860195,56.5368802455135,15.0001512982253,15.0000618179437,""
173747.712626457,14.9999996427453,5.53148470404467E-07,1.49157123517518,6.91435588005586E-07,1.86446404396898,56.5368800445136,15.0001535053379,15.000064025641,""
173763.157126427,14.9999996938685,5.52699892715058E-07,1.49157977817503,6.90874865893824E-07,1.86447472271879,56.5369364744585,15.0001579603939,15.0000684825924,""
173778.601626396,15.0000000790904,5.5268455344355E-07,1.49158831421391,6.90855691804438E-07,1.86448539276739,56.5369929044035,15.0001626352926,15.0000731595147,""
173794.046126604,15.0000002469012,5.51872352757257E-07,1.49159683774,6.89840440946572E-07,1.864496047175,56.5369971272097,15.0001634895797,15.0000740129026,""
173809.490626574,15.0000001322815,5.50011501903232E-07,1.49160534479926,6.8751437737904E-07,1.86450668099907,56.5370013500158,15.000163969664,15.0000744918014,""
173824.935126543,14.9999999823577,5.48127053363292E-07,1.49161382668394,6.85158816704116E-07,1.86451728335492,56.5370743728097,15.0001628161172,15.0000733446432,""
173840.379626513,14.9999997865333,5.46211526247712E-07,1.49162227541325,6.8276440780964E-07,1.86452784426657,56.5371473956035,15.000161502329,15.0000720379866,""
173855.824126482,14.9999996895876,5.45513236080795E-07,1.49163071741645,6.81891545100993E-07,1.86453839677056,56.5372146796216,15.0001609370274,15.0000714681454,""
173871.268626451,14.9999997213059,5.46419338740105E-07,1.49163915055419,6.83024173425131E-07,1.86454893819274,56.5372819636398,15.0001604452535,15.0000709706853,""
173886.713126421,14.9999998436782,5.47472703995067E-07,1.49164759803644,6.84340879993834E-07,1.86455949754555,56.5371885743535,15.0001598756564,15.0000703966231,""
173902.15762639,15.0000000841103,5.48720324143463E-07,1.49165606444059,6.85900405179331E-07,1.86457008055074,56.5370951850672,15.0001592984029,15.0000698150247,""
173917.60212636,15.0000001472389,5.48298322866546E-07,1.4916645216674,6.85372903583185E-07,1.86458065208424,56.5371494957401,15.000155567101,15.0000660896917,""
173933.046626568,14.9999999792705,5.4567216963927E-07,1.49167296677885,6.82090212049088E-07,1.86459120847357,56.537203806414,15.0001515250396,15.0000620546154,""
173948.491126537,14.9999999550223,5.43769399853865E-07,1.491681388113,6.79711749817331E-07,1.86460173514126,56.5373019232943,15.0001462103965,15.0000567379562,""
173963.935626507,15.0000001182548,5.42822361859846E-07,1.49168977803282,6.78527952324807E-07,1.86461222254103,56.5374000401746,15.0001407701836,15.0000512948392,""
173979.380126476,15.0000001292686,5.41359926603584E-07,1.4916981473937,6.7669990825448E-07,1.86462268424212,56.5374929912942,15.0001346018472,15.000045132537,""
173994.824626446,14.9999999415504,5.3921601051464E-07,1.49170648957064,6.740200131433E-07,1.8646331119633,56.5375859424137,15.000128361558,15.0000388991655,""
174010.269126415,14.9999998411396,5.37432466560024E-07,1.49171480880699,6.7179058320003E-07,1.86464351100873,56.5376182996627,15.0001262619636,15.0000368024895,""
174025.713626385,14.9999998548096,5.36125800095048E-07,1.49172309768623,6.7015725011881E-07,1.86465387210779,56.5376506569116,15.0001245721556,15.000035115204,""
174041.158126593,15.0000000548173,5.35005937279309E-07,1.49173137208452,6.68757421599136E-07,1.86466421510565,56.5375659133993,15.0001258564846,15.0000363997393,""
174056.602626562,15.0000004985075,5.34133466179105E-07,1.49173962730481,6.67666832723881E-07,1.86467453413101,56.5374811698882,15.0001274355856,15.000037978817,""
174072.047126532,15.0000005987563,5.33606675038291E-07,1.49174787627399,6.67008343797864E-07,1.86468484534249,56.537509285121,15.0001295558402,15.0000400982355,""
174087.491626501,15.0000002494958,5.33538044851903E-07,1.49175611695803,6.66922556064881E-07,1.86469514619753,56.5375374003537,15.0001317298087,15.0000422712871,""
174102.936126471,15.0000000749395,5.33772206680617E-07,1.49176436140767,6.67215258350773E-07,1.86470545175959,56.5374482734969,15.0001335892239,15.0000441316389,""
174118.38062644,15.0000001292334,5.34408004399954E-07,1.49177261085217,6.68010005499942E-07,1.86471576356522,56.5373591466402,15.0001354173712,15.0000459609069,""
174133.82512641,15.0000000791461,5.34289055923751E-07,1.49178085707759,6.67861319904688E-07,1.86472607134698,56.537298343692,15.0001389833779,15.0000495268645,""
174149.269626379,14.9999998922128,5.33168186943876E-07,1.49178909902968,6.66460233679845E-07,1.8647363737871,56.5372375407438,15.0001427223898,15.0000532657106,""
174164.714126348,14.9999997859738,5.31001884750102E-07,1.49179730996384,6.63752355937628E-07,1.8647466374548,56.537323211865,15.0001473385767,15.0000578874783,""
174180.158626556,14.9999997856151,5.27446676358045E-07,1.49180547968937,6.59308345447556E-07,1.86475684961171,56.5374088829875,15.0001520422154,15.0000625972707,""
174195.603126526,14.9999998836814,5.23148500342943E-07,1.49181359079453,6.53935625428678E-07,1.86476698849316,56.5373234607699,15.0001529341273,15.0000635007673,""
174211.047626495,15.0000001110003,5.17862474768663E-07,1.49182162395823,6.47328093460829E-07,1.86477702994779,56.5372380385524,15.0001534454631,15.0000640242302,""
174226.492126465,15.0000002019921,5.15064610954182E-07,1.49182962548968,6.43830763692727E-07,1.8647870318621,56.537209532331,15.0001496287846,15.0000602101305,""
174241.936626434,15.0000001138084,5.15577630273993E-07,1.49183758492953,6.44472037842492E-07,1.86479698116191,56.5371810261097,15.0001453793484,15.0000559623183,""
174257.381126404,15.0000000264224,5.16163621501697E-07,1.49184555229331,6.45204526877122E-07,1.86480694036664,56.5372772941428,15.0001434605925,15.0000540475925,""
174272.825626373,14.9999999400855,5.16846790141863E-07,1.49185353020948,6.46058487677332E-07,1.86481691276185,56.5373735621758,15.0001417752227,15.0000523664937,""
174288.270126581,14.9999999609859,5.17686037477625E-07,1.49186151958353,6.47107546847034E-07,1.86482689947941,56.5372505486169,15.0001424041928,15.0000529925999,""
174303.714626551,15.0000001230642,5.18733301240823E-07,1.49186952422795,6.48416626551029E-07,1.86483690528494,56.5371275350598,15.0001432652518,15.0000538500795,""
174319.15912652,15.0000002086301,5.19791035821358E-07,1.49187754289637,6.49738794776697E-07,1.86484692862047,56.5370598984859,15.0001421834972,15.0000527636439,""
174334.60362649,15.0000001933834,5.20862736629275E-07,1.49188558027033,6.51078420786594E-07,1.86485697533791,56.536992261912,15.0001409066267,15.0000514819819,""
174350.048126459,15.0000000922137,5.20677837521794E-07,1.49189361241413,6.50847296902243E-07,1.86486701551767,56.5369976611911,15.0001368151441,15.0000473951565,""
174365.492626429,14.9999998777374,5.18815525210021E-07,1.4919016375763,6.48519406512526E-07,1.86487704697038,56.5370030604703,15.0001324405787,15.0000430261987,""
174380.937126398,14.9999997317588,5.16440035825198E-07,1.49190963018352,6.45550044781497E-07,1.8648870377294,56.5370989828014,15.0001298206566,15.0000404107395,""
174396.381626368,14.9999996761832,5.13378971677594E-07,1.49191757929922,6.41723714596993E-07,1.86489697412402,56.5371949051324,15.000127377467,15.0000379718975,""
174411.826126337,14.9999996430516,5.0999808895337E-07,1.49192548301188,6.37497611191714E-07,1.86490685376485,56.5372664752046,15.0001295243425,15.0000401260315,""
174427.270626545,14.9999996395661,5.06189607990876E-07,1.49193332602071,6.32737009988595E-07,1.86491665752588,56.5373380452779,15.0001321342154,15.0000427434566,""
174442.715126514,14.99999973613,5.04543826890236E-07,1.49194115211437,6.30679783612796E-07,1.86492644014297,56.5372813598748,15.0001327286617,15.0000433364633,""
174458.159626484,14.9999999649594,5.05791875685025E-07,1.49194895557464,6.32239844606282E-07,1.8649361944683,56.5372246744717,15.0001331195173,15.0000437249711,""
174473.604126453,15.0000000303573,5.06642713667306E-07,1.49195676938213,6.33303392084134E-07,1.86494596172766,56.5371741460783,15.000132466617,15.0000430719655,""
174489.048626423,14.9999998795177,5.06961636314378E-07,1.49196459704584,6.33702045392973E-07,1.8649557463073,56.5371236176849,15.0001317081272,15.0000423135973,""
174504.493126392,14.9999997300098,5.0759356217347E-07,1.49197243375418,6.34491952716837E-07,1.86496554219273,56.5372007140841,15.0001374498436,15.0000480514999,""
174519.937626362,14.9999995822655,5.08644971594449E-07,1.49198028258404,6.35806214493061E-07,1.86497535323005,56.5372778104832,15.000143850094,15.000054447538,""
174535.38212657,14.9999996144288,5.08443304292913E-07,1.49198812593197,6.35554130366141E-07,1.86498515741496,56.5372314635508,15.0001539426503,15.0000645450318,""
174550.826626539,14.9999998850269,5.06560943412672E-07,1.49199596192695,6.33201179265839E-07,1.86499495240869,56.537185116619,15.0001644098152,15.0000750180624,""
174566.271126509,15.0000000541953,5.05087351370566E-07,1.49200377941,6.31359189213207E-07,1.8650047242625,56.5371359447634,15.000170596481,15.0000812019488,""
174581.715626478,15.000000088825,5.04162457397898E-07,1.49201157204413,6.30203071747372E-07,1.86501446505516,56.5370867729077,15.0001763482335,15.0000869500434,""
174597.160126448,15.0000001235943,5.03530222370131E-07,1.49201935700612,6.29412777962663E-07,1.86502419625765,56.5371100968943,15.0001768043639,15.0000874093658,""
174612.604626417,15.0000001585492,5.03291140960836E-07,1.49202713166148,6.29113926201044E-07,1.86503391457685,56.5371334208809,15.0001767216628,15.0000873305537,""
174628.049126387,15.0000002391549,5.03506947948701E-07,1.49203491019276,6.29383684935877E-07,1.86504363774094,56.5371143841314,15.0001718345016,15.0000824370367,""
174643.493626356,15.0000003804143,5.04334330602961E-07,1.49204269393502,6.30417913253701E-07,1.86505336741877,56.537095347382,15.0001664577786,15.0000770529141,""
174658.938126326,15.0000003373109,5.03497791518332E-07,1.4920504628735,6.29372239397914E-07,1.86506307859188,56.5371372073725,15.0001614206977,15.0000720189511,""
174674.382626534,15.0000000490509,5.00422411835584E-07,1.49205821189333,6.2552801479448E-07,1.86507276486666,56.5371790673637,15.0001564182752,15.0000670207198,""
174689.827126503,14.9999999212067,4.97816743161568E-07,1.49206592768192,6.2227092895196E-07,1.8650824096024,56.5369988191925,15.000156915895,15.0000675208998,""
174705.271626472,15.0000000068544,4.95843582279573E-07,1.49207359872187,6.19804477849466E-07,1.86509199840233,56.5368185710213,15.0001579755716,15.0000685829699,""
174720.716126442,15.0000000074195,4.94447612630454E-07,1.492081252713,6.18059515788067E-07,1.86510156589125,56.5369250660499,15.0001618449847,15.0000724556356,""
174736.160626411,14.9999998946566,4.93829500215553E-07,1.49208888372814,6.17286875269441E-07,1.86511110466017,56.5370315610785,15.0001660019418,15.0000766159332,""
174751.605126381,14.9999998804969,4.92117535980276E-07,1.49209648971783,6.15146919975345E-07,1.86512061214729,56.5370331881712,15.0001696068535,15.0000802274666,""
174767.04962635,14.9999999977839,4.88930260380113E-07,1.49210406195495,6.11162825475142E-07,1.86513007744368,56.5370348152638,15.0001731551885,15.0000837827596,""
174782.494126558,15.0000000449528,4.86557741441935E-07,1.49211160487495,6.08197176802419E-07,1.86513950609369,56.5371797891698,15.0001760569332,15.0000866873235,""
174797.938626528,14.9999999985696,4.85284983208778E-07,1.49211910822239,6.06606229010972E-07,1.86514888527798,56.5373247630736,15.0001788923166,15.0000895251014,""
174813.383126497,14.9999999935178,4.84915993155902E-07,1.49212660880457,6.06144991444878E-07,1.86515826100571,56.5373726686141,15.0001770662542,15.0000876996559,""
174828.827626467,15.0000000436566,4.85767881432897E-07,1.49213410565124,6.07209851791121E-07,1.86516763206405,56.5374205741546,15.0001747610889,15.0000853949247,""
174844.272126436,14.9999999990496,4.86963437560537E-07,1.49214161899545,6.08704296950671E-07,1.86517702374432,56.5373456500755,15.0001711082958,15.0000817361872,""
174859.716626406,14.999999827821,4.88623615313838E-07,1.4921491546435,6.10779519142297E-07,1.86518644330437,56.5372707259964,15.0001673167952,15.0000779380856,""
174875.161126375,14.9999998346898,4.89136756613056E-07,1.49215669437029,6.1142094576632E-07,1.86519586796286,56.537343503324,15.0001601421261,15.0000707649773,""
174890.605626345,15.0000000797737,4.88097929341292E-07,1.49216423961571,6.10122411676615E-07,1.86520529951964,56.5374162806515,15.0001526187389,15.0000632439921,""
174906.050126314,15.0000001691445,4.86711385767799E-07,1.49217176585816,6.08389232209749E-07,1.8652147073227,56.5372973288228,15.0001471369859,15.0000577649005,""
174921.494626522,15.0000000500665,4.84853999312186E-07,1.49217926636879,6.06067499140232E-07,1.86522408296099,56.5371783769923,15.000141865974,15.0000524965766,""
174936.939126492,15.0000000257689,4.83633857172804E-07,1.49218675235952,6.04542321466005E-07,1.86523344044939,56.5372772371413,15.0001390606358,15.0000496888189,""
174952.383626461,15.0000001284578,4.83277294138049E-07,1.49219421867336,6.0409661767256E-07,1.8652427733417,56.5373760972903,15.000136510172,15.0000471354076,""
174967.828126431,15.0000001630527,4.82254015095348E-07,1.49220167001435,6.02817518869185E-07,1.86525208751793,56.5373348574858,15.000135179108,15.0000458081213,""
174983.2726264,15.0000001063396,4.80326498853475E-07,1.4922091010483,6.00408123566844E-07,1.86526137631038,56.5372936176813,15.000133974272,15.0000446077592,""
174998.717126608,15.0000000653947,4.79067494693295E-07,1.49221651714882,5.98834368366619E-07,1.86527064643603,56.5373242566136,15.0001329798436,15.0000436121686,""
175014.161626577,15.0000000456113,4.78715884958777E-07,1.4922239129794,5.98394856198471E-07,1.86527989122425,56.5373548955454,15.0001320072268,15.0000426378055,""
175029.606126547,15.0000000450808,4.78305860813094E-07,1.4922313033021,5.97882326016366E-07,1.86528912912763,56.5373948372582,15.0001342811963,15.000044912272,""
175045.050626516,15.0000000704102,4.77816485697603E-07,1.49223868614283,5.97270607122003E-07,1.86529835767853,56.5374347789711,15.0001368921984,15.000047524004,""
175060.495126486,15.0000001195165,4.76493114350813E-07,1.49224604969444,5.95616392938517E-07,1.86530756211805,56.5373840692784,15.0001379505314,15.0000485887794,""
175075.939626455,15.0000002005858,4.74035929145717E-07,1.49225338702259,5.92544911432147E-07,1.86531673377824,56.5373333595856,15.0001388474508,15.0000494927349,""
175091.384126425,15.0000003212721,4.71815338397832E-07,1.49226069584891,5.89769172997291E-07,1.86532586981114,56.5372770608656,15.0001382441633,15.0000488912581,""
175106.828626394,15.0000004952594,4.69916652646525E-07,1.49226796589628,5.87395815808155E-07,1.86533495737035,56.5372207621455,15.0001374846946,15.0000481330562,""
175122.273126364,15.0000003924409,4.69384196994249E-07,1.49227523221044,5.86730246242811E-07,1.86534404026305,56.5372423458041,15.0001335232215,15.0000441685113,""
175137.717626572,14.999999916894,4.70712082208623E-07,1.49228249344134,5.88390102760778E-07,1.86535311680167,56.5372639294631,15.0001292279266,15.0000398696921,""
175153.162126541,14.9999996685476,4.69795887164332E-07,1.49228973737167,5.87244858955414E-07,1.86536217171459,56.5373342637403,15.0001225537029,15.0000332077916,""
175168.606626511,14.9999997263906,4.65821585734526E-07,1.49229695772591,5.82276982168158E-07,1.86537119715739,56.5374045980175,15.0001156311152,15.0000262991814,""
175184.05112648,14.9999997541229,4.62939854375622E-07,1.49230414301732,5.78674817969528E-07,1.86538017877165,56.5374207526075,15.0001165404872,15.0000272079536,""
175199.49562645,14.9999997412422,4.61548201395758E-07,1.49231128048903,5.76935251744698E-07,1.86538910061129,56.5374369071975,15.0001182686851,15.0000289340276,""
175214.940126419,14.9999997281745,4.61876320169198E-07,1.49231842634569,5.77345400211498E-07,1.86539803293211,56.537175709968,15.0001270703085,15.0000377332904,""
175230.384626389,14.9999997148544,4.64551780568083E-07,1.49232558364709,5.80689725710104E-07,1.86540697955886,56.5369145127384,15.0001366124984,15.0000472730948,""
175245.829126596,14.9999997889803,4.66022606743248E-07,1.49233275727431,5.82528258429061E-07,1.86541594659289,56.5369190406519,15.0001458301676,15.000056490456,""
175261.273626566,14.9999999812502,4.65847900758856E-07,1.49233995320236,5.82309875948569E-07,1.86542494150295,56.5369235685653,15.0001550138123,15.0000656740106,""
175276.718126535,15.0000000105054,4.655807931491E-07,1.49234714542315,5.81975991436374E-07,1.86543393177894,56.5370004175016,15.0001559497709,15.0000666082041,""
175292.162626505,14.9999998193352,4.65187364266091E-07,1.49235433257579,5.81484205332614E-07,1.86544291571974,56.5370772664378,15.000156019784,15.0000666762762,""
175307.607126474,14.9999998016911,4.62927945947364E-07,1.49236148577423,5.78659932434205E-07,1.86545185721779,56.5369830171442,15.0001511151906,15.0000617824823,""
175323.051626444,15.0000000188823,4.58115521602896E-07,1.49236859251726,5.7264440200362E-07,1.86546074064658,56.5368887678506,15.0001456875652,15.000056366996,""
175338.496126413,15.0000000991925,4.5456245070296E-07,1.49237565596487,5.68203063378701E-07,1.86546956995608,56.5369199524448,15.0001427606037,15.0000534428304,""
175353.940626383,14.9999999941043,4.52733772249004E-07,1.49238266012942,5.65917215311255E-07,1.86547832516178,56.536951137039,15.0001400969327,15.0000507809716,""
175369.385126352,14.9999998198251,4.50756473777813E-07,1.49238963816591,5.63445592222267E-07,1.86548704770739,56.5370082389205,15.0001453133236,15.0000560035602,""
175384.82962656,14.9999995517517,4.48575512503234E-07,1.49239658039769,5.60719390629042E-07,1.86549572549711,56.5370653408029,15.0001513605581,15.0000620574547,""
175400.27412653,14.999999482958,4.48490347912107E-07,1.49240352659046,5.60612934890133E-07,1.86550440823807,56.5370703920293,15.0001584870116,15.0000691805871,""
175415.718626499,14.9999996845307,4.51279465380982E-07,1.4924104782157,5.64099331726227E-07,1.86551309776963,56.5370754432557,15.0001657274135,15.000076416614,""
175431.163126469,14.9999998423532,4.52386704559608E-07,1.49241744017871,5.6548338069951E-07,1.86552180022338,56.5371206640475,15.0001696725722,15.000080363082,""
175446.607626438,14.9999999407693,4.51185492239125E-07,1.49242441633073,5.63981865298907E-07,1.86553052041342,56.5371658848393,15.0001732693181,15.0000839617383,""
175462.052126408,14.9999999648493,4.49350609962479E-07,1.49243136706177,5.61688262453099E-07,1.86553920882721,56.5371461548262,15.0001767069767,15.0000874066597,""
175477.496626377,14.999999887907,4.46645294787767E-07,1.49243828287357,5.58306618484709E-07,1.86554785359196,56.537126424813,15.0001801277911,15.0000908353036,""
175492.941126585,14.9999998638311,4.44657684554257E-07,1.49244517457873,5.55822105692821E-07,1.86555646822341,56.5370462209579,15.0001810226113,15.0000917314403,""
175508.385626554,14.9999999116608,4.43656726697744E-07,1.49245203314344,5.54570908372181E-07,1.86556504142929,56.536966017104,15.0001816496049,15.0000923590599,""
175523.830126524,15.0000000498267,4.41389534853841E-07,1.49245885913482,5.51736918567302E-07,1.86557357391852,56.53702470155,15.0001776875417,15.0000884075804,""
175539.274626493,15.000000310965,4.37380222352816E-07,1.49246564031089,5.4672527794102E-07,1.86558205038862,56.537083385996,15.0001732382297,15.0000839699094,""
175554.719126463,15.0000003761073,4.35529407458272E-07,1.4924724027196,5.4441175932284E-07,1.8655905033995,56.5368954759135,15.0001647653773,15.0000754969309,""
175570.163626432,15.0000001742216,4.36650682563912E-07,1.49247913928705,5.45813353204891E-07,1.86559892410881,56.536707565831,15.0001558647243,15.0000665949007,""
175585.608126402,15.0000001252808,4.36730229388437E-07,1.49248587433002,5.45912786735546E-07,1.86560734291253,56.5368743187479,15.0001487054324,15.0000594426336,""
175601.052626371,15.0000002848894,4.35374250314453E-07,1.49249260727224,5.44217812893066E-07,1.86561575909029,56.5370410716649,15.0001417315476,15.0000524766682,""
175616.497126341,15.000000243056,4.35077534278898E-07,1.49249933896895,5.43846917848623E-07,1.86562417371119,56.536999171337,15.0001389458096,15.0000496891661,""
175631.941626549,14.9999999263139,4.36241671556454E-07,1.49250606894808,5.45302089445568E-07,1.8656325861851,56.5369572710084,15.0001366066153,15.0000473471751,""
175647.386126518,14.9999997587802,4.35191320144859E-07,1.492512779831,5.43989150181074E-07,1.86564097478875,56.5370680100768,15.0001386021879,15.0000493492067,""
175662.830626488,14.9999997950422,4.31084482288386E-07,1.49251946435707,5.38855602860482E-07,1.86564933044634,56.5371787491452,15.0001410605795,15.0000518150455,""
175678.275126457,14.9999998704904,4.27526882589854E-07,1.49252610409023,5.34408603237317E-07,1.86565763011279,56.5370873743282,15.0001440035109,15.0000547670248,""
175693.719626427,14.9999999995057,4.24727958304552E-07,1.4925326819499,5.3090994788069E-07,1.86566585243737,56.5369959995111,15.000146998248,15.000057770981,""
175709.164126396,14.9999999181635,4.24145292559295E-07,1.49253925774931,5.30181615699119E-07,1.86567407218664,56.5371143667081,15.0001487267456,15.0000594954713,""
175724.608626366,14.9999995490228,4.2662643851937E-07,1.49254583070057,5.33283048149211E-07,1.86568228837572,56.5372327339051,15.0001503196724,15.0000610829747,""
175740.053126574,14.9999995448173,4.28331361670214E-07,1.49255242381959,5.35414202087767E-07,1.86569052977448,56.5371760803675,15.0001511867883,15.0000619492769,""
175755.497626543,15.0000000403134,4.28962358605718E-07,1.49255904484101,5.36202948257147E-07,1.86569880605126,56.5371194268308,15.0001519760871,15.000062738256,""
175770.942126513,15.0000001877028,4.28661380163288E-07,1.49256565964147,5.35826725204109E-07,1.86570707455183,56.5370436459752,15.0001514293928,15.0000621956626,""
175786.386626482,14.9999998580336,4.27069958492926E-07,1.49257226582817,5.33837448116157E-07,1.86571533228521,56.5369678651196,15.0001507392629,15.0000615101082,""
175801.831126451,14.9999997668008,4.25786735473721E-07,1.4925788561686,5.32233419342151E-07,1.86572357021075,56.5368929704057,15.0001503800707,15.0000611491994,""
175817.275626421,15.0000000026044,4.24930594852073E-07,1.49258542455025,5.31163243565092E-07,1.86573178068782,56.5368180756917,15.0001500564578,15.0000608231937,""
175832.72012639,15.0000000738412,4.24162280899876E-07,1.49259198320778,5.30202851124845E-07,1.86573997900972,56.5368707109121,15.0001505916061,15.0000613612608,""
175848.16462636,14.9999999191704,4.23515768793927E-07,1.49259852837946,5.29394710992408E-07,1.86574816047432,56.5369233461324,15.0001512192083,15.0000619923536,""
175863.609126329,14.9999998618769,4.23085296382094E-07,1.49260506852441,5.28856620477617E-07,1.86575633565551,56.5368588470761,15.000147868916,15.0000586398794,""
175879.053626537,14.999999938369,4.22954676399872E-07,1.49261160169261,5.28693345499841E-07,1.86576450211576,56.5367943480188,15.0001440897749,15.0000548579448,""
175894.498126507,14.9999999495222,4.2170633543889E-07,1.4926181159074,5.27132919298614E-07,1.86577264488424,56.5369648275147,15.000139944706,15.0000507177266,""
175909.942626476,14.9999998708313,4.18905414412102E-07,1.49262460379491,5.23631768015127E-07,1.86578075474364,56.5371353070106,15.0001357601329,15.0000465388294,""
175925.387126446,14.9999999068789,4.16433719361123E-07,1.49263106056683,5.20542149201404E-07,1.86578882570853,56.537226119362,15.000133724464,15.000044508676,""
175940.831626415,15.0000001008297,4.14419703693953E-07,1.49263747408283,5.18024629617441E-07,1.86579684260354,56.5373169317134,15.0001319211028,15.0000427108131,""
175956.276126385,15.0000001606899,4.14348643033545E-07,1.49264389159143,5.17935803791932E-07,1.86580486448928,56.5372272813761,15.0001348439702,15.0000456246885,""
175971.720626354,15.0000000358594,4.16980773335481E-07,1.49265031465483,5.21225966669352E-07,1.86581289331854,56.5371376310388,15.0001382784702,15.0000490486279,""
175987.165126562,14.9999999422674,4.19214873622817E-07,1.49265676555804,5.24018592028522E-07,1.86582095694755,56.5372713386665,15.0001460064507,15.0000567687762,""
176002.609626532,14.9999998917382,4.20894761050677E-07,1.49266325522487,5.26118451313346E-07,1.86582906903109,56.5374050462922,15.0001541998554,15.0000649546445,""
176018.054126501,14.9999998732752,4.20264726409047E-07,1.4926697308943,5.25330908011308E-07,1.86583716361787,56.537361720732,15.0001579961257,15.0000687618759,""
176033.498626471,14.999999899053,4.16415811535134E-07,1.49267618705833,5.20519764418917E-07,1.86584523382291,56.5373183951717,15.0001613150812,15.0000720938007,""
176048.94312644,14.999999976802,4.14032133393939E-07,1.49268261620105,5.17540166742423E-07,1.86585327025131,56.5373185997815,15.0001572922699,15.0000680649478,""
176064.38762641,15.0000001263145,4.13691896345074E-07,1.49268900765944,5.17114870431343E-07,1.8658612595743,56.5373188043912,15.000152471408,15.0000632359778,""
176079.832126379,15.0000001591298,4.11699234544686E-07,1.49269536920725,5.14624043180858E-07,1.86586921150906,56.5373353839414,15.000145391142,15.0000561675466,""
176095.276626348,15.0000000306705,4.07400235048283E-07,1.49270168900799,5.09250293810354E-07,1.86587711125999,56.5373519634915,15.0001380649424,15.0000488553524,""
176110.721126318,15.0000000087629,4.03562397000026E-07,1.4927079605237,5.04452996250033E-07,1.86588495065463,56.5373717062653,15.0001314431678,15.0000422437325,""
176126.165626526,15.0000001342328,4.00368729839279E-07,1.49271416459281,5.00460912299099E-07,1.86589270574102,56.5373914490395,15.0001248981738,15.0000357084735,""
176141.610126495,15.0000001763465,3.95522242418429E-07,1.49272030198959,4.94402803023037E-07,1.86590037748699,56.5374626640473,15.000124795567,15.000035623647,""
176157.054626465,15.0000001030687,3.88365176402512E-07,1.49272634618118,4.8545647050314E-07,1.86590793272648,56.537533879055,15.0001253961251,15.0000362428637,""
176172.499126434,15.0000000022098,3.80983476061063E-07,1.49273229474432,4.76229345076328E-07,1.8659153684304,56.5374995539997,15.0001297135692,15.0000405878702,""
176187.943626404,14.9999998631376,3.73287494634769E-07,1.49273810951574,4.66609368293462E-07,1.86592263689468,56.5374652289443,15.0001344372527,15.0000453400892,""
176203.388126612,14.9999998315353,3.6779424198597E-07,1.49274385925863,4.59742802482463E-07,1.86592982407329,56.5374146229203,15.0001391460573,15.000050067323,""
176218.832626581,14.9999999489556,3.65385243976213E-07,1.49274951794854,4.56731554970266E-07,1.86593689743567,56.537364016897,15.0001438532335,15.0000547918223,""
176234.277126551,15.0000000734467,3.62098546459283E-07,1.49275513209068,4.52623183074104E-07,1.86594391511335,56.5375408843185,15.0001474401752,15.0000584021317,""
176249.72162652,15.0000002077508,3.57581914038692E-07,1.4927606838073,4.46977392548365E-07,1.86595085475912,56.53771775174,15.0001509043463,15.000061890333,""
176265.16612649,15.0000001335047,3.5337698887624E-07,1.49276618226094,4.417212360953E-07,1.86595772782617,56.5377662237708,15.0001529801594,15.0000639944681,""
176280.610626459,14.9999997695864,3.49609213574285E-07,1.4927716060166,4.37011516967857E-07,1.86596450752075,56.5378146958016,15.0001549036103,15.0000659467122,""
176296.055126429,14.9999996700618,3.47374713172353E-07,1.49277700502948,4.34218391465441E-07,1.86597125628685,56.5377693909666,15.00015659109,15.0000676478813,""
176311.499626398,14.9999999380838,3.47292254355762E-07,1.49278236931442,4.34115317944703E-07,1.86597796164303,56.5377240861316,15.0001582526384,15.0000693214593,""
176326.944126368,15.0000002293771,3.47973249136965E-07,1.49278774433235,4.34966561421207E-07,1.86598468041544,56.5377451131536,15.0001568260713,15.0000679055877,""
176342.388626575,15.0000005530484,3.49726653209528E-07,1.4927931344268,4.3715831651191E-07,1.8659914180335,56.5377661401758,15.0001550596852,15.0000661497504,""
176357.833126545,15.0000005676534,3.49952805906022E-07,1.49279852344601,4.37441007382528E-07,1.86599815430751,56.5375969620244,15.0001493104384,15.000060412103,""
176373.277626514,15.000000151887,3.48031940540357E-07,1.49280391095376,4.35039925675447E-07,1.8660048886922,56.5374277838729,15.00014312232,15.0000542356999,""
176388.722126484,14.9999999342996,3.46399033054872E-07,1.49280927825576,4.32998791318591E-07,1.8660115978197,56.5375441287907,15.000137244532,15.0000483701335,""
176404.166626453,14.9999999929063,3.45171262181883E-07,1.49281461712968,4.31464077727354E-07,1.8660182714121,56.5376604737084,15.0001314009856,15.0000425388647,""
176419.611126423,14.9999999358375,3.43493733679884E-07,1.49281993330606,4.29367167099855E-07,1.86602491663257,56.53771568943,15.000131639957,15.0000427925271,""
176435.055626392,14.9999997174209,3.41182921267126E-07,1.49282521752302,4.26478651583907E-07,1.86603152190377,56.5377709051517,15.0001325509769,15.0000437185048,""
176450.5001266,14.9999997145115,3.3794286552998E-07,1.49283045775634,4.22428581912475E-07,1.86603807219542,56.537812810454,15.000140908691,15.0000520950478,""
176465.94462657,15.0000000124521,3.33393336191764E-07,1.49283563600846,4.16741670239705E-07,1.86604454501057,56.5378547157557,15.0001500902912,15.0000612959053,""
176481.389126539,15.0000001220962,3.30998704114815E-07,1.49284078923561,4.13748380143519E-07,1.86605098654451,56.5379167700673,15.0001576085829,15.0000688181446,""
176496.833626509,14.9999999686556,3.31643146776757E-07,1.49284590716976,4.14553933470946E-07,1.8660573839622,56.5379788243789,15.0001649426014,15.0000761544146,""
176512.278126478,14.9999999440475,3.33516793240252E-07,1.4928510523459,4.16895991550315E-07,1.86606381543237,56.5380800230654,15.0001684631843,15.000079674813,""
176527.722626448,15.0000000995938,3.37125386920169E-07,1.49285623597245,4.21406733650212E-07,1.86607029496556,56.5381812217518,15.0001715607177,15.0000827718916,""
176543.167126417,15.0000002157109,3.38478396922653E-07,1.49286143096587,4.23097996153316E-07,1.86607678870734,56.5382221428227,15.0001664106352,15.000077628846,""
176558.611626387,15.0000002766454,3.36645237285541E-07,1.49286664201578,4.20806546606926E-07,1.86608330251972,56.5382630638936,15.0001603443582,15.0000715704381,""
176574.056126356,15.0000002570677,3.32313746537486E-07,1.49287179101458,4.15392183171857E-07,1.86608973876823,56.5381045211842,15.0001494744051,15.000060722522,""
176589.500626564,15.0000001247155,3.24450362361586E-07,1.49287685229175,4.05562952951983E-07,1.86609606536469,56.5379459784723,15.0001380701127,15.0000493418426,""
176604.945126534,14.9999999753903,3.20294430288092E-07,1.49288187024101,4.00368037860114E-07,1.86610233780126,56.5379754603375,15.000130657525,15.0000419314679,""
176620.389626503,14.9999998022708,3.2138392418384E-07,1.49288682688859,4.017299052298E-07,1.86610853361074,56.5380049422027,15.000123689553,15.0000349633254,""
176635.834126472,14.999999763334,3.23407771753234E-07,1.49289181189913,4.04259714691542E-07,1.86611476487392,56.537919622767,15.0001208415776,15.0000321115753,""
176651.278626442,14.9999999126662,3.26754632738016E-07,1.49289683707066,4.0844329092252E-07,1.86612104633832,56.5378343033314,15.0001184531239,15.000029718945,""
176666.723126411,15.0000001038977,3.28325897916777E-07,1.49290187759122,4.10407372395971E-07,1.86612734698903,56.5377979856485,15.0001123049299,15.0000235760462,""
176682.167626381,15.000000353967,3.27380964983316E-07,1.49290693986293,4.09226206229144E-07,1.86613367482866,56.5377616679655,15.0001057368328,15.0000170143021,""
176697.612126589,15.0000004227327,3.26310969745773E-07,1.49291198813186,4.07888712182216E-07,1.86613998516482,56.537881596193,15.0000962134561,15.0000074962601,""
176713.056626558,15.0000002366864,3.25063606667038E-07,1.49291701654136,4.06329508333797E-07,1.8661462706767,56.5380015244185,15.0000863595796,14.9999976476045,""
176728.501126528,15.0000000133522,3.24159477363447E-07,1.49292203432537,4.0519934670431E-07,1.86615254290671,56.537817915699,15.0000862921722,14.9999975790245,""
176743.945626497,14.9999997375677,3.23742524665616E-07,1.49292703702785,4.0467815583202E-07,1.86615879628481,56.5376343069794,15.0000873206863,14.9999986056501,""
176759.390126467,14.9999995741295,3.22459603252779E-07,1.49293202103318,4.03074504065973E-07,1.86616502629147,56.5376953274412,15.0000972894901,15.0000085808883,""
176774.834626436,14.9999995688544,3.19946564539715E-07,1.49293697847901,3.99933205674643E-07,1.86617122309876,56.5377563479031,15.0001082607959,15.0000195595617,""
176790.279126406,14.9999996863879,3.18812936163018E-07,1.49294192517339,3.98516170203772E-07,1.86617740646673,56.5377374108002,15.0001206736122,15.0000319699456,""
176805.723626375,14.9999999769591,3.19640344678895E-07,1.49294685658297,3.99550430848619E-07,1.86618357072872,56.5377184736974,15.0001332482853,15.000044541086,""
176821.168126345,15.0000001554852,3.19085358713888E-07,1.49295177719005,3.9885669839236E-07,1.86618972148756,56.5377129486985,15.0001405347233,15.0000518363691,""
176836.612626553,15.0000001760063,3.165635179462E-07,1.49295668242752,3.9570439743275E-07,1.86619585303439,56.5377074236995,15.0001472265914,15.000058538474,""
176852.057126522,15.0000001962963,3.13736958171545E-07,1.49296155081837,3.92171197714431E-07,1.86620193852296,56.5375499627928,15.000145425833,15.0000567432817,""
176867.501626492,15.0000002162601,3.10476500111198E-07,1.49296636674237,3.88095625138997E-07,1.86620795842796,56.5373925018861,15.0001426689545,15.0000539914433,""
176882.946126461,15.0000002057149,3.08073348536733E-07,1.49297115437466,3.85091685670916E-07,1.86621394296833,56.5373849853147,15.0001405075168,15.000051834993,""
176898.390626431,15.0000001520734,3.06891919488693E-07,1.49297590168928,3.83614899360866E-07,1.8662198771116,56.5373774687433,15.0001384132045,15.0000497456621,""
176913.8351264,15.0000000741684,3.07354984045503E-07,1.49298065936208,3.84193730056878E-07,1.8662258242026,56.5374631423401,15.0001418670377,15.0000531937401,""
176929.279626369,14.9999999619606,3.10163448058954E-07,1.49298543180787,3.87704310073693E-07,1.86623178975984,56.537548815937,15.0001459471577,15.0000572668928,""
176944.724126577,14.9999999493922,3.11686785018354E-07,1.49299022014585,3.89608481272942E-07,1.86623777518232,56.5375140822307,15.0001482227418,15.0000595458697,""
176960.168626547,15.0000000778092,3.1137578592088E-07,1.49299503116749,3.892197324011E-07,1.86624378895936,56.537479348525,15.0001502943554,15.000061622047,""
176975.613126516,15.0000001110162,3.091133806036E-07,1.49299980809161,3.863917257545E-07,1.86624976011452,56.5374183851663,15.0001483541379,15.0000596906353,""
176991.057626486,15.0000000093917,3.04063386210911E-07,1.49300453630735,3.80079232763638E-07,1.86625567038418,56.5373574218076,15.0001459598531,15.0000573056364,""
177006.502126455,15.0000000252021,3.00477241212821E-07,1.49300922292506,3.75596551516026E-07,1.86626152865633,56.5374224705173,15.0001434747146,15.000054823754,""
177021.946626425,15.0000002074581,2.98983886800061E-07,1.49301385007223,3.73729858500076E-07,1.86626731259029,56.5374875192271,15.0001409792794,15.0000523308917,""
177037.391126394,15.0000002715259,2.9999172519037E-07,1.49301849687439,3.74989656487963E-07,1.86627312109298,56.5375094358559,15.0001387260718,15.0000500706321,""
177052.835626364,15.0000001679391,3.04578260354458E-07,1.49302317179882,3.80722825443072E-07,1.86627896474853,56.5375313524846,15.0001365003527,15.0000478367688,""
177068.280126333,15.0000001212626,3.07299224572628E-07,1.49302787616854,3.84124030715785E-07,1.86628484521068,56.5374979171873,15.0001345514579,15.0000458846947,""
177083.724626541,15.0000001553839,3.073487948662E-07,1.49303262270234,3.8418599358275E-07,1.86629077837792,56.5374644818894,15.0001326340192,15.000043964641,""
177099.169126511,15.0000001146663,3.05438714961226E-07,1.49303733959668,3.81798393701532E-07,1.86629667449585,56.5373474121975,15.0001340609045,15.0000454017251,""
177114.61362648,14.9999999676075,3.00720272670123E-07,1.493042014015,3.75900340837654E-07,1.86630251751875,56.5372303425056,15.0001358683152,15.0000472207925,""
177130.05812645,14.9999998365151,2.97360067031139E-07,1.49304664953282,3.71700083788923E-07,1.86630831191603,56.5371899584862,15.000140195887,15.0000515496961,""
177145.502626419,14.9999997281289,2.95947904408375E-07,1.49305122925783,3.69934880510469E-07,1.86631403657228,56.5371495744669,15.0001448105873,15.0000561645518,""
177160.947126389,14.9999997463875,2.94407119562827E-07,1.49305578908342,3.68008899453534E-07,1.86631973635428,56.5370775740259,15.0001489533536,15.0000603118081,""
177176.391626358,14.9999999449043,2.92681710927191E-07,1.4930603203455,3.65852138658988E-07,1.86632540043187,56.5370055735849,15.0001530422803,15.0000644057194,""
177191.836126566,15.0000000531211,2.91253887480182E-07,1.4930648343284,3.64067359350227E-07,1.86633104291049,56.5370372751208,15.0001562247486,15.0000675888609,""
177207.280626535,15.0000000327021,2.90253559591183E-07,1.49306932348875,3.62816949488978E-07,1.86633665436093,56.5370689766563,15.0001593036693,15.0000706679622,""
177222.725126505,15.0000000930206,2.90392527393582E-07,1.49307381756991,3.62990659241978E-07,1.86634227196239,56.5370583046911,15.0001580665798,15.000069430721,""
177238.169626474,15.0000002684501,2.92169462915773E-07,1.49307831872574,3.65211828644717E-07,1.86634789840718,56.537047632726,15.0001563358103,15.0000676997616,""
177253.614126444,15.0000002452626,2.93247897278318E-07,1.49308283160024,3.66559871597898E-07,1.8663535395003,56.5369669060536,15.0001559842263,15.0000673455934,""
177269.058626413,14.999999938659,2.93321288397948E-07,1.49308736133622,3.66651610497435E-07,1.86635920167027,56.5368861793811,15.0001557906055,15.0000671491143,""
177284.503126383,14.9999998178372,2.92828480985366E-07,1.49309188325587,3.66035601231707E-07,1.86636485406983,56.5369732066235,15.0001573437133,15.000068703778,""
177299.947626352,14.9999999623403,2.91520340401993E-07,1.4930963939199,3.64400425502491E-07,1.86637049239988,56.5370602338658,15.0001590971432,15.0000704592701,""
177315.392126322,15.0000000158335,2.89455611099828E-07,1.49310087634369,3.61819513874784E-07,1.86637609542961,56.5370108535119,15.0001574477401,15.0000688165835,""
177330.83662653,14.9999999392404,2.86300508872371E-07,1.49310531806855,3.57875636090463E-07,1.86638164758569,56.5369614731572,15.000155407574,15.0000667836684,""
177346.281126499,14.99999997229,2.83135333804359E-07,1.49310971973016,3.53919167255449E-07,1.86638714966271,56.5370294167341,15.0001511656209,15.0000625449473,""
177361.725626469,15.000000162191,2.79955630327037E-07,1.49311406360755,3.49944537908796E-07,1.86639257950943,56.5370973603111,15.0001466704953,15.0000580525916,""
177377.170126438,15.0000001512473,2.78752972267867E-07,1.49311839782269,3.48441215334834E-07,1.86639799727836,56.5370792478605,15.0001458732211,15.0000572524138,""
177392.614626408,14.9999998527384,2.80404153816962E-07,1.49312271809052,3.50505192271202E-07,1.86640339761315,56.53706113541,15.0001455017011,15.000056877337,""
177408.059126377,14.999999785172,2.82559409889422E-07,1.49312706700959,3.53199262361777E-07,1.86640883376199,56.5370651047127,15.0001466714989,15.0000580429458,""
177423.503626347,15.0000000485436,2.85442875933154E-07,1.49313145731959,3.56803594916442E-07,1.86641432164949,56.5370690740153,15.0001480189894,15.0000593861742,""
177438.948126554,15.0000001340676,2.85347842175243E-07,1.49313583804361,3.56684802719054E-07,1.86641979755452,56.5369577649839,15.0001482796779,15.0000596552892,""
177454.392626524,14.9999999645223,2.80946466897619E-07,1.49314020490799,3.51183083622025E-07,1.86642525613498,56.5368464559542,15.0001484149094,15.000059800412,""
177469.837126493,14.9999999236716,2.78334511763285E-07,1.4931445438462,3.47918139704107E-07,1.86643067980775,56.5367516654111,15.0001462816684,15.000057664063,""
177485.281626463,15.000000067551,2.78311796374728E-07,1.49314884237607,3.47889745468411E-07,1.86643605297009,56.536656874868,15.0001438862206,15.0000552640048,""
177500.726126432,15.0000000680112,2.78286499337609E-07,1.49315314057943,3.47858124172011E-07,1.86644142572429,56.5367100181969,15.0001414727382,15.0000528498208,""
177516.170626402,14.9999998624311,2.78257463724807E-07,1.49315743830995,3.47821829656008E-07,1.86644679788744,56.5367631615258,15.0001390571684,15.000050434002,""
177531.615126371,14.9999997484748,2.78241788930024E-07,1.49316173588063,3.4780223616253E-07,1.86645216985079,56.5368334867559,15.000141562362,15.0000529372729,""
177547.059626579,14.9999997662594,2.78245477965548E-07,1.49316603321972,3.47806847456934E-07,1.86645754152465,56.5369038119871,15.0001446378166,15.0000560106109,""
177562.504126549,14.999999835276,2.77822380342784E-07,1.4931703240131,3.4727797542848E-07,1.86646290501637,56.5369802980563,15.0001477291008,15.0000590993057,""
177577.948626518,14.9999999780187,2.76780243394107E-07,1.49317460531225,3.45975304242635E-07,1.86646825664031,56.5370567841255,15.0001508222218,15.0000621897825,""
177593.393126488,15.0000000186883,2.75655629786975E-07,1.49317887220593,3.44569537233719E-07,1.86647359025742,56.5370468310112,15.0001511955172,15.0000625673393,""
177608.837626457,14.9999999123439,2.74411290377489E-07,1.49318311818817,3.43014112971862E-07,1.86647889773522,56.5370368778969,15.0001512527953,15.0000626296812,""
177624.282126427,14.9999998861014,2.73389132881259E-07,1.4931873519303,3.41736416101574E-07,1.86648418991287,56.5370810375409,15.0001457258836,15.0000570996497,""
177639.726626396,14.9999999753258,2.72689761406751E-07,1.49319156788998,3.40862201758439E-07,1.86648945986248,56.5371251971848,15.000139549301,15.0000509189951,""
177655.171126604,15.0000000557465,2.71845901665208E-07,1.49319577281387,3.39807377081511E-07,1.86649471601733,56.5371676225869,15.0001345414733,15.000045912212,""
177670.615626574,15.0000001234661,2.7079196038641E-07,1.49319996169188,3.38489950483013E-07,1.86649995211485,56.5372100479883,15.0001296697963,15.0000410421758,""
177686.060126543,15.0000000787058,2.69515718928602E-07,1.49320413387494,3.36894648660752E-07,1.86650516734367,56.5372608907805,15.0001287025353,15.0000400765168,""
177701.504626513,14.9999998715312,2.6791599958682E-07,1.49320828176451,3.34894999483525E-07,1.86651035220564,56.5373117335727,15.0001281906967,15.0000395662758,""
177716.949126482,14.9999997738639,2.65743712145145E-07,1.49321240069119,3.32179640181431E-07,1.86651550086399,56.5373103466172,15.0001271930588,15.0000385779001,""
177732.393626451,14.9999998344524,2.627375872409E-07,1.49321647743889,3.28421984051126E-07,1.86652059679861,56.5373089596618,15.0001261386824,15.0000375336811,""
177747.838126421,14.9999998849263,2.59637588592262E-07,1.49322051494788,3.24546985740328E-07,1.86652564368485,56.5373967158903,15.000123496851,15.0000348998682,""
177763.28262639,14.9999999207704,2.56400770467698E-07,1.49322449526708,3.20500963084623E-07,1.86653061908386,56.5374844721188,15.0001206693748,15.0000320801605,""
177778.72712636,14.999999965305,2.55269578629569E-07,1.49322846744053,3.19086973286961E-07,1.86653558430066,56.5375650510039,15.0001206261505,15.0000320310827,""
177794.171626568,15.0000000224202,2.572097748099E-07,1.49323242773217,3.21512218512375E-07,1.86654053466521,56.5376456298902,15.0001209089507,15.0000323064344,""
177809.616126537,14.9999999859691,2.58842195944951E-07,1.49323640763596,3.23552744931188E-07,1.86654550954495,56.5376385303589,15.0001217853785,15.0000331833972,""
177825.060626507,14.9999998139554,2.60025317148026E-07,1.4932404161703,3.25031646435032E-07,1.86655052021288,56.5376314308276,15.0001227314073,15.0000341308971,""
177840.505126476,14.9999997129995,2.60822150616626E-07,1.49324443358926,3.26027688270783E-07,1.86655554198658,56.5374192075348,15.000122855759,15.0000342513444,""
177855.949626446,14.999999715082,2.61054614509574E-07,1.49324846398873,3.26318268136967E-07,1.86656057998591,56.5372069842421,15.0001228836473,15.0000342746972,""
177871.394126415,14.9999997935467,2.609947253491E-07,1.49325249278913,3.26243406686375E-07,1.86656561598642,56.5371329273896,15.0001220840183,15.0000334729118,""
177886.838626385,14.9999999828645,2.60507361853361E-07,1.49325651925142,3.25634202316702E-07,1.86657064906427,56.5370588705371,15.0001211871152,15.000032574132,""
177902.283126593,15.0000000272238,2.59087446225215E-07,1.49326052519775,3.2385930778152E-07,1.86657565649718,56.5371904838292,15.000120976322,15.0000323678029,""
177917.727626562,14.9999998610268,2.56302868005436E-07,1.49326450112162,3.20378585006796E-07,1.86658062640203,56.5373220971193,15.0001208462844,15.0000322429756,""
177933.172126532,14.9999997601225,2.52485462900921E-07,1.49326842618894,3.15606828626152E-07,1.86658553273618,56.5373777177584,15.0001218161402,15.0000332256037,""
177948.616626501,14.9999997541381,2.47155438801641E-07,1.49327227677467,3.08944298502051E-07,1.86659034596834,56.5374333383976,15.0001229156203,15.0000343387475,""
177964.061126471,14.9999998233705,2.45636389616722E-07,1.4932761194471,3.07045487020902E-07,1.86659514930888,56.537333338168,15.0001235279815,15.0000349406149,""
177979.50562644,15.0000000020429,2.49703174480429E-07,1.49327995052083,3.12128968100537E-07,1.86659993815104,56.5372333379385,15.0001240828611,15.0000354821502,""
177994.95012641,15.0000001315447,2.52297500116885E-07,1.49328380977758,3.15371875146106E-07,1.86660476222198,56.5373429029044,15.0001234551302,15.0000348543496,""
178010.394626379,15.000000189443,2.52731868453829E-07,1.49328771037613,3.15914835567285E-07,1.86660963797016,56.5374524678703,15.0001226876687,15.0000340883868,""
178025.839126348,15.0000002085079,2.52052027658295E-07,1.4932915992014,3.15065034572868E-07,1.86661449900175,56.5376425803395,15.0001258180139,15.0000372206926,""
178041.283626556,15.0000001709748,2.49736430519394E-07,1.49329547074255,3.12170538149242E-07,1.86661933842818,56.5378326928116,15.0001294094919,15.000040814186,""
178056.728126526,15.0000001163419,2.47153703658427E-07,1.4932993091881,3.08942129573033E-07,1.86662413648512,56.5378066064331,15.0001355693442,15.0000469781571,""
178072.172626495,15.0000000367655,2.4417849078112E-07,1.49330309900733,3.052231134764E-07,1.86662887375916,56.5377805200547,15.0001420334387,15.0000534466196,""
178087.617126465,15.0000000422708,2.41097927454444E-07,1.49330684999555,3.01372409318055E-07,1.86663356249444,56.537768976405,15.0001472024385,15.0000586256296,""
178103.061626434,15.00000017199,2.37862450929799E-07,1.49331054388448,2.97328063662249E-07,1.8666381798556,56.5377574327553,15.0001522178289,15.0000636516995,""
178118.506126404,15.0000002011579,2.34978738414668E-07,1.49331420276791,2.93723423018335E-07,1.86664275345989,56.537787856357,15.0001516976116,15.0000631391135,""
178133.950626373,15.000000083403,2.32612696609312E-07,1.49331781013578,2.9076587076164E-07,1.86664726266973,56.5378182799587,15.0001505199852,15.0000619687562,""
178149.395126581,15.0000000032752,2.32992131333343E-07,1.4933214303524,2.91240164166679E-07,1.8666517879405,56.5377819935462,15.0001465659293,15.0000580068885,""
178164.839626551,14.999999978174,2.37415184345605E-07,1.49332506949286,2.96768980432007E-07,1.86665633686608,56.5377457071341,15.0001422817238,15.0000537130778,""
178180.28412652,14.9999999777892,2.40824384507745E-07,1.49332874820213,3.01030480634682E-07,1.86666093525267,56.5377285108732,15.0001355144395,15.0000469421774,""
178195.72862649,15.0000000135807,2.42739147694448E-07,1.49333248523651,3.0342393461806E-07,1.86666560654564,56.5377113146123,15.0001284515119,15.0000398763469,""
178211.173126459,15.0000000171933,2.43400324598849E-07,1.49333622680533,3.04250405748561E-07,1.86667028350667,56.5377522722573,15.0001218990109,15.0000333203775,""
178226.617626429,14.9999999736671,2.42212202080227E-07,1.4933399750634,3.02765252600284E-07,1.86667496882926,56.5377932299024,15.0001154073603,15.0000268251912,""
178242.062126398,14.9999999497323,2.41874400621086E-07,1.49334372163421,3.02343000776357E-07,1.86667965204277,56.5378031664122,15.0001118346218,15.0000232453698,""
178257.506626368,14.9999999545213,2.42792011283311E-07,1.49334746571396,3.03490014104139E-07,1.86668433214245,56.5378131029219,15.0001086103034,15.0000200135452,""
178272.951126337,14.9999999389728,2.42767452954066E-07,1.49335120668225,3.03459316192583E-07,1.86668900835281,56.5379123462217,15.0001107087896,15.0000221099175,""
178288.395626545,14.9999998935812,2.41350755530233E-07,1.49335494305316,3.01688444412791E-07,1.86669367881645,56.5380115895231,15.0001134434476,15.0000248431061,""
178303.840126514,14.9999999549362,2.38769550109659E-07,1.49335864378133,2.98461937637074E-07,1.86669830472666,56.5380481092864,15.0001170564263,15.0000284638413,""
178319.284626484,15.000000173063,2.34466290712852E-07,1.49336229180172,2.93082863391065E-07,1.86670286475215,56.5380846290496,15.0001207745136,15.000032190789,""
178334.729126453,15.0000002911048,2.31707890896329E-07,1.49336591008017,2.89634863620411E-07,1.86670738760022,56.5380098925984,15.0001211260126,15.0000325412377,""
178350.173626423,15.0000002620335,2.31235847101005E-07,1.49336948434124,2.89044808876256E-07,1.86671185542654,56.5379351561471,15.0001210741214,15.0000324871088,""
178365.618126392,15.0000002138126,2.31191686871727E-07,1.49337305933417,2.88989608589658E-07,1.86671632416772,56.5378309281737,15.0001186015552,15.0000300125111,""
178381.062626362,15.00000013742,2.31781295728785E-07,1.49337663541115,2.8972661966098E-07,1.86672079426393,56.5377267002004,15.0001158385721,15.0000272475213,""
178396.50712657,15.0000001107115,2.31697266394073E-07,1.49338020842059,2.8962158299259E-07,1.86672526052573,56.5377475161322,15.0001136291812,15.0000250381542,""
178411.951626539,15.000000157157,2.30614657249451E-07,1.49338377688268,2.88268321561814E-07,1.86672972110335,56.5377683320637,15.0001114862908,15.0000228955315,""
178427.396126509,15.0000000791644,2.29584791768511E-07,1.49338733269334,2.86980989710639E-07,1.86673416586667,56.5378355393596,15.0001094382227,15.0000208459423,""
178442.840626478,14.9999998177957,2.28633174976699E-07,1.49339086973478,2.85791468720874E-07,1.86673858716847,56.5379027466556,15.0001074015596,15.0000188075428,""
178458.285126448,14.99999969518,2.27272718976844E-07,1.49339438863024,2.84090898721056E-07,1.8667429857878,56.5379268264432,15.0001114882378,15.0000228987471,""
178473.729626417,14.999999777209,2.25305233083981E-07,1.49339788058322,2.81631541354977E-07,1.86674735072902,56.5379509062309,15.0001163123448,15.0000277281346,""
178489.174126387,14.9999998771254,2.24043783138417E-07,1.49340135899253,2.80054728923021E-07,1.86675169874067,56.5379738423182,15.0001205660888,15.0000319822038,""
178504.618626356,15.0000000034463,2.23831477362189E-07,1.49340481727645,2.79789346702737E-07,1.86675602159556,56.5379967784054,15.0001247510578,15.0000361669004,""
178520.063126326,15.0000001758304,2.23073342388597E-07,1.49340826449253,2.78841677985746E-07,1.86676033061566,56.5378691375797,15.0001258015452,15.0000372205089,""
178535.507626534,15.000000416268,2.21503469119246E-07,1.49341169524896,2.76879336399058E-07,1.8667646190612,56.537741496752,15.0001264735966,15.0000378960911,""
178550.952126503,15.000000425225,2.21732403334875E-07,1.49341513430042,2.77165504168594E-07,1.86676891787553,56.5377667397095,15.0001269500799,15.0000383646552,""
178566.396626472,15.0000000919027,2.24638624003694E-07,1.49341858569802,2.80798280004617E-07,1.86677323212253,56.5377919826669,15.0001274029218,15.000038808194,""
178581.841126442,14.9999999569411,2.25338478357802E-07,1.49342203907811,2.81673097947253E-07,1.86677754884764,56.537778060574,15.0001286535489,15.0000400601544,""
178597.285626411,15.0000001155351,2.22751793915685E-07,1.49342549541127,2.78439742394606E-07,1.86678186926409,56.5377641384811,15.0001300007377,15.0000414099641,""
178612.730126381,15.0000001587326,2.21296778218686E-07,1.49342893714266,2.76620972773358E-07,1.86678617142833,56.5377950582366,15.0001314514575,15.0000428553474,""
178628.17462635,15.0000000310086,2.21528826322394E-07,1.49343235710611,2.76911032902994E-07,1.86679044638263,56.537825977992,15.0001329147241,15.0000443123132,""
178643.619126558,14.9999998887971,2.21140567721883E-07,1.49343577036494,2.76425709652354E-07,1.86679471295618,56.5377755592738,15.0001375604542,15.0000489597937,""
178659.063626528,14.9999997251089,2.19826823378233E-07,1.49343917362051,2.74783529222792E-07,1.86679896702563,56.5377251405564,15.0001425923498,15.0000539944166,""
178674.508126497,14.9999996835699,2.17931510198337E-07,1.49344255161513,2.72414387747921E-07,1.86680318951891,56.5377907648541,15.0001444621247,15.0000558697173,""
178689.952626467,14.9999998232624,2.15167805580844E-07,1.49344589189041,2.68959756976054E-07,1.86680736486301,56.5378563891518,15.0001459477211,15.0000573611795,""
178705.397126436,14.999999816872,2.13522687627584E-07,1.49344921521612,2.6690335953448E-07,1.86681151902015,56.5377934120598,15.000143867597,15.0000552788699,""
178720.841626406,14.9999995935553,2.13549180903673E-07,1.49345251321244,2.66936476129591E-07,1.86681564151555,56.5377304349679,15.0001413537166,15.0000527618245,""
178736.286126375,14.999999722239,2.13529236776917E-07,1.49345581081943,2.66911545971146E-07,1.86681976352429,56.5376615820397,15.0001351308283,15.0000465375372,""
178751.730626345,15.0000003740719,2.13439840638439E-07,1.49345910784415,2.66799800798049E-07,1.86682388480519,56.5375927291116,15.0001284561883,15.0000398617132,""
178767.175126314,15.0000005011236,2.12625435930362E-07,1.49346239256434,2.65781794912953E-07,1.86682799070542,56.5376521023683,15.0001229370835,15.0000343460332,""
178782.619626522,14.9999998475716,2.10725827236063E-07,1.49346565886694,2.63407284045079E-07,1.86683207358368,56.5377114756259,15.0001175588972,15.0000289718337,""
178798.064126492,14.9999995978904,2.08978670250458E-07,1.49346890403264,2.61223337813073E-07,1.8668361300408,56.5377022421766,15.0001178619124,15.0000292767083,""
178813.508626461,14.9999999494718,2.07459889963899E-07,1.49347211753476,2.59324862454874E-07,1.86684014691844,56.5376930087273,15.000118858621,15.0000302750164,""
178828.953126431,15.0000001425498,2.07039658408227E-07,1.49347532923208,2.58799573010284E-07,1.8668441615401,56.5378096133176,15.0001200042239,15.0000314154256,""
178844.3976264,15.0000000994549,2.08266414491823E-07,1.49347853822359,2.60333018114779E-07,1.86684817277949,56.537926217908,15.0001211680299,15.0000325732075,""
178859.842126608,14.9999999268406,2.08396611616501E-07,1.49348174543374,2.60495764520627E-07,1.86685218179217,56.537970565343,15.0001214189388,15.0000328276951,""
178875.286626577,14.9999995610756,2.06881473210078E-07,1.4934849499709,2.58601841512598E-07,1.86685618746362,56.5380149127773,15.0001215581016,15.0000329716122,""
178890.731126547,14.9999993634899,2.05350349844222E-07,1.49348813555138,2.56687937305278E-07,1.86686016943922,56.5379509696121,15.0001246878319,15.0000361019663,""
178906.175626516,14.9999994169219,2.03795222369314E-07,1.49349129266521,2.54744027961643E-07,1.86686411583151,56.5378870264468,15.0001281840881,15.0000395983402,""
178921.620126486,14.9999995203981,2.03013055552989E-07,1.49349444252394,2.53766319441237E-07,1.86686805315492,56.5378346313384,15.0001348381891,15.0000462526873,""
178937.064626455,14.9999996986319,2.03392559470406E-07,1.49349758147909,2.54240699338008E-07,1.86687197684886,56.5377822362301,15.0001418797996,15.0000532945596,""
178952.509126425,14.9999997695458,2.04661020548393E-07,1.49350073884685,2.55826275685492E-07,1.86687592355856,56.5377672199465,15.0001480826649,15.0000594859783,""
178967.953626394,14.999999680005,2.07266563967561E-07,1.49350392390904,2.59083204959451E-07,1.8668799048863,56.5377522036629,15.000154182477,15.0000655729054,""
178983.398126364,14.9999996950264,2.06951098671464E-07,1.49350709598113,2.5868887333933E-07,1.86688386997641,56.5378068113258,15.0001600805075,15.0000714796069,""
178998.842626572,14.9999998665124,2.02238578350609E-07,1.49351024849901,2.52798222938261E-07,1.86688781062376,56.5378614189895,15.0001659537152,15.0000773641375,""
179014.287126541,15.0000000317896,1.99816600957382E-07,1.49351337831683,2.49770751196727E-07,1.86689172289604,56.5377521679404,15.0001720127113,15.0000834161626,""
179029.731626511,15.0000001877682,2.00845418972395E-07,1.4935164739362,2.51056773715493E-07,1.86689559242025,56.5376429168912,15.0001780945911,15.0000894888184,""
179045.17612648,15.0000002013882,2.00444356382035E-07,1.49351956014318,2.50555445477543E-07,1.86689945017897,56.5374946025916,15.000180164724,15.000091565246,""
179060.62062645,15.0000000016223,1.97887374988449E-07,1.49352263215853,2.47359218735561E-07,1.86690329019816,56.5373462882919,15.0001817401124,15.0000931488431,""
179076.065126419,14.9999999485203,1.96421167463145E-07,1.493525689539,2.45526459328931E-07,1.86690711192375,56.5373466779382,15.000178049681,15.0000894561154,""
179091.509626389,15.0000001154453,1.96600919913562E-07,1.49352872483567,2.45751149891953E-07,1.86691090604459,56.5373470675846,15.0001737090435,15.0000851118844,""
179106.954126596,15.000000223923,1.96591653925648E-07,1.49353175942495,2.45739567407061E-07,1.86691469928118,56.5373857690593,15.000167180086,15.0000785816911,""
179122.398626566,15.0000002446429,1.96296930969291E-07,1.49353479294578,2.45371163711614E-07,1.86691849118223,56.5374244705335,15.0001603805876,15.0000717812484,""
179137.843126535,15.0000003186576,1.95832596455271E-07,1.49353782022155,2.44790745569089E-07,1.86692227527693,56.5373860482049,15.0001519935605,15.0000633897071,""
179153.287626505,15.000000472762,1.95111905685942E-07,1.4935408380583,2.43889882107427E-07,1.86692604757288,56.5373476258763,15.0001434100253,15.0000548012158,""
179168.732126474,15.0000004462622,1.94644139092339E-07,1.49354385094116,2.43305173865424E-07,1.86692981367645,56.537417183791,15.0001354467699,15.0000468393955,""
179184.176626444,15.000000148124,1.94558960095492E-07,1.49354685633045,2.43198700119365E-07,1.86693357041306,56.5374867417057,15.0001275603889,15.0000389552419,""
179199.621126413,15.0000000105547,1.94934328350564E-07,1.49354986778663,2.43667910438205E-07,1.86693733473329,56.5375191452771,15.0001224720022,15.0000338612083,""
179215.065626383,15.0000001146958,1.96006911832144E-07,1.49355288842737,2.45008639790181E-07,1.86694111053422,56.5375515488485,15.0001177308137,15.0000291133959,""
179230.510126352,15.0000001591235,1.96267710965363E-07,1.49355590970336,2.45334638706704E-07,1.8669448871292,56.5375921339288,15.0001152489081,15.0000266284752,""
179245.95462656,15.0000001135857,1.95298565555411E-07,1.49355893194185,2.44123206944264E-07,1.86694866492732,56.5376327190098,15.0001130476985,15.0000244246988,""
179261.39912653,15.0000000431324,1.92637076199067E-07,1.49356191614259,2.40796345248835E-07,1.86695239517824,56.5376155081725,15.0001130222442,15.0000244075999,""
179276.843626499,14.9999999351088,1.87409415038179E-07,1.49356484266517,2.34261768797723E-07,1.86695605333146,56.5375982973353,15.0001132674412,15.0000246625109,""
179292.288126469,14.9999998579945,1.84330570746853E-07,1.49356773823208,2.30413213433566E-07,1.8669596727901,56.537643856075,15.000112153745,15.0000235487563,""
179307.732626438,14.9999998275284,1.84512711432048E-07,1.49357058682155,2.30640889290059E-07,1.86696323352693,56.5376894148147,15.0001108708023,15.0000222645382,""
179323.177126408,14.9999999161662,1.84611114093465E-07,1.49357343635147,2.3076389261683E-07,1.86696679543933,56.5377210196136,15.0001105321191,15.0000219259593,""
179338.621626377,15.0000001847089,1.84582335103547E-07,1.49357628730976,2.30727918879433E-07,1.86697035913719,56.5377526244125,15.0001103111854,15.000021705302,""
179354.066126585,15.0000002588954,1.83716213006157E-07,1.4935791249817,2.29645266257696E-07,1.86697390622712,56.5376678126763,15.0001086633574,15.0000200610132,""
179369.510626554,15.0000000392587,1.81577298455168E-07,1.49358194245779,2.2697162306896E-07,1.86697742807224,56.5375830009414,15.0001068373768,15.0000182389791,""
179384.955126524,14.9999998962485,1.81060044730564E-07,1.4935847587749,2.26325055913204E-07,1.86698094846863,56.5375751868465,15.0001057866552,15.0000171826377,""
179400.399626493,14.9999998691794,1.83009776779972E-07,1.49358757332889,2.28762220974965E-07,1.86698446666111,56.5375673727517,15.0001048328463,15.0000162220131,""
179415.844126463,14.9999999177021,1.83994299959466E-07,1.49359039685174,2.29992874949332E-07,1.86698799606468,56.5377166889031,15.0001047786931,15.000016168817,""
179431.288626432,15.0000000806982,1.83509286360469E-07,1.49359323402976,2.29386607950586E-07,1.86699154253721,56.5378660050544,15.0001048371408,15.0000162291946,""
179446.733126402,15.0000001755215,1.81313285716827E-07,1.49359603884305,2.26641607146034E-07,1.86699504855381,56.5378661732866,15.0001050065968,15.0000164077737,""
179462.177626371,15.0000001670184,1.76510180207801E-07,1.49359879434078,2.20637725259752E-07,1.86699849292598,56.5378663415189,15.0001051899635,15.000016601165,""
179477.622126341,15.0000001731163,1.73155239329118E-07,1.49360151344305,2.16444049161398E-07,1.86700189180381,56.5379018004432,15.0001047974029,15.0000162058765,""
179493.066626549,15.0000002013634,1.72008721984473E-07,1.49360417704295,2.15010902480592E-07,1.86700522130369,56.537937259368,15.0001043325827,15.0000157367283,""
179508.511126518,15.0000001580111,1.71474017587139E-07,1.49360683607263,2.14342521983925E-07,1.86700854509079,56.5379731884972,15.0001034188442,15.0000148256854,""
179523.955626488,15.0000000059531,1.71873074276029E-07,1.49360948812722,2.14841342845037E-07,1.86701186015902,56.5380091176264,15.0001024487127,15.0000138591317,""
179539.400126457,14.9999999458398,1.70503443017649E-07,1.49361211774014,2.13129303772062E-07,1.86701514717517,56.538012436836,15.0001009295137,15.0000123495516,""
179554.844626427,15.0000000254407,1.66432211366837E-07,1.49361471307431,2.08040264208546E-07,1.86701839134288,56.5380157560456,15.0000993412567,15.0000107716733,""
179570.289126396,15.0000000197487,1.63316783934193E-07,1.49361727343544,2.04145979917742E-07,1.8670215917943,56.5380794313867,15.0001015346218,15.000012973098,""
179585.733626366,14.999999884339,1.61662495966682E-07,1.49361978033323,2.02078119958352E-07,1.86702472541654,56.5381431067278,15.0001042041943,15.0000156504379,""
179601.178126574,14.9999997855226,1.60478546197594E-07,1.49362227429615,2.00598182746993E-07,1.86702784287019,56.5381773441929,15.0001080342333,15.000019481916,""
179616.622626543,14.9999997424068,1.60014187696103E-07,1.49362474846933,2.00017734620129E-07,1.86703093558666,56.5382115816575,15.0001120105842,15.0000234589079,""
179632.067126513,14.9999998183389,1.59684644423859E-07,1.49362721905758,1.99605805529823E-07,1.86703402382198,56.538219214052,15.0001126486286,15.0000241004897,""
179647.511626482,15.0000000756346,1.59561528641023E-07,1.49362968415664,1.99451910801279E-07,1.86703710519579,56.5382268464465,15.0001128652661,15.0000243210302,""
179662.956126451,15.0000002334416,1.59026299524202E-07,1.49363214138835,1.98782874405253E-07,1.86704017673544,56.5382307471425,15.0001098912461,15.0000213484098,""
179678.400626421,15.000000239553,1.57859534197079E-07,1.4936345865639,1.97324417746349E-07,1.86704323320488,56.5382346478384,15.0001065139676,15.0000179722145,""
179693.84512639,15.0000001530965,1.55890378776616E-07,1.4936370051199,1.9486297347077E-07,1.86704625639987,56.5381177021657,15.0001008577544,15.000012327249,""
179709.28962636,14.9999999253757,1.52690613971165E-07,1.49363938285002,1.90863267463956E-07,1.86704922856253,56.5380007564931,15.0000949131628,15.0000063951914,""
179724.734126329,14.9999998285312,1.50552186524956E-07,1.49364173797949,1.88190233156196E-07,1.86705217247436,56.5380494732036,15.0000942868016,15.0000057703612,""
179740.178626537,14.9999999315826,1.50042834717846E-07,1.49364405841864,1.87553543397307E-07,1.8670550730233,56.5380981899148,15.0000943342312,15.0000058179277,""
179755.623126507,14.9999999882176,1.50466784746715E-07,1.49364638706934,1.88083480933393E-07,1.86705798383668,56.5381187590855,15.0000973567472,15.0000088388971,""
179771.067626476,14.9999999738971,1.52324450616537E-07,1.49364872833451,1.9040556327067E-07,1.86706091041814,56.5381393282562,15.0001007566477,15.0000122370373,""
179786.512126446,14.9999999503236,1.52650751579114E-07,1.49365106856245,1.90813439473892E-07,1.86706383570306,56.5381203398634,15.0001022333412,15.0000137201405,""
179801.956626415,14.9999999125933,1.50622692305835E-07,1.49365340719572,1.88278365382294E-07,1.86706675899465,56.5381013514705,15.0001034657837,15.0000149600302,""
179817.401126385,14.999999956925,1.50588023764625E-07,1.49365575194039,1.88235029705781E-07,1.86706968992548,56.5380818286013,15.0001033968705,15.0000148776033,""
179832.845626354,15.0000001269179,1.53620540448653E-07,1.49365810608851,1.92025675560816E-07,1.86707263261063,56.5380623057321,15.0001031624825,15.0000146270363,""
179848.290126562,15.0000001093298,1.55026737482627E-07,1.49366047199964,1.93783421853284E-07,1.86707558999955,56.5380405889694,15.0001046648056,15.000016131817,""
179863.734626532,14.9999998042539,1.53928516330005E-07,1.49366285602489,1.92410645412506E-07,1.86707857003111,56.538018872207,15.0001063882285,15.0000178600702,""
179879.179126501,14.9999996509895,1.51831612986419E-07,1.49366521127392,1.89789516233024E-07,1.8670815140924,56.5378813611953,15.0001121206063,15.000023599251,""
179894.623626471,14.9999997305917,1.48195557102223E-07,1.49366752217353,1.85244446377779E-07,1.86708440271691,56.5377438501836,15.0001183639791,15.0000298496783,""
179910.06812644,14.9999998962656,1.46204793183526E-07,1.49366981430627,1.82755991479408E-07,1.86708726788284,56.537775238209,15.0001209836029,15.0000324659409,""
179925.51262641,15.0000001940796,1.46751790946929E-07,1.49367207749229,1.83439738683662E-07,1.86709009686536,56.5378066262344,15.0001231407737,15.0000346184212,""
179940.957126379,15.0000002977486,1.46171167434942E-07,1.4936743299041,1.82713959293677E-07,1.86709291238013,56.5378160154942,15.0001236803294,15.0000351628197,""
179956.401626348,15.0000001031041,1.43849840905993E-07,1.49367656568384,1.79812301132491E-07,1.86709570710479,56.5378254047541,15.0001240132003,15.0000355017516,""
179971.846126318,14.9999999552114,1.42359081930484E-07,1.493678786115,1.77948852413104E-07,1.86709848264375,56.5379011167737,15.0001227864514,15.0000342731671,""
179987.290626526,14.9999998792168,1.42151510112085E-07,1.49368098283341,1.77689387640106E-07,1.86710122854176,56.5379768287945,15.0001213601877,15.0000328440576,""
180002.735126495,14.9999999154344,1.42339112478919E-07,1.49368318313726,1.77923890598648E-07,1.86710397892158,56.5379542169334,15.0001191160707,15.0000305972008,""
180018.179626465,15.0000001243671,1.4313773747183E-07,1.49368538898504,1.78922171839788E-07,1.8671067362313,56.5379316050723,15.0001167672036,15.0000282456076,""
180033.624126434,15.0000001745156,1.423788170336E-07,1.49368758045953,1.77973521292001E-07,1.86710947557441,56.5376718111204,15.0001162422674,15.0000277254328,""
180049.068626404,14.9999999800563,1.39209640446054E-07,1.49368974969176,1.74012050557568E-07,1.8671121871147,56.5374120171685,15.00011595122,15.0000274401068,""
180064.513126612,14.9999998907419,1.37399765677683E-07,1.49369190150769,1.71749707097104E-07,1.86711487688461,56.5374943712626,15.0001144355221,15.0000259211586,""
180079.957626581,14.9999999635425,1.37695085187648E-07,1.49369402635033,1.7211885648456E-07,1.86711753293791,56.5375767253554,15.0001127625946,15.0000242438288,""
180095.402126551,15.0000000001598,1.37632416206011E-07,1.49369614924114,1.72040520257515E-07,1.86712018655142,56.5375676888979,15.0001106475437,15.0000221310507,""
180110.84662652,14.9999999809409,1.37014867068399E-07,1.49369826910662,1.71268583835498E-07,1.86712283638327,56.5375586524404,15.0001084756617,15.0000199622993,""
180126.29112649,14.9999999336659,1.36865427780249E-07,1.49370038872491,1.71081784725311E-07,1.86712548590613,56.5376751513233,15.0001061538412,15.0000176370941,""
180141.735626459,14.999999843059,1.37442147686213E-07,1.49370250795974,1.71802684607766E-07,1.86712813494968,56.5377916502062,15.0001038127244,15.000015291754,""
180157.180126429,14.9999998213514,1.36238124085807E-07,1.49370460666898,1.70297655107259E-07,1.86713075833623,56.537710742399,15.0001053897971,15.0000168785397,""
180172.624626398,14.9999999061482,1.32269455145584E-07,1.49370667351177,1.6533681893198E-07,1.86713334188971,56.5376298345917,15.0001074717286,15.0000189719799,""
180188.069126368,14.999999931837,1.28541721026856E-07,1.4937086960689,1.6067715128357E-07,1.86713587008612,56.5376749181932,15.0001103785098,15.0000218828219,""
180203.513626575,14.9999998660784,1.25188348818221E-07,1.49371064981547,1.56485436022777E-07,1.86713831226934,56.5377200017955,15.0001133917003,15.0000248991122,""
180218.958126545,14.9999998559958,1.25008715516416E-07,1.49371261203952,1.5626089439552E-07,1.8671407650494,56.5377573713269,15.0001137249973,15.0000252252574,""
180234.402626514,14.9999999321252,1.29764426159978E-07,1.49371458744658,1.62205532699972E-07,1.86714323430823,56.5377947408583,15.000113712163,15.0000252039472,""
180249.847126484,15.0000000291396,1.32019348506138E-07,1.49371658169701,1.65024185632672E-07,1.86714572712126,56.5378380473791,15.0001155290046,15.0000270229291,""
180265.291626453,15.0000001585216,1.30382230386299E-07,1.49371860527385,1.62977787982873E-07,1.86714825659231,56.5378813539,15.0001175824469,15.0000290798846,""
180280.736126423,15.0000001189495,1.28595651229514E-07,1.49372060676813,1.60744564036893E-07,1.86715075846017,56.5378339796983,15.0001196839145,15.0000311809083,""
180296.180626392,14.99999981731,1.2657627224432E-07,1.49372257386672,1.582203403054E-07,1.8671532173334,56.5377866054965,15.0001217915997,15.0000332876373,""
180311.6251266,14.9999998317104,1.25506911064478E-07,1.49372453126029,1.56883638830598E-07,1.86715566407537,56.5379045846184,15.0001229190456,15.0000344126288,""
180327.06962657,15.0000003367464,1.25918500969621E-07,1.49372647352497,1.57398126212026E-07,1.86715809190621,56.5380225637386,15.000123919431,15.0000354103656,""
180342.514126539,15.0000005250228,1.26151286037551E-07,1.49372841799429,1.57689107546939E-07,1.86716052249286,56.5381015444684,15.0001213360214,15.0000328261401,""
180357.958626509,15.0000002211239,1.26105110689603E-07,1.49373036590316,1.57631388362004E-07,1.86716295737895,56.5381805251983,15.0001182875201,15.0000297770608,""
180373.403126478,14.9999999604805,1.25873343110074E-07,1.49373231038847,1.57341678887593E-07,1.86716538798559,56.5381129681407,15.0001166104526,15.000028098109,""
180388.847626448,14.9999997671045,1.25351789413384E-07,1.4937342495282,1.5668973676673E-07,1.86716781191025,56.5380454110832,15.0001151115766,15.000026597179,""
180404.292126417,14.9999997832964,1.24182018462051E-07,1.49373617236848,1.55227523077564E-07,1.8671702154606,56.5378801180267,15.0001163790885,15.000027866273,""
180419.736626387,15.000000125671,1.21999286176525E-07,1.49373806973781,1.52499107720656E-07,1.86717258717226,56.5377148249702,15.0001180064673,15.0000294957066,""
180435.181126356,15.0000002678739,1.20990660051766E-07,1.49373995894366,1.51238325064708E-07,1.86717494867958,56.5377774757961,15.0001223650931,15.0000338495253,""
180450.625626564,15.0000000982509,1.21818294094472E-07,1.49374183538217,1.5227286761809E-07,1.86717729422771,56.5378401266231,15.0001270794367,15.000038558168,""
180466.070126534,15.0000000368273,1.21527506898736E-07,1.49374370451232,1.5190938362342E-07,1.8671796306404,56.537825446888,15.0001293083814,15.0000407901769,""
180481.514626503,15.000000144101,1.19486120032843E-07,1.49374556220317,1.49357650041053E-07,1.86718195275397,56.537810767153,15.0001312132434,15.0000426992459,""
180496.959126472,15.0000002147067,1.17257231091334E-07,1.49374739242666,1.46571538864168E-07,1.86718424053332,56.537996019109,15.0001323052779,15.0000437976835,""
180512.403626442,15.000000228093,1.14734616271325E-07,1.49374917962194,1.43418270339157E-07,1.86718647452742,56.538181271065,15.0001332911984,15.0000447902935,""
180527.848126411,15.0000001598171,1.12721728937922E-07,1.49375094434208,1.40902161172403E-07,1.8671886804276,56.5381867902181,15.0001340229734,15.0000455235851,""
180543.292626381,14.999999964,1.11507992773262E-07,1.49375267382569,1.39384990966579E-07,1.86719084228211,56.5381923093712,15.0001347215306,15.0000462229827,""
180558.737126589,14.9999999097857,1.10676194684324E-07,1.49375439461413,1.38345243355406E-07,1.86719299326766,56.5381076983936,15.0001375058764,15.0000490066201,""
180574.181626558,15.0000000769192,1.10443688890929E-07,1.49375610175908,1.38054611113661E-07,1.86719512719885,56.5380230874173,15.0001405631661,15.0000520629988,""
180589.626126528,15.0000000753212,1.0901066052504E-07,1.49375778756638,1.36263325656299E-07,1.86719723445798,56.5381460905164,15.0001428825116,15.0000543924065,""
180605.070626497,14.9999998097422,1.05692373620769E-07,1.49375943986579,1.32115467025961E-07,1.86719929983224,56.5382690936155,15.0001451051763,15.0000566265711,""
180620.515126467,14.9999996801021,1.05501103365717E-07,1.49376110060409,1.31876379207146E-07,1.86720137575511,56.5381319259484,15.0001464041144,15.0000579112909,""
180635.959626436,14.9999997633222,1.10224405387822E-07,1.49376277460536,1.37780506734777E-07,1.8672034682567,56.5379947582812,15.0001475818886,15.0000590714734,""
180651.404126406,14.9999998574951,1.1193837741731E-07,1.49376445883497,1.39922971771638E-07,1.86720557354371,56.5379964938529,15.0001455426835,15.0000570393307,""
180666.848626375,14.9999999688331,1.08918871504387E-07,1.49376615915307,1.36148589380484E-07,1.86720769894134,56.5379982294245,15.0001430810133,15.0000545879606,""
180682.293126345,15.0000000063307,1.06832887016885E-07,1.49376783765469,1.33541108771107E-07,1.86720979706837,56.5378481564089,15.0001382955575,15.000049799206,""
180697.737626553,14.9999999280058,1.06216471275558E-07,1.49376948181238,1.32770589094448E-07,1.86721185226547,56.537698083391,15.0001332045739,15.0000447031356,""
180713.182126522,14.999999861064,1.05941956243444E-07,1.49377112385742,1.32427445304305E-07,1.86721390482178,56.5376509762548,15.0001268321466,15.0000383306153,""
180728.626626492,14.9999998119923,1.06206108647218E-07,1.49377276257402,1.32757635809022E-07,1.86721595321753,56.5376038691185,15.0001202910385,15.0000317900715,""
180744.071126461,14.9999998192393,1.07060876289834E-07,1.49377441358006,1.33826095362292E-07,1.86721801697508,56.5377759249119,15.0001185248685,15.0000300150522,""
180759.515626431,14.9999999149771,1.08846924657466E-07,1.49377608396407,1.36058655821832E-07,1.86722010495508,56.5379479807053,15.0001173879804,15.0000288680742,""
180774.9601264,14.9999999999682,1.08205300109545E-07,1.4937777382516,1.35256625136931E-07,1.8672221728145,56.5378382529914,15.0001179648552,15.0000294540942,""
180790.404626369,15.0000000680589,1.03732593896433E-07,1.49377936713748,1.29665742370542E-07,1.86722420892185,56.5377285252775,15.00011876785,15.0000302687723,""
180805.849126577,15.0000001587227,1.00180678521568E-07,1.49378095667846,1.2522584815196E-07,1.86722619584807,56.5376086170253,15.0001157004871,15.0000272022495,""
180821.293626547,15.0000002849154,9.80830416572697E-08,1.49378248407882,1.22603802071588E-07,1.86722810509853,56.5374887087749,15.000112121855,15.0000236230251,""
180836.738126516,15.0000002801983,9.57713959772241E-08,1.4937839830638,1.19714244971531E-07,1.86722997882975,56.5374783620527,15.0001082694468,15.0000197786272,""
180852.182626486,15.000000069257,9.31214724103996E-08,1.49378543713335,1.16401840513E-07,1.86723179641669,56.5374680153306,15.0001043808307,15.000015899159,""
180867.627126455,14.9999999610916,9.1119732054004E-08,1.49378686950967,1.13899665067505E-07,1.86723358688708,56.5375372100085,15.0001036115474,15.0000151316102,""
180883.071626425,15.0000000149702,9.01433961270451E-08,1.49378826756801,1.12679245158807E-07,1.86723533446001,56.5376064046864,15.0001032552922,15.0000147761078,""
180898.516126394,15.0000000119589,9.00769530281303E-08,1.49378966800502,1.12596191285163E-07,1.86723708500628,56.5376746315188,15.000105375065,15.0000168943898,""
180913.960626364,14.9999999191736,9.14511091831726E-08,1.4937910722081,1.14313886478965E-07,1.86723884026012,56.5377428583512,15.0001078230708,15.0000193406075,""
180929.405126333,14.9999999351858,9.22187216448971E-08,1.49379248346713,1.15273402056121E-07,1.86724060433391,56.5377125028033,15.0001135706264,15.0000250907621,""
180944.849626541,15.0000001230324,9.20252294918962E-08,1.49379390590676,1.1503153686487E-07,1.86724238238345,56.537682147255,15.000119756097,15.0000312794142,""
180960.294126511,15.0000002148151,9.17977312273278E-08,1.49379532550955,1.1474716403416E-07,1.86724415688694,56.5377194424389,15.0001217347343,15.0000332542482,""
180975.73862648,15.0000001547442,9.1516304105394E-08,1.49379674061356,1.14395380131743E-07,1.86724592576695,56.5377567376228,15.0001231543886,15.0000346691713,""
180991.18312645,15.0000000498417,9.05271848253672E-08,1.49379814142617,1.13158981031709E-07,1.86724767678271,56.5375507834832,15.0001206122724,15.0000321339905,""
181006.627626419,14.9999998740101,8.84148468638534E-08,1.49379951955608,1.10518558579817E-07,1.86724939944511,56.5373448293436,15.0001175431205,15.000029073326,""
181022.072126389,14.9999998291285,8.65164788432164E-08,1.49380087578124,1.08145598554021E-07,1.86725109472655,56.5374667855981,15.000113265135,15.0000247941674,""
181037.516626358,14.9999999916044,8.49579930825507E-08,1.49380219721161,1.06197491353188E-07,1.86725274651451,56.5375887418527,15.0001088261501,15.0000203527226,""
181052.961126566,15.0000001406783,8.35612402358852E-08,1.4938035025497,1.04451550294856E-07,1.86725437818712,56.5375420021421,15.0001052081909,15.0000167392283,""
181068.405626535,15.0000002685118,8.24216039682842E-08,1.49380478230488,1.03027004960355E-07,1.8672559778811,56.5374952624323,15.0001016997084,15.000013236134,""
181083.850126505,15.0000002513756,8.10870937863484E-08,1.4938060454627,1.01358867232936E-07,1.86725755682837,56.5375291370127,15.0001026076091,15.0000141458748,""
181099.294626474,15.0000000042853,7.94425268464094E-08,1.49380728221307,9.93031585580116E-08,1.86725910276634,56.5375630115931,15.0001041050827,15.0000156447147,""
181114.739126444,14.9999999218222,7.79683486897714E-08,1.49380850199776,9.7460435862214E-08,1.8672606274972,56.5376661466025,15.0001084481769,15.0000199910693,""
181130.183626413,15.0000001007194,7.67654922259852E-08,1.49380969476683,9.59568652824819E-08,1.86726211845854,56.5377692816119,15.0001131715949,15.0000247180008,""
181145.628126383,15.0000001064842,7.63339215540343E-08,1.49381088512254,9.54174019425435E-08,1.86726360640318,56.5377217531484,15.0001154482808,15.0000269923685,""
181161.072626352,14.9999998371482,7.71315292517949E-08,1.49381207163214,9.64144115647439E-08,1.86726508954018,56.5376742246849,15.0001173975746,15.0000289385638,""
181176.517126322,14.9999997759217,7.70948402527339E-08,1.49381325475033,9.63685503159174E-08,1.86726656843791,56.5376793872152,15.0001189216597,15.0000304659397,""
181191.96162653,15.0000000456585,7.57274632622225E-08,1.49381443245929,9.46593290777781E-08,1.86726804057411,56.5376845497456,15.0001203887823,15.0000319372091,""
181207.406126499,15.0000001824557,7.44054645153235E-08,1.49381559459939,9.30068306441546E-08,1.86726949324923,56.5375810249263,15.0001200585276,15.0000316092881,""
181222.850626469,15.0000001076518,7.31559025847244E-08,1.49381673188709,9.14448782309061E-08,1.86727091485886,56.537477500107,15.00011948721,15.000031040061,""
181238.295126438,14.9999999721629,7.22095017333819E-08,1.49381785899699,9.0261877166728E-08,1.86727232374624,56.5375720731041,15.000120837887,15.0000323931635,""
181253.739626408,14.9999997399976,7.17474311167602E-08,1.49381896984682,8.96842888959502E-08,1.86727371230852,56.5376666461013,15.0001224466396,15.0000340043866,""
181269.184126377,14.9999996606728,7.10247706013768E-08,1.49382007117917,8.87809632517208E-08,1.86727508897396,56.5376970906587,15.0001241425332,15.0000357005083,""
181284.628626347,14.9999998250459,6.98854498613507E-08,1.4938211572939,8.73568123266886E-08,1.86727644661738,56.5377275352161,15.0001258501412,15.0000374080431,""
181300.073126554,14.9999999904781,6.90012203184655E-08,1.49382223381308,8.62515253980823E-08,1.86727779226635,56.5377684696399,15.0001252531272,15.0000368078451,""
181315.517626524,15.0000001576003,6.85251939562922E-08,1.49382329497717,8.56564924453657E-08,1.86727911872146,56.537809404063,15.0001243459421,15.0000358970573,""
181330.962126493,15.0000001859496,6.76407455181645E-08,1.49382434418018,8.45509318977059E-08,1.86728043022523,56.5378483374397,15.0001219673783,15.0000335276107,""
181346.406626463,14.9999999926482,6.6102193483473E-08,1.49382537422709,8.26277418543413E-08,1.86728171778387,56.5378872708164,15.0001193905573,15.0000309616209,""
181361.851126432,14.9999998717226,6.53713025552455E-08,1.49382639848881,8.17141281940568E-08,1.86728299811101,56.5378578076714,15.0001200164223,15.0000315818528,""
181377.295626402,14.9999998664968,6.59349741514903E-08,1.49382741347772,8.24187176893626E-08,1.86728426684714,56.5378283445263,15.000121074324,15.0000326319004,""
181392.740126371,14.9999998533612,6.52998269457193E-08,1.49382841663623,8.16247836821486E-08,1.86728552079528,56.5377966276491,15.0001256889054,15.0000372524406,""
181408.184626579,14.9999998275701,6.2741570227572E-08,1.49382940081678,7.84269627844646E-08,1.86728675102098,56.5377649107714,15.0001307838313,15.0000423551909,""
181423.629126549,14.999999839971,6.12220183757453E-08,1.49383037070916,7.65275229696812E-08,1.86728796338646,56.5378527942502,15.0001326075936,15.0000441776937,""
181439.073626518,14.999999913531,6.13700948028129E-08,1.49383131766206,7.6712618503516E-08,1.86728914707758,56.5379406777291,15.0001339890615,15.0000455566738,""
181454.518126488,15.0000000313994,6.11789011140904E-08,1.49383226112938,7.64736263926131E-08,1.86729032641172,56.5379188541281,15.0001318222947,15.0000433924359,""
181469.962626457,15.0000002202832,6.04425656389763E-08,1.49383319899603,7.55532070487207E-08,1.86729149874504,56.537897030527,15.000129175217,15.0000407485661,""
181485.407126427,15.0000002174459,5.89768463743811E-08,1.49383411687508,7.37210579679767E-08,1.86729264609386,56.5378888562014,15.0001289768895,15.000040553329,""
181500.851626396,14.9999999070614,5.63381844618119E-08,1.49383500261153,7.04227305772651E-08,1.86729375326441,56.5378806818759,15.0001291104221,15.0000406899362,""
181516.296126604,14.9999998123821,5.23908155668305E-08,1.49383583689587,6.54885194585381E-08,1.86729479611984,56.5380468994625,15.0001308872984,15.0000424821698,""
181531.740626574,15.0000000640228,4.63371481998998E-08,1.49383658837059,5.79214352498748E-08,1.86729573546324,56.5382131170466,15.0001328871407,15.0000444990361,""
181547.185126543,15.0000002148775,4.12048315582942E-08,1.49383728244643,5.15060394478677E-08,1.86729660305803,56.5382392350726,15.0001318289977,15.000043453406,""
181562.629626513,15.0000002037772,3.75566021821944E-08,1.49383788406565,4.69457527277431E-08,1.86729735508206,56.5382653530985,15.0001303554748,15.0000419917833,""
181578.074126482,15.0000001748238,3.41719638109832E-08,1.49383844661049,4.27149547637289E-08,1.86729805826311,56.5383614864034,15.0001302429597,15.000041895366,""
181593.518626451,15.000000117157,3.12122599983283E-08,1.49383894616358,3.90153249979101E-08,1.86729868270447,56.5384576197082,15.000130315529,15.000041984604,""
181608.963126421,15.0000002137664,2.88576243249661E-08,NaN,3.60720304062073E-08,NaN,56.5384188141187,15.0001314173187,15.0000430962985,""
181622.302088261,15.0000005116879,2.76671370773367E-08,NaN,3.45839213466704E-08,NaN,56.5383852988688,15.0001324899243,15.0000441766631,"Ampoule removed"
181637.74658823,15.0000006510174,2.65950150708227E-08,NaN,3.3243768838528E-08,NaN,56.5384312635842,15.0001304699872,15.0000421650352,""
181655.296626568,15.0000000957031,2.64428121739005E-08,NaN,3.30535152173758E-08,NaN,56.5384986997304,15.000126897413,15.0000386016386,""
181670.741126537,14.9999999796687,2.55178197810179E-08,NaN,3.18972747262727E-08,NaN,56.5385032545322,15.0001245749427,15.0000362899336,""
181686.185626507,15.0000004645402,2.33144274671342E-08,NaN,2.91430343339179E-08,NaN,56.538507809334,15.0001223645725,15.0000340906957,""
181701.630126476,15.0000005950123,2.23017498850457E-08,NaN,2.78771873563072E-08,NaN,56.538549917264,15.000122904631,15.0000346340549,""
181717.074626446,15.0000001535232,2.3214946536987E-08,NaN,2.90186831712341E-08,NaN,56.538592025194,15.0001238204417,15.0000355520965,""
181732.519126415,14.9999999484564,2.35954744625262E-08,NaN,2.94943430781581E-08,NaN,56.5386022934358,15.0001247747746,15.0000365121699,""
181747.963626385,15.0000001252793,2.31137493147739E-08,NaN,2.88921866434672E-08,NaN,56.5386125616775,15.0001257343763,15.0000374779922,""
181763.408126593,15.0000002077896,2.23674154896935E-08,NaN,2.79592693621164E-08,NaN,56.538734795427,15.00012662187,15.0000383678431,""
181778.852626562,15.0000001378258,2.11923959514081E-08,NaN,2.64904949392597E-08,NaN,56.5388570291746,15.00012749949,15.0000392472913,""
181794.297126532,14.9999999615333,2.04104381686481E-08,NaN,2.55130477108097E-08,NaN,56.5389050844339,15.0001290969422,15.0000408501629,""
181809.741626501,14.9999996131913,2.02657940528118E-08,NaN,2.53322425660144E-08,NaN,56.5389531396932,15.0001307930728,15.0000425522053,""
181825.186126471,14.9999995326698,1.99234420140852E-08,NaN,2.49043025176063E-08,NaN,56.539050713569,15.0001294990567,15.0000412593766,""
181840.63062644,14.9999998858818,1.92602606127439E-08,NaN,2.40753257659303E-08,NaN,56.5391482874447,15.0001277946676,15.0000395555265,""
181856.07512641,15.0000000314355,1.8409290374331E-08,NaN,2.30116129679145E-08,NaN,56.5391260022916,15.0001258004756,15.0000375643489,""
181871.519626379,14.9999998403965,1.72533358651256E-08,NaN,2.15666698314073E-08,NaN,56.5391037171385,15.0001237664651,15.000035533693,""
181886.964126348,14.9999997147267,1.5645878355726E-08,NaN,1.95573479446575E-08,NaN,56.5390877919429,15.0001283902074,15.0000401638416,""
181902.408626556,14.9999996951059,1.33045391851167E-08,NaN,1.66306739813959E-08,NaN,56.5390718667471,15.000133929757,15.0000457102172,""
181917.853126526,14.9999997717513,1.20344436936032E-08,NaN,1.50430546170039E-08,NaN,56.5390553800891,15.0001410165965,15.0000527969458,""
181933.297626495,15.0000000047055,1.25070030435462E-08,NaN,1.56337538044325E-08,NaN,56.5390388934312,15.0001483165159,15.0000600957991,""
181948.742126465,15.0000000899261,1.3162877579789E-08,NaN,1.64535969747358E-08,NaN,56.5390343646409,15.0001501396592,15.0000619159632,""
181964.186626434,14.9999999350618,1.41172074938405E-08,NaN,1.76465093673002E-08,NaN,56.5390298358507,15.0001512077282,15.0000629807894,""
181979.631126404,15.0000000094334,1.4992369521494E-08,NaN,1.87404619018671E-08,NaN,56.5390612513586,15.0001499241879,15.0000616963415,""
181995.075626373,15.0000004566647,1.57385320779769E-08,NaN,1.9673165097471E-08,NaN,56.5390926668666,15.0001483160665,15.0000600876348,""
182010.520126581,15.0000005122311,1.47955508057977E-08,NaN,1.84944385072471E-08,NaN,56.539127693722,15.0001472787619,15.0000590552873,""
182025.964626551,14.9999999301884,1.1097938087367E-08,NaN,1.38724226092087E-08,NaN,56.5391627205768,15.000146320334,15.0000581025821,""
182041.40912652,14.999999713903,9.10283839850856E-09,NaN,1.13785479981356E-08,NaN,56.5391650590214,15.0001460506803,15.0000578303289,""
182056.85362649,15.0000000935677,9.88646241683229E-09,NaN,1.23580780210401E-08,NaN,56.5391673974659,15.0001458763106,15.0000576522085,""
182072.298126459,15.0000002980915,1.04027395684165E-08,NaN,1.30034244605201E-08,NaN,56.5390667653499,15.0001442636264,15.0000560362759,""
182087.742626429,15.000000217,1.0482311736241E-08,NaN,1.31028896703005E-08,NaN,56.5389661332339,15.0001424517418,15.0000542212126,""
182103.187126398,15.0000001039784,1.01609892812088E-08,NaN,1.27012366015101E-08,NaN,56.5389880323355,15.0001416324573,15.0000534025724,""
182118.631626368,14.9999999388407,9.18427430784559E-09,NaN,1.14803428848061E-08,NaN,56.5390099314372,15.0001409507993,15.0000527220888,""
182134.076126337,14.9999998345937,8.60545648823393E-09,NaN,1.07568206102919E-08,NaN,56.5390488763698,15.0001409833452,15.0000527507291,""
182149.520626545,14.9999998298182,8.67766769367952E-09,NaN,1.08470846170997E-08,NaN,56.5390878213031,15.0001411150294,15.0000528778025,""
182164.965126514,14.9999998958864,8.77667335981475E-09,NaN,1.09708416997691E-08,NaN,56.5390648075941,15.0001466154371,15.0000583753732,""
182180.409626484,15.000000077786,8.91955561606567E-09,NaN,1.11494445200824E-08,NaN,56.5390417938852,15.0001528619177,15.0000646192634,""
182195.854126453,15.000000109854,8.7150811090194E-09,NaN,1.08938513862742E-08,NaN,56.5390976775793,15.0001613347181,15.0000730899041,""
182211.298626423,14.9999998967296,7.94133170795656E-09,NaN,9.9266646349457E-09,NaN,56.5391535612734,15.0001701172521,15.0000818703383,""
182226.743126392,14.9999998155054,7.10235645595463E-09,NaN,8.87794556994321E-09,NaN,56.5390823891266,15.0001774661246,15.0000892180561,""
182242.187626362,14.9999999503171,6.15639580520954E-09,NaN,7.69549475651164E-09,NaN,56.5390112169798,15.0001846153158,15.000096366224,""
182257.63212657,15.000000082772,4.36116200616759E-09,NaN,5.45145250770923E-09,NaN,56.5391389700254,15.0001914804458,15.0001032362842,""
182273.076626539,15.0000002113634,1.17177447835469E-09,NaN,1.46471809794352E-09,NaN,56.539266723069,15.0001983059669,15.0001100675655,""
182288.521126509,15.0000002140912,-6.34207664298875E-10,NaN,-7.92759580373331E-10,NaN,56.5391720570917,15.0001987427672,15.0001104991834,""
182303.965626478,15.0000000103115,-1.67336674115E-10,NaN,-2.09170842643911E-10,NaN,56.5390773911144,15.0001982877339,15.0001100374403,""
182319.410126448,14.9999999272719,4.43274960313626E-10,NaN,5.54093700392089E-10,NaN,56.5392706485275,15.0001919494935,15.0001036974609,""
182334.854626417,15.0000000425063,1.29023909372031E-09,NaN,1.61279886715172E-09,NaN,56.5394639059407,15.0001847890616,15.0000965359847,""
182350.299126387,15.0000001016604,1.77960357996714E-09,NaN,2.22450447496072E-09,NaN,56.5394790935681,15.0001761678368,15.0000879122684,""
182365.743626356,15.000000068642,1.68048161936322E-09,NaN,2.10060202420497E-09,NaN,56.5394942811955,15.0001673422333,15.0000790839707,""
182381.188126326,14.9999999965186,1.4964396559639E-09,NaN,1.87054956995514E-09,NaN,56.5394352113521,15.0001624496222,15.0000741857386,""
182396.632626534,14.999999860067,1.17253294300573E-09,NaN,1.46566617875701E-09,NaN,56.5393761415077,15.000158107893,15.0000698379783,""
182412.077126503,14.9999997623687,1.40463799236014E-09,NaN,1.75579749044983E-09,NaN,56.5395134309304,15.0001556694469,15.0000673931181,""
182427.521626472,14.9999997284756,2.55326129846409E-09,NaN,3.19157662307998E-09,NaN,56.5396507203531,15.0001534978871,15.0000652150904,""
182442.966126442,14.9999998455972,2.92710527781179E-09,NaN,3.65888159726482E-09,NaN,56.5395568845705,15.0001462342822,15.0000579482416,""
182458.410626411,15.0000002115728,2.02276295551162E-09,NaN,2.52845369438981E-09,NaN,56.5394630487879,15.0001382558478,15.000049967016,""
182473.855126381,15.0000002592882,3.07106178238273E-09,NaN,3.83882722797875E-09,NaN,56.5396396074866,15.0001267310371,15.0000384259072,""
182489.29962635,14.9999997820913,7.34337992075925E-09,NaN,9.17922490094919E-09,NaN,56.5398161661854,15.0001147078219,15.0000263844958,""
182504.744126558,14.9999995529384,9.42527546331429E-09,NaN,1.17815943291432E-08,NaN,56.5397320957203,15.0001100138772,15.0000216867729,""
182520.188626528,14.9999997332455,7.88755720035861E-09,NaN,9.85944650044943E-09,NaN,56.5396480252565,15.0001063511356,15.0000180222816,""
182535.633126497,14.9999998307128,5.65748498545466E-09,NaN,7.07185623181971E-09,NaN,56.5395315153058,15.0001048780698,15.0000165485488,""
182551.077626467,14.9999997913128,2.28237005554571E-09,NaN,2.85296256943267E-09,NaN,56.5394150053552,15.0001037134287,15.0000153833932,""
182566.522126436,14.9999997407945,-1.23874306130652E-09,NaN,-1.54842882663315E-09,NaN,56.5395252048314,15.0001019303973,15.0000136041201,""
182581.966626406,14.9999996718905,-5.00151368206344E-09,NaN,-6.2518921025793E-09,NaN,56.5396354043076,15.0001000601657,15.0000117382493,""
182597.411126375,14.9999996230786,-7.92585103250377E-09,NaN,-9.90731379062963E-09,NaN,56.5397232823273,15.0001024889119,15.0000141685496,""
182612.855626345,14.9999996075205,-9.46125735098132E-09,NaN,-1.18265716887264E-08,NaN,56.539811160347,15.0001055245417,15.0000172053372,""
182628.300126314,14.9999995277973,-9.83085129949276E-09,NaN,-1.22885641243656E-08,NaN,56.5398543311705,15.000107708239,15.0000193834999,""
182643.744626522,14.9999993417834,-8.26758581668448E-09,NaN,-1.03344822708555E-08,NaN,56.5398975019947,15.0001097715352,15.0000214403158,""
182659.189126492,14.999999301914,-6.46740669070391E-09,NaN,-8.08425836337989E-09,NaN,56.5399411371057,15.0001120821116,15.0000237448103,""
182674.633626461,14.9999995043468,-4.27411113468104E-09,NaN,-5.3426389183513E-09,NaN,56.5399847722167,15.0001144276744,15.0000260843476,""
182690.078126431,14.9999996360608,-2.27556887779406E-09,NaN,-2.84446109724217E-09,NaN,56.5398243618411,15.0001174040323,15.0000290536683,""
182705.5226264,14.9999996504231,-6.00453030146232E-10,NaN,-7.50566287681333E-10,NaN,56.5396639514655,15.0001204697376,15.0000321121932,""
182720.967126608,14.9999996989301,-3.12165712638715E-12,NaN,-3.90207140626404E-12,NaN,56.5395942416473,15.0001227817301,15.000034418305,""
182736.411626577,14.9999998041464,-1.19714758087422E-09,NaN,-1.49643447609211E-09,NaN,56.5395245318302,15.000124986846,15.0000366177245,""
182751.856126547,14.9999998432564,-2.22359125767398E-09,NaN,-2.7794890720924E-09,NaN,56.5395542969612,15.0001232665873,15.0000348905173,""
182767.300626516,14.9999997724776,-2.97127006718899E-09,NaN,-3.71408758398595E-09,NaN,56.5395840620921,15.0001209890902,15.000032605894,""
182782.745126486,14.9999996885455,-4.37982920175291E-09,NaN,-5.4747865021908E-09,NaN,56.5394913601579,15.0001207301133,15.0000323488781,""
182798.189626455,14.9999995827294,-6.88864156225429E-09,NaN,-8.61080195281773E-09,NaN,56.5393986582237,15.0001207580002,15.0000323800175,""
182813.634126425,14.9999996847028,-8.83473660232564E-09,NaN,-1.1043420752907E-08,NaN,56.5393535699878,15.0001244487501,15.0000360667726,""
182829.078626394,15.0000001326899,-9.84322649408121E-09,NaN,-1.23040331176015E-08,NaN,56.5393084817519,15.0001286606297,15.000040273626,""
182844.523126364,15.0000003082656,-1.0500795981017E-08,NaN,-1.31259949762711E-08,NaN,56.53921422871,15.0001306975726,15.0000423117409,""
182859.967626572,15.0000000298225,-1.05731736188327E-08,NaN,-1.32164670235403E-08,NaN,56.5391199756667,15.0001324247354,15.0000440409585,""
182875.412126541,14.9999999759607,-1.15108032369228E-08,NaN,-1.43885040461525E-08,NaN,56.5390339476508,15.0001336381688,15.0000452544802,""
182890.856626511,15.0000002967279,-1.38925161468932E-08,NaN,-1.7365645183615E-08,NaN,56.5389479196348,15.0001347783496,15.0000463944689,""
182906.30112648,15.0000003975028,-1.51365547793588E-08,NaN,-1.89206934741972E-08,NaN,56.5389435052812,15.0001334648293,15.0000450758794,""
182921.74562645,15.0000001309834,-1.44802693112783E-08,NaN,-1.81003366390973E-08,NaN,56.5389390909277,15.0001318010484,15.0000434063331,""
182937.190126419,14.9999999868271,-1.43315993441112E-08,NaN,-1.7914499180139E-08,NaN,56.5387386929689,15.0001295886073,15.0000411948728,""
182952.634626389,15.0000000471445,-1.5031532866096E-08,NaN,-1.878941608262E-08,NaN,56.5385382950101,15.0001272977595,15.0000389059697,""
182968.079126596,15.0000001691542,-1.520176372038E-08,NaN,-1.90022046504749E-08,NaN,56.5385044101336,15.000129170985,15.0000407735038,""
182983.523626566,15.0000003943442,-1.44857321638183E-08,NaN,-1.81071652047726E-08,NaN,56.5384705252577,15.00013163994,15.0000432356748,""
182998.968126535,15.0000004716729,-1.42436920402175E-08,NaN,-1.78046150502715E-08,NaN,56.5384888920094,15.0001334436093,15.0000450358611,""
183014.412626505,15.0000003014872,-1.47953603041937E-08,NaN,-1.84942003802418E-08,NaN,56.5385072587611,15.0001351519948,15.0000467412363,""
183029.857126474,15.0000001286261,-1.55371045039931E-08,NaN,-1.94213806299906E-08,NaN,56.5385634484581,15.000136454966,15.0000480436947,""
183045.301626444,14.9999999512826,-1.65973989993184E-08,NaN,-2.07467487491461E-08,NaN,56.5386196381551,15.0001376998087,15.0000492883826,""
183060.746126413,14.9999999925769,-1.86794662945512E-08,NaN,-2.33493328681865E-08,NaN,56.5385845225423,15.0001398324015,15.0000514274085,""
183076.190626383,15.0000004005034,-2.24753554783469E-08,NaN,-2.80941943479311E-08,NaN,56.5385494069296,15.0001420924209,15.0000536948066,""
183091.635126352,15.0000005316669,-2.4337505442064E-08,NaN,-3.04218818025779E-08,NaN,56.5386542612806,15.0001392144497,15.0000508104173,""
183107.07962656,15.0000001983229,-2.29534962796516E-08,NaN,-2.86918703495637E-08,NaN,56.5387591156333,15.0001355981639,15.0000471857308,""
183122.52412653,15.0000000206249,-2.19109366686569E-08,NaN,-2.73886708358211E-08,NaN,56.5387146730097,15.0001285439267,15.0000401312104,""
183137.968626499,15.0000001043855,-2.14420429644385E-08,NaN,-2.68025537055479E-08,NaN,56.538670230386,15.0001209951214,15.0000325832896,""
183153.413126469,15.0000002138041,-2.13827040631985E-08,NaN,-2.67283800789977E-08,NaN,56.5385942402281,15.0001158334294,15.0000274176041,""
183168.857626438,15.0000003663612,-2.20120257751128E-08,NaN,-2.75150322188906E-08,NaN,56.5385182500702,15.0001110155149,15.0000225949937,""
183184.302126408,15.0000003154188,-2.40219289056262E-08,NaN,-3.00274111320323E-08,NaN,56.5383143834873,15.0001115739755,15.0000231594848,""
183199.746626377,14.9999999220334,-2.83551894359203E-08,NaN,-3.54439867948999E-08,NaN,56.5381105169045,15.0001129075606,15.0000245006468,""
183215.191126585,14.9999997350881,-3.23084509159815E-08,NaN,-4.03855636449761E-08,NaN,56.5381495289864,15.0001164710122,15.0000280728401,""
183230.635626554,14.9999998958381,-3.56216866339344E-08,NaN,-4.45271082924164E-08,NaN,56.5381885410677,15.0001203563023,15.00003196704,""
183246.081061363,14.9999999632702,-3.83335431876347E-08,NaN,-4.79169289845412E-08,NaN,56.5381581068886,15.000122552719,15.0000341674207,""
183261.524626493,14.9999998734144,-4.00312866965272E-08,NaN,-5.00391083706568E-08,NaN,56.5381276763936,15.0001245048581,15.0000361228087,""
183263.476331711,14.9999998620587,-4.02458417449311E-08,NaN,-5.03073021811618E-08,NaN,NaN,15.0001247515628,15.0000363699239,""
183271.221446514,14.999999816995,-4.10972784612636E-08,NaN,-5.13715980765774E-08,NaN,NaN,NaN,NaN,""
183271.221686363,14.9999998169936,NaN,NaN,NaN,NaN,NaN,NaN,NaN,""

"Data series","Section name","No. of data","Duration","Mean","Slope","Integral","Peak Area"
"Temperature [Temperature]"
"Heat flow [Signal]"
,"Initial baseline",58,1800.74018740654,4.54578944328212E-10,-5.03793446596987E-11,4.91188731990091E-07,
,"Main",5694,175890.677680492,8.49443678931305E-06,-1.39711310910278E-10,1.49383980341803,1.49381031558252
,"Final baseline",54,1660.88420677185,-1.19281634750572E-10,-3.21372531606888E-11,1.94040363046474E-07,
"Heat [Signal]"
,"Initial baseline",58,1800.74018740654,,,,
,"Main",5694,175890.677680492,1.1069858862907,7.23015247038518E-06,,
,"Final baseline",54,1660.88420677185,,,,
"Normalized heat flow [Signal]"
,"Initial baseline",58,1800.74018740654,5.68223680410269E-10,-6.29741808246234E-11,6.13985914987597E-07,
,"Main",5694,175890.677680492,1.06180459866413E-05,-1.74639138637848E-10,1.86729975427255,1.86726289447817
,"Final baseline",54,1660.88420677185,-1.4910204343787E-10,-4.01715664508601E-11,2.42550453798118E-07,
"Normalized heat [Signal]"
,"Initial baseline",58,1800.74018740654,,,,
,"Main",5694,175890.677680492,1.38373235786338,9.03769058798162E-06,,
,"Final baseline",54,1660.88420677185,,,,
"PCB Temperature [PCB Temperature]"
"Ampoule A Temperature [Ampoule A Temperature]"
"Ampoule B Temperature [Ampoule B Temperature]"
